0.00	99950.00	   50.00	    0.00	    0.00	   50.00	0.000	2.380	2.380	    0.00	  4		    0.00	    0.00	   23.00	   27.00	0.000	0.000
1.00	99949.88	   50.12	    0.00	    0.12	   50.12	0.000	2.461	2.460	    0.05	 42		    0.10	    0.02	   23.10	   27.02	0.800	0.200
2.00	99948.41	   51.44	    0.15	    1.54	   51.59	1.587	2.547	2.546	    0.04	 93		    0.96	    0.58	   24.00	   27.59	0.622	0.378
3.00	99935.20	   63.34	    1.46	   13.32	   64.80	0.551	2.458	2.457	    0.06	100		    9.06	    4.26	   32.99	   31.81	0.680	0.320
4.00	99896.01	   97.81	    6.18	   39.19	  103.99	0.358	2.336	2.335	    0.19	100		   26.57	   12.62	   59.56	   44.43	0.678	0.322
5.00	99838.86	  141.96	   19.18	   57.15	  161.14	0.404	2.258	2.256	    0.33	100		   39.04	   18.11	   98.60	   62.54	0.683	0.317
6.00	99771.22	  185.32	   43.46	   67.64	  228.78	0.320	2.204	2.202	    0.42	100		   46.70	   20.94	  145.30	   83.48	0.690	0.310
7.00	99682.10	  239.59	   78.31	   89.12	  317.90	0.262	2.175	2.172	    0.86	100		   62.38	   26.74	  207.68	  110.22	0.700	0.300
8.00	99567.45	  308.78	  123.77	  114.65	  432.55	0.255	2.156	2.152	    1.69	100		   80.48	   34.17	  288.16	  144.39	0.702	0.298
9.00	99418.14	  397.63	  184.23	  149.31	  581.86	0.253	2.144	2.139	    2.92	100		  104.90	   44.41	  393.06	  188.80	0.703	0.297
10.00	99223.73	  515.56	  260.71	  194.41	  776.27	0.256	2.136	2.129	    5.23	100		  137.00	   57.41	  530.06	  246.21	0.705	0.295
11.00	98975.91	  665.11	  358.98	  247.82	 1024.09	0.257	2.132	2.124	    8.27	100		  174.53	   73.29	  704.59	  319.50	0.704	0.296
12.00	98651.04	  863.79	  485.17	  324.87	 1348.96	0.258	2.125	2.115	   13.75	100		  227.17	   97.70	  931.76	  417.20	0.699	0.301
13.00	98232.40	 1119.57	  648.03	  418.64	 1767.60	0.260	2.121	2.108	   23.09	100		  293.17	  125.47	 1224.93	  542.67	0.700	0.300
14.00	97696.48	 1439.49	  864.03	  535.92	 2303.52	0.255	2.115	2.098	   38.13	100		  374.62	  161.30	 1599.55	  703.97	0.699	0.301
15.00	97001.31	 1860.23	 1138.46	  695.17	 2998.69	0.254	2.107	2.086	   63.54	100		  487.48	  207.69	 2087.03	  911.66	0.701	0.299
16.00	96111.24	 2390.02	 1498.74	  890.07	 3888.76	0.254	2.098	2.071	  103.21	100		  626.13	  263.94	 2713.16	 1175.60	0.703	0.297
17.00	94978.61	 3061.81	 1959.58	 1132.63	 5021.39	0.249	2.085	2.052	  165.97	100		  799.12	  333.51	 3512.28	 1509.11	0.706	0.294
18.00	93549.54	 3888.96	 2561.50	 1429.07	 6450.46	0.243	2.070	2.029	  264.58	100		 1007.02	  422.05	 4519.30	 1931.16	0.705	0.295
19.00	91741.17	 4925.53	 3333.30	 1808.37	 8258.83	0.238	2.053	2.002	  420.35	100		 1278.37	  530.00	 5797.67	 2461.16	0.707	0.293
20.00	89502.33	 6168.07	 4329.60	 2238.84	10497.67	0.231	2.032	1.970	  652.99	100		 1584.82	  654.02	 7382.49	 3115.18	0.708	0.292
21.00	86735.31	 7673.44	 5591.25	 2767.02	13264.69	0.222	2.007	1.932	  995.54	100		 1965.04	  801.98	 9347.53	 3917.16	0.710	0.290
22.00	83377.33	 9419.20	 7203.47	 3357.98	16622.67	0.212	1.976	1.887	 1479.91	100		 2391.05	  966.93	11738.58	 4884.09	0.712	0.288
23.00	79393.24	11365.71	 9241.05	 3984.09	20606.76	0.196	1.941	1.838	 2131.04	100		 2854.62	 1129.47	14593.20	 6013.56	0.717	0.283
24.00	74745.00	13470.41	11784.59	 4648.24	25255.00	0.179	1.899	1.781	 2973.53	100		 3345.27	 1302.97	17938.47	 7316.53	0.720	0.280
25.00	69465.97	15603.31	14930.72	 5279.03	30534.03	0.158	1.851	1.720	 3993.48	100		 3822.92	 1456.11	21761.39	 8772.64	0.724	0.276
26.00	63661.84	17579.35	18758.81	 5804.13	36338.16	0.133	1.798	1.656	 5149.51	100		 4235.95	 1568.18	25997.34	10340.82	0.730	0.270
27.00	57529.68	19138.34	23331.98	 6132.16	42470.32	0.102	1.741	1.591	 6360.84	100		 4521.87	 1610.29	30519.21	11951.11	0.737	0.263
28.00	51214.60	20160.22	28625.18	 6315.08	48785.40	0.068	1.683	1.528	 7556.39	100		 4696.82	 1618.26	35216.03	13569.37	0.744	0.256
29.00	45100.32	20274.93	34624.75	 6114.28	54899.68	0.029	1.626	1.469	 8618.52	100		 4607.06	 1507.22	39823.09	15076.59	0.753	0.247
30.00	39347.26	19567.60	41085.14	 5753.06	60652.74	-0.015	1.573	1.416	 9500.75	100		 4383.26	 1369.80	44206.35	16446.39	0.762	0.238
31.00	34183.53	18024.49	47791.98	 5163.73	65816.47	-0.059	1.525	1.370	10176.75	100		 3982.11	 1181.62	48188.46	17628.01	0.771	0.229
32.00	29725.61	15871.02	54403.37	 4457.92	70274.39	-0.105	1.483	1.331	10659.32	100		 3485.71	  972.21	51674.17	18600.22	0.782	0.218
33.00	26018.49	13380.34	60601.17	 3707.12	73981.51	-0.149	1.448	1.299	10980.72	100		 2933.95	  773.17	54608.12	19373.39	0.791	0.209
34.00	23023.62	10846.84	66129.54	 2994.87	76976.38	-0.190	1.419	1.274	11185.49	100		 2399.62	  595.25	57007.74	19968.64	0.801	0.199
35.00	20660.89	 8502.33	70836.78	 2362.73	79339.11	-0.227	1.396	1.254	11307.29	100		 1912.86	  449.87	58920.60	20418.51	0.810	0.190
36.00	18839.61	 6473.48	74686.91	 1821.28	81160.39	-0.258	1.379	1.239	11380.22	100		 1487.40	  333.88	60408.00	20752.39	0.817	0.183
37.00	17461.45	 4833.94	77704.61	 1378.16	82538.55	-0.282	1.365	1.227	11421.73	100		 1133.19	  244.97	61541.19	20997.36	0.822	0.178
38.00	16421.04	 3568.95	80010.01	 1040.41	83578.96	-0.298	1.355	1.218	11445.24	100		  863.47	  176.94	62404.66	21174.30	0.830	0.170
39.00	15652.69	 2595.91	81751.40	  768.35	84347.31	-0.311	1.348	1.212	11458.42	100		  641.62	  126.73	63046.28	21301.03	0.835	0.165
40.00	15081.39	 1889.38	83029.23	  571.30	84918.61	-0.318	1.342	1.207	11465.35	100		  478.89	   92.41	63525.17	21393.44	0.838	0.162
41.00	14661.28	 1367.83	83970.89	  420.11	85338.72	-0.320	1.338	1.204	11468.99	100		  352.16	   67.95	63877.33	21461.39	0.838	0.162
42.00	14353.06	  988.24	84658.70	  308.22	85646.94	-0.324	1.335	1.201	11470.92	100		  259.57	   48.65	64136.90	21510.04	0.842	0.158
43.00	14127.39	  715.73	85156.88	  225.67	85872.61	-0.324	1.333	1.199	11471.95	100		  189.49	   36.18	64326.39	21546.22	0.840	0.160
44.00	13963.84	  517.14	85519.02	  163.55	86036.16	-0.324	1.331	1.198	11472.57	100		  139.63	   23.92	64466.02	21570.14	0.854	0.146
45.00	13843.80	  374.17	85782.03	  120.04	86156.20	-0.324	1.330	1.197	11472.85	100		  101.99	   18.05	64568.01	21588.19	0.850	0.150
46.00	13756.52	  271.74	85971.74	   87.28	86243.48	-0.322	1.329	1.196	11472.99	100		   74.25	   13.03	64642.26	21601.22	0.851	0.149
47.00	13693.17	  196.74	86110.09	   63.35	86306.83	-0.321	1.328	1.196	11473.06	100		   53.82	    9.53	64696.08	21610.75	0.850	0.150
48.00	13646.96	  143.02	86210.02	   46.21	86353.04	-0.321	1.328	1.195	11473.09	100		   39.37	    6.84	64735.45	21617.59	0.852	0.148
49.00	13612.96	  104.26	86282.78	   34.00	86387.04	-0.317	1.328	1.195	11473.11	100		   28.54	    5.46	64763.99	21623.05	0.839	0.161
50.00	13587.96	   76.20	86335.84	   25.00	86412.04	-0.315	1.327	1.195	11473.14	100		   21.36	    3.64	64785.35	21626.69	0.854	0.146
51.00	13570.52	   54.85	86374.63	   17.44	86429.48	-0.321	1.327	1.195	11473.16	100		   14.78	    2.66	64800.13	21629.35	0.847	0.153
52.00	13557.32	   40.53	86402.15	   13.20	86442.68	-0.316	1.327	1.194	11473.17	100		   11.05	    2.15	64811.18	21631.50	0.837	0.163
53.00	13547.54	   29.47	86422.99	    9.78	86452.46	-0.311	1.327	1.194	11473.17	100		    8.19	    1.59	64819.37	21633.09	0.837	0.163
54.00	13540.72	   21.10	86438.18	    6.82	86459.28	-0.326	1.327	1.194	11473.17	100		    5.80	    1.02	64825.17	21634.11	0.850	0.150
55.00	13536.07	   14.93	86449.00	    4.65	86463.93	-0.340	1.327	1.194	11473.17	100		    3.90	    0.75	64829.07	21634.86	0.839	0.161
56.00	13532.35	   11.06	86456.59	    3.72	86467.65	-0.323	1.327	1.194	11473.17	100		    3.16	    0.56	64832.23	21635.42	0.849	0.151
57.00	13529.84	    7.86	86462.30	    2.51	86470.16	-0.321	1.327	1.194	11473.17	100		    2.12	    0.39	64834.35	21635.81	0.845	0.155
58.00	13528.14	    5.40	86466.46	    1.70	86471.86	-0.358	1.327	1.194	11473.17	100		    1.31	    0.39	64835.66	21636.20	0.771	0.229
59.00	13526.82	    4.05	86469.13	    1.32	86473.18	-0.332	1.327	1.194	11473.17	100		    1.15	    0.17	64836.81	21636.37	0.871	0.129
60.00	13525.87	    2.84	86471.29	    0.95	86474.13	-0.321	1.327	1.194	11473.17	100		    0.79	    0.16	64837.60	21636.53	0.832	0.168
61.00	13525.10	    2.26	86472.64	    0.77	86474.90	-0.292	1.327	1.194	11473.17	100		    0.66	    0.11	64838.26	21636.64	0.857	0.143
62.00	13524.57	    1.68	86473.75	    0.53	86475.43	-0.263	1.327	1.194	11473.17	100		    0.42	    0.11	64838.68	21636.75	0.792	0.208
63.00	13524.21	    1.15	86474.64	    0.36	86475.79	-0.338	1.327	1.194	11473.17	100		    0.32	    0.04	64839.00	21636.79	0.889	0.111
64.00	13523.91	    0.83	86475.26	    0.30	86476.09	-0.353	1.327	1.194	11473.17	100		    0.24	    0.06	64839.24	21636.85	0.800	0.200
65.00	13523.74	    0.61	86475.65	    0.17	86476.26	-0.317	1.327	1.194	11473.17	100		    0.17	    0.00	64839.41	21636.85	1.000	0.000
66.00	13523.52	    0.59	86475.89	    0.22	86476.48	-0.171	1.327	1.194	11473.17	100		    0.21	    0.01	64839.62	21636.86	0.955	0.045
67.00	13523.34	    0.49	86476.17	    0.18	86476.66	-0.110	1.327	1.194	11473.17	100		    0.15	    0.03	64839.77	21636.89	0.833	0.167
68.00	13523.28	    0.25	86476.47	    0.06	86476.72	-0.429	1.327	1.194	11473.17	100		    0.05	    0.01	64839.82	21636.90	0.833	0.167
69.00	13523.18	    0.28	86476.54	    0.10	86476.82	-0.280	1.327	1.194	11473.17	100		    0.10	    0.00	64839.92	21636.90	1.000	0.000
70.00	13523.10	    0.22	86476.68	    0.08	86476.90	-0.064	1.327	1.194	11473.17	100		    0.07	    0.01	64839.99	21636.91	0.875	0.125
71.00	13523.08	    0.12	86476.80	    0.02	86476.92	-0.424	1.327	1.194	11473.17	100		    0.01	    0.01	64840.00	21636.92	0.500	0.500
72.00	13523.00	    0.19	86476.81	    0.08	86477.00	-0.073	1.327	1.194	11473.17	100		    0.08	    0.00	64840.08	21636.92	1.000	0.000
73.00	13522.97	    0.10	86476.93	    0.03	86477.03	-0.091	1.327	1.194	11473.17	100		    0.03	    0.00	64840.11	21636.92	1.000	0.000
74.00	13522.95	    0.07	86476.98	    0.02	86477.05	-0.499	1.327	1.194	11473.17	100		    0.01	    0.01	64840.12	21636.93	0.500	0.500
75.00	13522.91	    0.10	86476.99	    0.04	86477.09	0.000	1.327	1.194	11473.17	100		    0.04	    0.00	64840.16	21636.93	1.000	0.000
76.00	13522.89	    0.05	86477.06	    0.02	86477.11	-0.168	1.327	1.194	11473.17	100		    0.02	    0.00	64840.18	21636.93	1.000	0.000
77.00	13522.88	    0.04	86477.08	    0.01	86477.12	-0.458	1.327	1.194	11473.17	100		    0.00	    0.01	64840.18	21636.94	0.000	1.000
78.00	13522.88	    0.03	86477.09	    0.00	86477.12	-0.255	1.327	1.194	11473.17	100		    0.00	    0.00	64840.18	21636.94	0.000	0.000
79.00	13522.87	    0.04	86477.09	    0.01	86477.13	0.000	1.327	1.194	11473.17	100		    0.01	    0.00	64840.19	21636.94	1.000	0.000
80.00	13522.86	    0.04	86477.10	    0.01	86477.14	0.144	1.327	1.194	11473.17	100		    0.01	    0.00	64840.20	21636.94	1.000	0.000
81.00	13522.84	    0.04	86477.12	    0.02	86477.16	0.000	1.327	1.194	11473.17	100		    0.02	    0.00	64840.22	21636.94	1.000	0.000
82.00	13522.84	    0.01	86477.15	    0.00	86477.16	-0.693	1.327	1.194	11473.17	100		    0.00	    0.00	64840.22	21636.94	0.000	0.000
83.00	13522.83	    0.02	86477.15	    0.01	86477.17	-0.347	1.327	1.194	11473.17	100		    0.01	    0.00	64840.23	21636.94	1.000	0.000
84.00	13522.83	    0.00	86477.17	    0.00	86477.17	0.000	1.327	1.194	11473.17	100		    0.00	    0.00	64840.23	21636.94	0.000	0.000
85.00	13522.83	    0.00	86477.17	    0.00	86477.17	-0.347	1.327	1.194	11473.17	100		    0.00	    0.00	64840.23	21636.94	0.000	0.000
86.00	13522.83	    0.00	86477.17	    0.00	86477.17	0.000	1.327	1.194	11473.17	100		    0.00	    0.00	64840.23	21636.94	0.000	0.000
87.00	13522.83	    0.00	86477.17	    0.00	86477.17	0.000	1.327	1.194	11473.17	100		    0.00	    0.00	64840.23	21636.94	0.000	0.000
88.00	13522.83	    0.00	86477.17	    0.00	86477.17	0.000	1.327	1.194	11473.17	100		    0.00	    0.00	64840.23	21636.94	0.000	0.000
89.00	13522.83	    0.00	86477.17	    0.00	86477.17	0.000	1.327	1.194	11473.17	100		    0.00	    0.00	64840.23	21636.94	0.000	0.000
90.00	13522.83	    0.00	86477.17	    0.00	86477.17	0.000	1.327	1.194	11473.17	100		    0.00	    0.00	64840.23	21636.94	0.000	0.000
91.00	13522.83	    0.00	86477.17	    0.00	86477.17	0.000	1.327	1.194	11473.17	100		    0.00	    0.00	64840.23	21636.94	0.000	0.000
92.00	13522.83	    0.00	86477.17	    0.00	86477.17	0.000	1.327	1.194	11473.17	100		    0.00	    0.00	64840.23	21636.94	0.000	0.000
93.00	13522.83	    0.00	86477.17	    0.00	86477.17	0.000	1.327	1.194	11473.17	100		    0.00	    0.00	64840.23	21636.94	0.000	0.000
94.00	13522.83	    0.00	86477.17	    0.00	86477.17	0.000	1.327	1.194	11473.17	100		    0.00	    0.00	64840.23	21636.94	0.000	0.000
95.00	13522.83	    0.00	86477.17	    0.00	86477.17	0.000	1.327	1.194	11473.17	100		    0.00	    0.00	64840.23	21636.94	0.000	0.000
96.00	13522.83	    0.00	86477.17	    0.00	86477.17	0.000	1.327	1.194	11473.17	100		    0.00	    0.00	64840.23	21636.94	0.000	0.000
97.00	13522.83	    0.00	86477.17	    0.00	86477.17	0.000	1.327	1.194	11473.17	100		    0.00	    0.00	64840.23	21636.94	0.000	0.000
98.00	13522.83	    0.00	86477.17	    0.00	86477.17	0.000	1.327	1.194	11473.17	100		    0.00	    0.00	64840.23	21636.94	0.000	0.000
99.00	13522.83	    0.00	86477.17	    0.00	86477.17	0.000	1.327	1.194	11473.17	100		    0.00	    0.00	64840.23	21636.94	0.000	0.000
100.00	13522.83	    0.00	86477.17	    0.00	86477.17	0.000	1.327	1.194	11473.17	100		    0.00	    0.00	64840.23	21636.94	0.000	0.000
101.00	13522.83	    0.00	86477.17	    0.00	86477.17	0.000	1.327	1.194	11473.17	100		    0.00	    0.00	64840.23	21636.94	0.000	0.000
102.00	13522.83	    0.00	86477.17	    0.00	86477.17	0.000	1.327	1.194	11473.17	100		    0.00	    0.00	64840.23	21636.94	0.000	0.000
103.00	13522.83	    0.00	86477.17	    0.00	86477.17	0.000	1.327	1.194	11473.17	100		    0.00	    0.00	64840.23	21636.94	0.000	0.000
104.00	13522.83	    0.00	86477.17	    0.00	86477.17	0.000	1.327	1.194	11473.17	100		    0.00	    0.00	64840.23	21636.94	0.000	0.000
105.00	13522.83	    0.00	86477.17	    0.00	86477.17	0.000	1.327	1.194	11473.17	100		    0.00	    0.00	64840.23	21636.94	0.000	0.000
106.00	13522.83	    0.00	86477.17	    0.00	86477.17	0.000	1.327	1.194	11473.17	100		    0.00	    0.00	64840.23	21636.94	0.000	0.000
107.00	13522.83	    0.00	86477.17	    0.00	86477.17	0.000	1.327	1.194	11473.17	100		    0.00	    0.00	64840.23	21636.94	0.000	0.000
108.00	13522.83	    0.00	86477.17	    0.00	86477.17	0.000	1.327	1.194	11473.17	100		    0.00	    0.00	64840.23	21636.94	0.000	0.000
109.00	13522.83	    0.00	86477.17	    0.00	86477.17	0.000	1.327	1.194	11473.17	100		    0.00	    0.00	64840.23	21636.94	0.000	0.000
110.00	13522.83	    0.00	86477.17	    0.00	86477.17	0.000	1.327	1.194	11473.17	100		    0.00	    0.00	64840.23	21636.94	0.000	0.000
111.00	13522.83	    0.00	86477.17	    0.00	86477.17	0.000	1.327	1.194	11473.17	100		    0.00	    0.00	64840.23	21636.94	0.000	0.000
112.00	13522.83	    0.00	86477.17	    0.00	86477.17	0.000	1.327	1.194	11473.17	100		    0.00	    0.00	64840.23	21636.94	0.000	0.000
113.00	13522.83	    0.00	86477.17	    0.00	86477.17	0.000	1.327	1.194	11473.17	100		    0.00	    0.00	64840.23	21636.94	0.000	0.000
114.00	13522.83	    0.00	86477.17	    0.00	86477.17	0.000	1.327	1.194	11473.17	100		    0.00	    0.00	64840.23	21636.94	0.000	0.000
115.00	13522.83	    0.00	86477.17	    0.00	86477.17	0.000	1.327	1.194	11473.17	100		    0.00	    0.00	64840.23	21636.94	0.000	0.000
116.00	13522.83	    0.00	86477.17	    0.00	86477.17	0.000	1.327	1.194	11473.17	100		    0.00	    0.00	64840.23	21636.94	0.000	0.000
117.00	13522.83	    0.00	86477.17	    0.00	86477.17	0.000	1.327	1.194	11473.17	100		    0.00	    0.00	64840.23	21636.94	0.000	0.000
118.00	13522.83	    0.00	86477.17	    0.00	86477.17	0.000	1.327	1.194	11473.17	100		    0.00	    0.00	64840.23	21636.94	0.000	0.000
119.00	13522.83	    0.00	86477.17	    0.00	86477.17	0.000	1.327	1.194	11473.17	100		    0.00	    0.00	64840.23	21636.94	0.000	0.000
120.00	13522.83	    0.00	86477.17	    0.00	86477.17	0.000	1.327	1.194	11473.17	100		    0.00	    0.00	64840.23	21636.94	0.000	0.000
121.00	13522.83	    0.00	86477.17	    0.00	86477.17	0.000	1.327	1.194	11473.17	100		    0.00	    0.00	64840.23	21636.94	0.000	0.000
122.00	13522.83	    0.00	86477.17	    0.00	86477.17	0.000	1.327	1.194	11473.17	100		    0.00	    0.00	64840.23	21636.94	0.000	0.000
123.00	13522.83	    0.00	86477.17	    0.00	86477.17	0.000	1.327	1.194	11473.17	100		    0.00	    0.00	64840.23	21636.94	0.000	0.000
124.00	13522.83	    0.00	86477.17	    0.00	86477.17	0.000	1.327	1.194	11473.17	100		    0.00	    0.00	64840.23	21636.94	0.000	0.000
125.00	13522.83	    0.00	86477.17	    0.00	86477.17	0.000	1.327	1.194	11473.17	100		    0.00	    0.00	64840.23	21636.94	0.000	0.000
126.00	13522.83	    0.00	86477.17	    0.00	86477.17	0.000	1.327	1.194	11473.17	100		    0.00	    0.00	64840.23	21636.94	0.000	0.000
127.00	13522.83	    0.00	86477.17	    0.00	86477.17	0.000	1.327	1.194	11473.17	100		    0.00	    0.00	64840.23	21636.94	0.000	0.000
128.00	13522.83	    0.00	86477.17	    0.00	86477.17	0.000	1.327	1.194	11473.17	100		    0.00	    0.00	64840.23	21636.94	0.000	0.000
129.00	13522.83	    0.00	86477.17	    0.00	86477.17	0.000	1.327	1.194	11473.17	100		    0.00	    0.00	64840.23	21636.94	0.000	0.000
130.00	13522.83	    0.00	86477.17	    0.00	86477.17	0.000	1.327	1.194	11473.17	100		    0.00	    0.00	64840.23	21636.94	0.000	0.000
131.00	13522.83	    0.00	86477.17	    0.00	86477.17	0.000	1.327	1.194	11473.17	100		    0.00	    0.00	64840.23	21636.94	0.000	0.000
132.00	13522.83	    0.00	86477.17	    0.00	86477.17	0.000	1.327	1.194	11473.17	100		    0.00	    0.00	64840.23	21636.94	0.000	0.000
133.00	13522.83	    0.00	86477.17	    0.00	86477.17	0.000	1.327	1.194	11473.17	100		    0.00	    0.00	64840.23	21636.94	0.000	0.000
134.00	13522.83	    0.00	86477.17	    0.00	86477.17	0.000	1.327	1.194	11473.17	100		    0.00	    0.00	64840.23	21636.94	0.000	0.000
135.00	13522.83	    0.00	86477.17	    0.00	86477.17	0.000	1.327	1.194	11473.17	100		    0.00	    0.00	64840.23	21636.94	0.000	0.000
136.00	13522.83	    0.00	86477.17	    0.00	86477.17	0.000	1.327	1.194	11473.17	100		    0.00	    0.00	64840.23	21636.94	0.000	0.000
137.00	13522.83	    0.00	86477.17	    0.00	86477.17	0.000	1.327	1.194	11473.17	100		    0.00	    0.00	64840.23	21636.94	0.000	0.000
138.00	13522.83	    0.00	86477.17	    0.00	86477.17	0.000	1.327	1.194	11473.17	100		    0.00	    0.00	64840.23	21636.94	0.000	0.000
139.00	13522.83	    0.00	86477.17	    0.00	86477.17	0.000	1.327	1.194	11473.17	100		    0.00	    0.00	64840.23	21636.94	0.000	0.000
140.00	13522.83	    0.00	86477.17	    0.00	86477.17	0.000	1.327	1.194	11473.17	100		    0.00	    0.00	64840.23	21636.94	0.000	0.000
141.00	13522.83	    0.00	86477.17	    0.00	86477.17	0.000	1.327	1.194	11473.17	100		    0.00	    0.00	64840.23	21636.94	0.000	0.000
142.00	13522.83	    0.00	86477.17	    0.00	86477.17	0.000	1.327	1.194	11473.17	100		    0.00	    0.00	64840.23	21636.94	0.000	0.000
143.00	13522.83	    0.00	86477.17	    0.00	86477.17	0.000	1.327	1.194	11473.17	100		    0.00	    0.00	64840.23	21636.94	0.000	0.000
144.00	13522.83	    0.00	86477.17	    0.00	86477.17	0.000	1.327	1.194	11473.17	100		    0.00	    0.00	64840.23	21636.94	0.000	0.000
145.00	13522.83	    0.00	86477.17	    0.00	86477.17	0.000	1.327	1.194	11473.17	100		    0.00	    0.00	64840.23	21636.94	0.000	0.000
146.00	13522.83	    0.00	86477.17	    0.00	86477.17	0.000	1.327	1.194	11473.17	100		    0.00	    0.00	64840.23	21636.94	0.000	0.000
147.00	13522.83	    0.00	86477.17	    0.00	86477.17	0.000	1.327	1.194	11473.17	100		    0.00	    0.00	64840.23	21636.94	0.000	0.000
148.00	13522.83	    0.00	86477.17	    0.00	86477.17	0.000	1.327	1.194	11473.17	100		    0.00	    0.00	64840.23	21636.94	0.000	0.000
149.00	13522.83	    0.00	86477.17	    0.00	86477.17	0.000	1.327	1.194	11473.17	100		    0.00	    0.00	64840.23	21636.94	0.000	0.000
150.00	13522.83	    0.00	86477.17	    0.00	86477.17	0.000	1.327	1.194	11473.17	100		    0.00	    0.00	64840.23	21636.94	0.000	0.000
151.00	13522.83	    0.00	86477.17	    0.00	86477.17	0.000	1.327	1.194	11473.17	100		    0.00	    0.00	64840.23	21636.94	0.000	0.000
152.00	13522.83	    0.00	86477.17	    0.00	86477.17	0.000	1.327	1.194	11473.17	100		    0.00	    0.00	64840.23	21636.94	0.000	0.000
153.00	13522.83	    0.00	86477.17	    0.00	86477.17	0.000	1.327	1.194	11473.17	100		    0.00	    0.00	64840.23	21636.94	0.000	0.000
154.00	13522.83	    0.00	86477.17	    0.00	86477.17	0.000	1.327	1.194	11473.17	100		    0.00	    0.00	64840.23	21636.94	0.000	0.000
155.00	13522.83	    0.00	86477.17	    0.00	86477.17	0.000	1.327	1.194	11473.17	100		    0.00	    0.00	64840.23	21636.94	0.000	0.000
156.00	13522.83	    0.00	86477.17	    0.00	86477.17	0.000	1.327	1.194	11473.17	100		    0.00	    0.00	64840.23	21636.94	0.000	0.000
157.00	13522.83	    0.00	86477.17	    0.00	86477.17	0.000	1.327	1.194	11473.17	100		    0.00	    0.00	64840.23	21636.94	0.000	0.000
158.00	13522.83	    0.00	86477.17	    0.00	86477.17	0.000	1.327	1.194	11473.17	100		    0.00	    0.00	64840.23	21636.94	0.000	0.000
159.00	13522.83	    0.00	86477.17	    0.00	86477.17	0.000	1.327	1.194	11473.17	100		    0.00	    0.00	64840.23	21636.94	0.000	0.000
160.00	13522.83	    0.00	86477.17	    0.00	86477.17	0.000	1.327	1.194	11473.17	100		    0.00	    0.00	64840.23	21636.94	0.000	0.000
161.00	13522.83	    0.00	86477.17	    0.00	86477.17	0.000	1.327	1.194	11473.17	100		    0.00	    0.00	64840.23	21636.94	0.000	0.000
162.00	13522.83	    0.00	86477.17	    0.00	86477.17	0.000	1.327	1.194	11473.17	100		    0.00	    0.00	64840.23	21636.94	0.000	0.000
163.00	13522.83	    0.00	86477.17	    0.00	86477.17	0.000	1.327	1.194	11473.17	100		    0.00	    0.00	64840.23	21636.94	0.000	0.000
164.00	13522.83	    0.00	86477.17	    0.00	86477.17	0.000	1.327	1.194	11473.17	100		    0.00	    0.00	64840.23	21636.94	0.000	0.000
165.00	13522.83	    0.00	86477.17	    0.00	86477.17	0.000	1.327	1.194	11473.17	100		    0.00	    0.00	64840.23	21636.94	0.000	0.000
166.00	13522.83	    0.00	86477.17	    0.00	86477.17	0.000	1.327	1.194	11473.17	100		    0.00	    0.00	64840.23	21636.94	0.000	0.000
167.00	13522.83	    0.00	86477.17	    0.00	86477.17	0.000	1.327	1.194	11473.17	100		    0.00	    0.00	64840.23	21636.94	0.000	0.000
168.00	13522.83	    0.00	86477.17	    0.00	86477.17	0.000	1.327	1.194	11473.17	100		    0.00	    0.00	64840.23	21636.94	0.000	0.000
169.00	13522.83	    0.00	86477.17	    0.00	86477.17	0.000	1.327	1.194	11473.17	100		    0.00	    0.00	64840.23	21636.94	0.000	0.000
170.00	13522.83	    0.00	86477.17	    0.00	86477.17	0.000	1.327	1.194	11473.17	100		    0.00	    0.00	64840.23	21636.94	0.000	0.000
171.00	13522.83	    0.00	86477.17	    0.00	86477.17	0.000	1.327	1.194	11473.17	100		    0.00	    0.00	64840.23	21636.94	0.000	0.000
172.00	13522.83	    0.00	86477.17	    0.00	86477.17	0.000	1.327	1.194	11473.17	100		    0.00	    0.00	64840.23	21636.94	0.000	0.000
173.00	13522.83	    0.00	86477.17	    0.00	86477.17	0.000	1.327	1.194	11473.17	100		    0.00	    0.00	64840.23	21636.94	0.000	0.000
174.00	13522.83	    0.00	86477.17	    0.00	86477.17	0.000	1.327	1.194	11473.17	100		    0.00	    0.00	64840.23	21636.94	0.000	0.000
175.00	13522.83	    0.00	86477.17	    0.00	86477.17	0.000	1.327	1.194	11473.17	100		    0.00	    0.00	64840.23	21636.94	0.000	0.000
176.00	13522.83	    0.00	86477.17	    0.00	86477.17	0.000	1.327	1.194	11473.17	100		    0.00	    0.00	64840.23	21636.94	0.000	0.000
177.00	13522.83	    0.00	86477.17	    0.00	86477.17	0.000	1.327	1.194	11473.17	100		    0.00	    0.00	64840.23	21636.94	0.000	0.000
178.00	13522.83	    0.00	86477.17	    0.00	86477.17	0.000	1.327	1.194	11473.17	100		    0.00	    0.00	64840.23	21636.94	0.000	0.000
179.00	13522.83	    0.00	86477.17	    0.00	86477.17	0.000	1.327	1.194	11473.17	100		    0.00	    0.00	64840.23	21636.94	0.000	0.000
180.00	13522.83	    0.00	86477.17	    0.00	86477.17	0.000	1.327	1.194	11473.17	100		    0.00	    0.00	64840.23	21636.94	0.000	0.000
181.00	13522.83	    0.00	86477.17	    0.00	86477.17	0.000	1.327	1.194	11473.17	100		    0.00	    0.00	64840.23	21636.94	0.000	0.000
182.00	13522.83	    0.00	86477.17	    0.00	86477.17	0.000	1.327	1.194	11473.17	100		    0.00	    0.00	64840.23	21636.94	0.000	0.000
183.00	13522.83	    0.00	86477.17	    0.00	86477.17	0.000	1.327	1.194	11473.17	100		    0.00	    0.00	64840.23	21636.94	0.000	0.000
184.00	13522.83	    0.00	86477.17	    0.00	86477.17	0.000	1.327	1.194	11473.17	100		    0.00	    0.00	64840.23	21636.94	0.000	0.000
185.00	13522.83	    0.00	86477.17	    0.00	86477.17	0.000	1.327	1.194	11473.17	100		    0.00	    0.00	64840.23	21636.94	0.000	0.000
186.00	13522.83	    0.00	86477.17	    0.00	86477.17	0.000	1.327	1.194	11473.17	100		    0.00	    0.00	64840.23	21636.94	0.000	0.000
187.00	13522.83	    0.00	86477.17	    0.00	86477.17	0.000	1.327	1.194	11473.17	100		    0.00	    0.00	64840.23	21636.94	0.000	0.000
188.00	13522.83	    0.00	86477.17	    0.00	86477.17	0.000	1.327	1.194	11473.17	100		    0.00	    0.00	64840.23	21636.94	0.000	0.000
189.00	13522.83	    0.00	86477.17	    0.00	86477.17	0.000	1.327	1.194	11473.17	100		    0.00	    0.00	64840.23	21636.94	0.000	0.000
190.00	13522.83	    0.00	86477.17	    0.00	86477.17	0.000	1.327	1.194	11473.17	100		    0.00	    0.00	64840.23	21636.94	0.000	0.000
191.00	13522.83	    0.00	86477.17	    0.00	86477.17	0.000	1.327	1.194	11473.17	100		    0.00	    0.00	64840.23	21636.94	0.000	0.000
192.00	13522.83	    0.00	86477.17	    0.00	86477.17	0.000	1.327	1.194	11473.17	100		    0.00	    0.00	64840.23	21636.94	0.000	0.000
193.00	13522.83	    0.00	86477.17	    0.00	86477.17	0.000	1.327	1.194	11473.17	100		    0.00	    0.00	64840.23	21636.94	0.000	0.000
194.00	13522.83	    0.00	86477.17	    0.00	86477.17	0.000	1.327	1.194	11473.17	100		    0.00	    0.00	64840.23	21636.94	0.000	0.000
195.00	13522.83	    0.00	86477.17	    0.00	86477.17	0.000	1.327	1.194	11473.17	100		    0.00	    0.00	64840.23	21636.94	0.000	0.000
196.00	13522.83	    0.00	86477.17	    0.00	86477.17	0.000	1.327	1.194	11473.17	100		    0.00	    0.00	64840.23	21636.94	0.000	0.000
197.00	13522.83	    0.00	86477.17	    0.00	86477.17	0.000	1.327	1.194	11473.17	100		    0.00	    0.00	64840.23	21636.94	0.000	0.000
198.00	13522.83	    0.00	86477.17	    0.00	86477.17	0.000	1.327	1.194	11473.17	100		    0.00	    0.00	64840.23	21636.94	0.000	0.000
199.00	13522.83	    0.00	86477.17	    0.00	86477.17	0.000	1.327	1.194	11473.17	100		    0.00	    0.00	64840.23	21636.94	0.000	0.000
200.00	13522.83	    0.00	86477.17	    0.00	86477.17	0.000	1.327	1.194	11473.17	100		    0.00	    0.00	64840.23	21636.94	0.000	0.000
201.00	13522.83	    0.00	86477.17	    0.00	86477.17	0.000	1.327	1.194	11473.17	100		    0.00	    0.00	64840.23	21636.94	0.000	0.000
202.00	13522.83	    0.00	86477.17	    0.00	86477.17	0.000	1.327	1.194	11473.17	100		    0.00	    0.00	64840.23	21636.94	0.000	0.000
203.00	13522.83	    0.00	86477.17	    0.00	86477.17	0.000	1.327	1.194	11473.17	100		    0.00	    0.00	64840.23	21636.94	0.000	0.000
204.00	13522.83	    0.00	86477.17	    0.00	86477.17	0.000	1.327	1.194	11473.17	100		    0.00	    0.00	64840.23	21636.94	0.000	0.000
205.00	13522.83	    0.00	86477.17	    0.00	86477.17	0.000	1.327	1.194	11473.17	100		    0.00	    0.00	64840.23	21636.94	0.000	0.000
206.00	13522.83	    0.00	86477.17	    0.00	86477.17	0.000	1.327	1.194	11473.17	100		    0.00	    0.00	64840.23	21636.94	0.000	0.000
207.00	13522.83	    0.00	86477.17	    0.00	86477.17	0.000	1.327	1.194	11473.17	100		    0.00	    0.00	64840.23	21636.94	0.000	0.000
208.00	13522.83	    0.00	86477.17	    0.00	86477.17	0.000	1.327	1.194	11473.17	100		    0.00	    0.00	64840.23	21636.94	0.000	0.000
209.00	13522.83	    0.00	86477.17	    0.00	86477.17	0.000	1.327	1.194	11473.17	100		    0.00	    0.00	64840.23	21636.94	0.000	0.000
210.00	13522.83	    0.00	86477.17	    0.00	86477.17	0.000	1.327	1.194	11473.17	100		    0.00	    0.00	64840.23	21636.94	0.000	0.000
211.00	13522.83	    0.00	86477.17	    0.00	86477.17	0.000	1.327	1.194	11473.17	100		    0.00	    0.00	64840.23	21636.94	0.000	0.000
212.00	13522.83	    0.00	86477.17	    0.00	86477.17	0.000	1.327	1.194	11473.17	100		    0.00	    0.00	64840.23	21636.94	0.000	0.000
213.00	13522.83	    0.00	86477.17	    0.00	86477.17	0.000	1.327	1.194	11473.17	100		    0.00	    0.00	64840.23	21636.94	0.000	0.000
214.00	13522.83	    0.00	86477.17	    0.00	86477.17	0.000	1.327	1.194	11473.17	100		    0.00	    0.00	64840.23	21636.94	0.000	0.000
215.00	13522.83	    0.00	86477.17	    0.00	86477.17	0.000	1.327	1.194	11473.17	100		    0.00	    0.00	64840.23	21636.94	0.000	0.000
216.00	13522.83	    0.00	86477.17	    0.00	86477.17	0.000	1.327	1.194	11473.17	100		    0.00	    0.00	64840.23	21636.94	0.000	0.000
217.00	13522.83	    0.00	86477.17	    0.00	86477.17	0.000	1.327	1.194	11473.17	100		    0.00	    0.00	64840.23	21636.94	0.000	0.000
218.00	13522.83	    0.00	86477.17	    0.00	86477.17	0.000	1.327	1.194	11473.17	100		    0.00	    0.00	64840.23	21636.94	0.000	0.000
219.00	13522.83	    0.00	86477.17	    0.00	86477.17	0.000	1.327	1.194	11473.17	100		    0.00	    0.00	64840.23	21636.94	0.000	0.000
220.00	13522.83	    0.00	86477.17	    0.00	86477.17	0.000	1.327	1.194	11473.17	100		    0.00	    0.00	64840.23	21636.94	0.000	0.000
221.00	13522.83	    0.00	86477.17	    0.00	86477.17	0.000	1.327	1.194	11473.17	100		    0.00	    0.00	64840.23	21636.94	0.000	0.000
222.00	13522.83	    0.00	86477.17	    0.00	86477.17	0.000	1.327	1.194	11473.17	100		    0.00	    0.00	64840.23	21636.94	0.000	0.000
223.00	13522.83	    0.00	86477.17	    0.00	86477.17	0.000	1.327	1.194	11473.17	100		    0.00	    0.00	64840.23	21636.94	0.000	0.000
224.00	13522.83	    0.00	86477.17	    0.00	86477.17	0.000	1.327	1.194	11473.17	100		    0.00	    0.00	64840.23	21636.94	0.000	0.000
225.00	13522.83	    0.00	86477.17	    0.00	86477.17	0.000	1.327	1.194	11473.17	100		    0.00	    0.00	64840.23	21636.94	0.000	0.000
226.00	13522.83	    0.00	86477.17	    0.00	86477.17	0.000	1.327	1.194	11473.17	100		    0.00	    0.00	64840.23	21636.94	0.000	0.000
227.00	13522.83	    0.00	86477.17	    0.00	86477.17	0.000	1.327	1.194	11473.17	100		    0.00	    0.00	64840.23	21636.94	0.000	0.000
228.00	13522.83	    0.00	86477.17	    0.00	86477.17	0.000	1.327	1.194	11473.17	100		    0.00	    0.00	64840.23	21636.94	0.000	0.000
229.00	13522.83	    0.00	86477.17	    0.00	86477.17	0.000	1.327	1.194	11473.17	100		    0.00	    0.00	64840.23	21636.94	0.000	0.000
230.00	13522.83	    0.00	86477.17	    0.00	86477.17	0.000	1.327	1.194	11473.17	100		    0.00	    0.00	64840.23	21636.94	0.000	0.000
231.00	13522.83	    0.00	86477.17	    0.00	86477.17	0.000	1.327	1.194	11473.17	100		    0.00	    0.00	64840.23	21636.94	0.000	0.000
232.00	13522.83	    0.00	86477.17	    0.00	86477.17	0.000	1.327	1.194	11473.17	100		    0.00	    0.00	64840.23	21636.94	0.000	0.000
233.00	13522.83	    0.00	86477.17	    0.00	86477.17	0.000	1.327	1.194	11473.17	100		    0.00	    0.00	64840.23	21636.94	0.000	0.000
234.00	13522.83	    0.00	86477.17	    0.00	86477.17	0.000	1.327	1.194	11473.17	100		    0.00	    0.00	64840.23	21636.94	0.000	0.000
235.00	13522.83	    0.00	86477.17	    0.00	86477.17	0.000	1.327	1.194	11473.17	100		    0.00	    0.00	64840.23	21636.94	0.000	0.000
236.00	13522.83	    0.00	86477.17	    0.00	86477.17	0.000	1.327	1.194	11473.17	100		    0.00	    0.00	64840.23	21636.94	0.000	0.000
237.00	13522.83	    0.00	86477.17	    0.00	86477.17	0.000	1.327	1.194	11473.17	100		    0.00	    0.00	64840.23	21636.94	0.000	0.000
238.00	13522.83	    0.00	86477.17	    0.00	86477.17	0.000	1.327	1.194	11473.17	100		    0.00	    0.00	64840.23	21636.94	0.000	0.000
239.00	13522.83	    0.00	86477.17	    0.00	86477.17	0.000	1.327	1.194	11473.17	100		    0.00	    0.00	64840.23	21636.94	0.000	0.000
240.00	13522.83	    0.00	86477.17	    0.00	86477.17	0.000	1.327	1.194	11473.17	100		    0.00	    0.00	64840.23	21636.94	0.000	0.000
241.00	13522.83	    0.00	86477.17	    0.00	86477.17	0.000	1.327	1.194	11473.17	100		    0.00	    0.00	64840.23	21636.94	0.000	0.000
242.00	13522.83	    0.00	86477.17	    0.00	86477.17	0.000	1.327	1.194	11473.17	100		    0.00	    0.00	64840.23	21636.94	0.000	0.000
243.00	13522.83	    0.00	86477.17	    0.00	86477.17	0.000	1.327	1.194	11473.17	100		    0.00	    0.00	64840.23	21636.94	0.000	0.000
244.00	13522.83	    0.00	86477.17	    0.00	86477.17	0.000	1.327	1.194	11473.17	100		    0.00	    0.00	64840.23	21636.94	0.000	0.000
245.00	13522.83	    0.00	86477.17	    0.00	86477.17	0.000	1.327	1.194	11473.17	100		    0.00	    0.00	64840.23	21636.94	0.000	0.000
246.00	13522.83	    0.00	86477.17	    0.00	86477.17	0.000	1.327	1.194	11473.17	100		    0.00	    0.00	64840.23	21636.94	0.000	0.000
247.00	13522.83	    0.00	86477.17	    0.00	86477.17	0.000	1.327	1.194	11473.17	100		    0.00	    0.00	64840.23	21636.94	0.000	0.000
248.00	13522.83	    0.00	86477.17	    0.00	86477.17	0.000	1.327	1.194	11473.17	100		    0.00	    0.00	64840.23	21636.94	0.000	0.000
249.00	13522.83	    0.00	86477.17	    0.00	86477.17	0.000	1.327	1.194	11473.17	100		    0.00	    0.00	64840.23	21636.94	0.000	0.000
250.00	13522.83	    0.00	86477.17	    0.00	86477.17	0.000	1.327	1.194	11473.17	100		    0.00	    0.00	64840.23	21636.94	0.000	0.000
251.00	13522.83	    0.00	86477.17	    0.00	86477.17	0.000	1.327	1.194	11473.17	100		    0.00	    0.00	64840.23	21636.94	0.000	0.000
252.00	13522.83	    0.00	86477.17	    0.00	86477.17	0.000	1.327	1.194	11473.17	100		    0.00	    0.00	64840.23	21636.94	0.000	0.000
253.00	13522.83	    0.00	86477.17	    0.00	86477.17	0.000	1.327	1.194	11473.17	100		    0.00	    0.00	64840.23	21636.94	0.000	0.000
254.00	13522.83	    0.00	86477.17	    0.00	86477.17	0.000	1.327	1.194	11473.17	100		    0.00	    0.00	64840.23	21636.94	0.000	0.000
255.00	13522.83	    0.00	86477.17	    0.00	86477.17	0.000	1.327	1.194	11473.17	100		    0.00	    0.00	64840.23	21636.94	0.000	0.000
256.00	13522.83	    0.00	86477.17	    0.00	86477.17	0.000	1.327	1.194	11473.17	100		    0.00	    0.00	64840.23	21636.94	0.000	0.000
257.00	13522.83	    0.00	86477.17	    0.00	86477.17	0.000	1.327	1.194	11473.17	100		    0.00	    0.00	64840.23	21636.94	0.000	0.000
258.00	13522.83	    0.00	86477.17	    0.00	86477.17	0.000	1.327	1.194	11473.17	100		    0.00	    0.00	64840.23	21636.94	0.000	0.000
259.00	13522.83	    0.00	86477.17	    0.00	86477.17	0.000	1.327	1.194	11473.17	100		    0.00	    0.00	64840.23	21636.94	0.000	0.000
260.00	13522.83	    0.00	86477.17	    0.00	86477.17	0.000	1.327	1.194	11473.17	100		    0.00	    0.00	64840.23	21636.94	0.000	0.000
261.00	13522.83	    0.00	86477.17	    0.00	86477.17	0.000	1.327	1.194	11473.17	100		    0.00	    0.00	64840.23	21636.94	0.000	0.000
262.00	13522.83	    0.00	86477.17	    0.00	86477.17	0.000	1.327	1.194	11473.17	100		    0.00	    0.00	64840.23	21636.94	0.000	0.000
263.00	13522.83	    0.00	86477.17	    0.00	86477.17	0.000	1.327	1.194	11473.17	100		    0.00	    0.00	64840.23	21636.94	0.000	0.000
264.00	13522.83	    0.00	86477.17	    0.00	86477.17	0.000	1.327	1.194	11473.17	100		    0.00	    0.00	64840.23	21636.94	0.000	0.000
265.00	13522.83	    0.00	86477.17	    0.00	86477.17	0.000	1.327	1.194	11473.17	100		    0.00	    0.00	64840.23	21636.94	0.000	0.000
266.00	13522.83	    0.00	86477.17	    0.00	86477.17	0.000	1.327	1.194	11473.17	100		    0.00	    0.00	64840.23	21636.94	0.000	0.000
267.00	13522.83	    0.00	86477.17	    0.00	86477.17	0.000	1.327	1.194	11473.17	100		    0.00	    0.00	64840.23	21636.94	0.000	0.000
268.00	13522.83	    0.00	86477.17	    0.00	86477.17	0.000	1.327	1.194	11473.17	100		    0.00	    0.00	64840.23	21636.94	0.000	0.000
269.00	13522.83	    0.00	86477.17	    0.00	86477.17	0.000	1.327	1.194	11473.17	100		    0.00	    0.00	64840.23	21636.94	0.000	0.000
270.00	13522.83	    0.00	86477.17	    0.00	86477.17	0.000	1.327	1.194	11473.17	100		    0.00	    0.00	64840.23	21636.94	0.000	0.000
271.00	13522.83	    0.00	86477.17	    0.00	86477.17	0.000	1.327	1.194	11473.17	100		    0.00	    0.00	64840.23	21636.94	0.000	0.000
272.00	13522.83	    0.00	86477.17	    0.00	86477.17	0.000	1.327	1.194	11473.17	100		    0.00	    0.00	64840.23	21636.94	0.000	0.000
273.00	13522.83	    0.00	86477.17	    0.00	86477.17	0.000	1.327	1.194	11473.17	100		    0.00	    0.00	64840.23	21636.94	0.000	0.000
274.00	13522.83	    0.00	86477.17	    0.00	86477.17	0.000	1.327	1.194	11473.17	100		    0.00	    0.00	64840.23	21636.94	0.000	0.000
275.00	13522.83	    0.00	86477.17	    0.00	86477.17	0.000	1.327	1.194	11473.17	100		    0.00	    0.00	64840.23	21636.94	0.000	0.000
276.00	13522.83	    0.00	86477.17	    0.00	86477.17	0.000	1.327	1.194	11473.17	100		    0.00	    0.00	64840.23	21636.94	0.000	0.000
277.00	13522.83	    0.00	86477.17	    0.00	86477.17	0.000	1.327	1.194	11473.17	100		    0.00	    0.00	64840.23	21636.94	0.000	0.000
278.00	13522.83	    0.00	86477.17	    0.00	86477.17	0.000	1.327	1.194	11473.17	100		    0.00	    0.00	64840.23	21636.94	0.000	0.000
279.00	13522.83	    0.00	86477.17	    0.00	86477.17	0.000	1.327	1.194	11473.17	100		    0.00	    0.00	64840.23	21636.94	0.000	0.000
280.00	13522.83	    0.00	86477.17	    0.00	86477.17	0.000	1.327	1.194	11473.17	100		    0.00	    0.00	64840.23	21636.94	0.000	0.000
281.00	13522.83	    0.00	86477.17	    0.00	86477.17	0.000	1.327	1.194	11473.17	100		    0.00	    0.00	64840.23	21636.94	0.000	0.000
282.00	13522.83	    0.00	86477.17	    0.00	86477.17	0.000	1.327	1.194	11473.17	100		    0.00	    0.00	64840.23	21636.94	0.000	0.000
283.00	13522.83	    0.00	86477.17	    0.00	86477.17	0.000	1.327	1.194	11473.17	100		    0.00	    0.00	64840.23	21636.94	0.000	0.000
284.00	13522.83	    0.00	86477.17	    0.00	86477.17	0.000	1.327	1.194	11473.17	100		    0.00	    0.00	64840.23	21636.94	0.000	0.000
285.00	13522.83	    0.00	86477.17	    0.00	86477.17	0.000	1.327	1.194	11473.17	100		    0.00	    0.00	64840.23	21636.94	0.000	0.000
286.00	13522.83	    0.00	86477.17	    0.00	86477.17	0.000	1.327	1.194	11473.17	100		    0.00	    0.00	64840.23	21636.94	0.000	0.000
287.00	13522.83	    0.00	86477.17	    0.00	86477.17	0.000	1.327	1.194	11473.17	100		    0.00	    0.00	64840.23	21636.94	0.000	0.000
288.00	13522.83	    0.00	86477.17	    0.00	86477.17	0.000	1.327	1.194	11473.17	100		    0.00	    0.00	64840.23	21636.94	0.000	0.000
289.00	13522.83	    0.00	86477.17	    0.00	86477.17	0.000	1.327	1.194	11473.17	100		    0.00	    0.00	64840.23	21636.94	0.000	0.000
290.00	13522.83	    0.00	86477.17	    0.00	86477.17	0.000	1.327	1.194	11473.17	100		    0.00	    0.00	64840.23	21636.94	0.000	0.000
291.00	13522.83	    0.00	86477.17	    0.00	86477.17	0.000	1.327	1.194	11473.17	100		    0.00	    0.00	64840.23	21636.94	0.000	0.000
292.00	13522.83	    0.00	86477.17	    0.00	86477.17	0.000	1.327	1.194	11473.17	100		    0.00	    0.00	64840.23	21636.94	0.000	0.000
293.00	13522.83	    0.00	86477.17	    0.00	86477.17	0.000	1.327	1.194	11473.17	100		    0.00	    0.00	64840.23	21636.94	0.000	0.000
294.00	13522.83	    0.00	86477.17	    0.00	86477.17	0.000	1.327	1.194	11473.17	100		    0.00	    0.00	64840.23	21636.94	0.000	0.000
295.00	13522.83	    0.00	86477.17	    0.00	86477.17	0.000	1.327	1.194	11473.17	100		    0.00	    0.00	64840.23	21636.94	0.000	0.000
296.00	13522.83	    0.00	86477.17	    0.00	86477.17	0.000	1.327	1.194	11473.17	100		    0.00	    0.00	64840.23	21636.94	0.000	0.000
297.00	13522.83	    0.00	86477.17	    0.00	86477.17	0.000	1.327	1.194	11473.17	100		    0.00	    0.00	64840.23	21636.94	0.000	0.000
298.00	13522.83	    0.00	86477.17	    0.00	86477.17	0.000	1.327	1.194	11473.17	100		    0.00	    0.00	64840.23	21636.94	0.000	0.000
299.00	13522.83	    0.00	86477.17	    0.00	86477.17	0.000	1.327	1.194	11473.17	100		    0.00	    0.00	64840.23	21636.94	0.000	0.000
300.00	13522.83	    0.00	86477.17	    0.00	86477.17	0.000	1.327	1.194	11473.17	100		    0.00	    0.00	64840.23	21636.94	0.000	0.000
301.00	13522.83	    0.00	86477.17	    0.00	86477.17	0.000	1.327	1.194	11473.17	100		    0.00	    0.00	64840.23	21636.94	0.000	0.000
302.00	13522.83	    0.00	86477.17	    0.00	86477.17	0.000	1.327	1.194	11473.17	100		    0.00	    0.00	64840.23	21636.94	0.000	0.000
303.00	13522.83	    0.00	86477.17	    0.00	86477.17	0.000	1.327	1.194	11473.17	100		    0.00	    0.00	64840.23	21636.94	0.000	0.000
304.00	13522.83	    0.00	86477.17	    0.00	86477.17	0.000	1.327	1.194	11473.17	100		    0.00	    0.00	64840.23	21636.94	0.000	0.000
305.00	13522.83	    0.00	86477.17	    0.00	86477.17	0.000	1.327	1.194	11473.17	100		    0.00	    0.00	64840.23	21636.94	0.000	0.000
306.00	13522.83	    0.00	86477.17	    0.00	86477.17	0.000	1.327	1.194	11473.17	100		    0.00	    0.00	64840.23	21636.94	0.000	0.000
307.00	13522.83	    0.00	86477.17	    0.00	86477.17	0.000	1.327	1.194	11473.17	100		    0.00	    0.00	64840.23	21636.94	0.000	0.000
308.00	13522.83	    0.00	86477.17	    0.00	86477.17	0.000	1.327	1.194	11473.17	100		    0.00	    0.00	64840.23	21636.94	0.000	0.000
309.00	13522.83	    0.00	86477.17	    0.00	86477.17	0.000	1.327	1.194	11473.17	100		    0.00	    0.00	64840.23	21636.94	0.000	0.000
310.00	13522.83	    0.00	86477.17	    0.00	86477.17	0.000	1.327	1.194	11473.17	100		    0.00	    0.00	64840.23	21636.94	0.000	0.000
311.00	13522.83	    0.00	86477.17	    0.00	86477.17	0.000	1.327	1.194	11473.17	100		    0.00	    0.00	64840.23	21636.94	0.000	0.000
312.00	13522.83	    0.00	86477.17	    0.00	86477.17	0.000	1.327	1.194	11473.17	100		    0.00	    0.00	64840.23	21636.94	0.000	0.000
313.00	13522.83	    0.00	86477.17	    0.00	86477.17	0.000	1.327	1.194	11473.17	100		    0.00	    0.00	64840.23	21636.94	0.000	0.000
314.00	13522.83	    0.00	86477.17	    0.00	86477.17	0.000	1.327	1.194	11473.17	100		    0.00	    0.00	64840.23	21636.94	0.000	0.000
315.00	13522.83	    0.00	86477.17	    0.00	86477.17	0.000	1.327	1.194	11473.17	100		    0.00	    0.00	64840.23	21636.94	0.000	0.000
316.00	13522.83	    0.00	86477.17	    0.00	86477.17	0.000	1.327	1.194	11473.17	100		    0.00	    0.00	64840.23	21636.94	0.000	0.000
317.00	13522.83	    0.00	86477.17	    0.00	86477.17	0.000	1.327	1.194	11473.17	100		    0.00	    0.00	64840.23	21636.94	0.000	0.000
318.00	13522.83	    0.00	86477.17	    0.00	86477.17	0.000	1.327	1.194	11473.17	100		    0.00	    0.00	64840.23	21636.94	0.000	0.000
319.00	13522.83	    0.00	86477.17	    0.00	86477.17	0.000	1.327	1.194	11473.17	100		    0.00	    0.00	64840.23	21636.94	0.000	0.000
320.00	13522.83	    0.00	86477.17	    0.00	86477.17	0.000	1.327	1.194	11473.17	100		    0.00	    0.00	64840.23	21636.94	0.000	0.000
321.00	13522.83	    0.00	86477.17	    0.00	86477.17	0.000	1.327	1.194	11473.17	100		    0.00	    0.00	64840.23	21636.94	0.000	0.000
322.00	13522.83	    0.00	86477.17	    0.00	86477.17	0.000	1.327	1.194	11473.17	100		    0.00	    0.00	64840.23	21636.94	0.000	0.000
323.00	13522.83	    0.00	86477.17	    0.00	86477.17	0.000	1.327	1.194	11473.17	100		    0.00	    0.00	64840.23	21636.94	0.000	0.000
324.00	13522.83	    0.00	86477.17	    0.00	86477.17	0.000	1.327	1.194	11473.17	100		    0.00	    0.00	64840.23	21636.94	0.000	0.000
325.00	13522.83	    0.00	86477.17	    0.00	86477.17	0.000	1.327	1.194	11473.17	100		    0.00	    0.00	64840.23	21636.94	0.000	0.000
326.00	13522.83	    0.00	86477.17	    0.00	86477.17	0.000	1.327	1.194	11473.17	100		    0.00	    0.00	64840.23	21636.94	0.000	0.000
327.00	13522.83	    0.00	86477.17	    0.00	86477.17	0.000	1.327	1.194	11473.17	100		    0.00	    0.00	64840.23	21636.94	0.000	0.000
328.00	13522.83	    0.00	86477.17	    0.00	86477.17	0.000	1.327	1.194	11473.17	100		    0.00	    0.00	64840.23	21636.94	0.000	0.000
329.00	13522.83	    0.00	86477.17	    0.00	86477.17	0.000	1.327	1.194	11473.17	100		    0.00	    0.00	64840.23	21636.94	0.000	0.000
330.00	13522.83	    0.00	86477.17	    0.00	86477.17	0.000	1.327	1.194	11473.17	100		    0.00	    0.00	64840.23	21636.94	0.000	0.000
331.00	13522.83	    0.00	86477.17	    0.00	86477.17	0.000	1.327	1.194	11473.17	100		    0.00	    0.00	64840.23	21636.94	0.000	0.000
332.00	13522.83	    0.00	86477.17	    0.00	86477.17	0.000	1.327	1.194	11473.17	100		    0.00	    0.00	64840.23	21636.94	0.000	0.000
333.00	13522.83	    0.00	86477.17	    0.00	86477.17	0.000	1.327	1.194	11473.17	100		    0.00	    0.00	64840.23	21636.94	0.000	0.000
334.00	13522.83	    0.00	86477.17	    0.00	86477.17	0.000	1.327	1.194	11473.17	100		    0.00	    0.00	64840.23	21636.94	0.000	0.000
335.00	13522.83	    0.00	86477.17	    0.00	86477.17	0.000	1.327	1.194	11473.17	100		    0.00	    0.00	64840.23	21636.94	0.000	0.000
336.00	13522.83	    0.00	86477.17	    0.00	86477.17	0.000	1.327	1.194	11473.17	100		    0.00	    0.00	64840.23	21636.94	0.000	0.000
337.00	13522.83	    0.00	86477.17	    0.00	86477.17	0.000	1.327	1.194	11473.17	100		    0.00	    0.00	64840.23	21636.94	0.000	0.000
338.00	13522.83	    0.00	86477.17	    0.00	86477.17	0.000	1.327	1.194	11473.17	100		    0.00	    0.00	64840.23	21636.94	0.000	0.000
339.00	13522.83	    0.00	86477.17	    0.00	86477.17	0.000	1.327	1.194	11473.17	100		    0.00	    0.00	64840.23	21636.94	0.000	0.000
340.00	13522.83	    0.00	86477.17	    0.00	86477.17	0.000	1.327	1.194	11473.17	100		    0.00	    0.00	64840.23	21636.94	0.000	0.000
341.00	13522.83	    0.00	86477.17	    0.00	86477.17	0.000	1.327	1.194	11473.17	100		    0.00	    0.00	64840.23	21636.94	0.000	0.000
342.00	13522.83	    0.00	86477.17	    0.00	86477.17	0.000	1.327	1.194	11473.17	100		    0.00	    0.00	64840.23	21636.94	0.000	0.000
343.00	13522.83	    0.00	86477.17	    0.00	86477.17	0.000	1.327	1.194	11473.17	100		    0.00	    0.00	64840.23	21636.94	0.000	0.000
344.00	13522.83	    0.00	86477.17	    0.00	86477.17	0.000	1.327	1.194	11473.17	100		    0.00	    0.00	64840.23	21636.94	0.000	0.000
345.00	13522.83	    0.00	86477.17	    0.00	86477.17	0.000	1.327	1.194	11473.17	100		    0.00	    0.00	64840.23	21636.94	0.000	0.000
346.00	13522.83	    0.00	86477.17	    0.00	86477.17	0.000	1.327	1.194	11473.17	100		    0.00	    0.00	64840.23	21636.94	0.000	0.000
347.00	13522.83	    0.00	86477.17	    0.00	86477.17	0.000	1.327	1.194	11473.17	100		    0.00	    0.00	64840.23	21636.94	0.000	0.000
348.00	13522.83	    0.00	86477.17	    0.00	86477.17	0.000	1.327	1.194	11473.17	100		    0.00	    0.00	64840.23	21636.94	0.000	0.000
349.00	13522.83	    0.00	86477.17	    0.00	86477.17	0.000	1.327	1.194	11473.17	100		    0.00	    0.00	64840.23	21636.94	0.000	0.000
350.00	13522.83	    0.00	86477.17	    0.00	86477.17	0.000	1.327	1.194	11473.17	100		    0.00	    0.00	64840.23	21636.94	0.000	0.000
351.00	13522.83	    0.00	86477.17	    0.00	86477.17	0.000	1.327	1.194	11473.17	100		    0.00	    0.00	64840.23	21636.94	0.000	0.000
352.00	13522.83	    0.00	86477.17	    0.00	86477.17	0.000	1.327	1.194	11473.17	100		    0.00	    0.00	64840.23	21636.94	0.000	0.000
353.00	13522.83	    0.00	86477.17	    0.00	86477.17	0.000	1.327	1.194	11473.17	100		    0.00	    0.00	64840.23	21636.94	0.000	0.000
354.00	13522.83	    0.00	86477.17	    0.00	86477.17	0.000	1.327	1.194	11473.17	100		    0.00	    0.00	64840.23	21636.94	0.000	0.000
355.00	13522.83	    0.00	86477.17	    0.00	86477.17	0.000	1.327	1.194	11473.17	100		    0.00	    0.00	64840.23	21636.94	0.000	0.000
356.00	13522.83	    0.00	86477.17	    0.00	86477.17	0.000	1.327	1.194	11473.17	100		    0.00	    0.00	64840.23	21636.94	0.000	0.000
357.00	13522.83	    0.00	86477.17	    0.00	86477.17	0.000	1.327	1.194	11473.17	100		    0.00	    0.00	64840.23	21636.94	0.000	0.000
358.00	13522.83	    0.00	86477.17	    0.00	86477.17	0.000	1.327	1.194	11473.17	100		    0.00	    0.00	64840.23	21636.94	0.000	0.000
359.00	13522.83	    0.00	86477.17	    0.00	86477.17	0.000	1.327	1.194	11473.17	100		    0.00	    0.00	64840.23	21636.94	0.000	0.000
360.00	13522.83	    0.00	86477.17	    0.00	86477.17	0.000	1.327	1.194	11473.17	100		    0.00	    0.00	64840.23	21636.94	0.000	0.000
361.00	13522.83	    0.00	86477.17	    0.00	86477.17	0.000	1.327	1.194	11473.17	100		    0.00	    0.00	64840.23	21636.94	0.000	0.000
362.00	13522.83	    0.00	86477.17	    0.00	86477.17	0.000	1.327	1.194	11473.17	100		    0.00	    0.00	64840.23	21636.94	0.000	0.000
363.00	13522.83	    0.00	86477.17	    0.00	86477.17	0.000	1.327	1.194	11473.17	100		    0.00	    0.00	64840.23	21636.94	0.000	0.000
364.00	13522.83	    0.00	86477.17	    0.00	86477.17	0.000	1.327	1.194	11473.17	100		    0.00	    0.00	64840.23	21636.94	0.000	0.000
365.00	13522.83	    0.00	86477.17	    0.00	86477.17	0.000	1.327	1.194	11473.17	100		    0.00	    0.00	64840.23	21636.94	0.000	0.000
366.00	13522.83	    0.00	86477.17	    0.00	86477.17	0.000	1.327	1.194	11473.17	100		    0.00	    0.00	64840.23	21636.94	0.000	0.000
367.00	13522.83	    0.00	86477.17	    0.00	86477.17	0.000	1.327	1.194	11473.17	100		    0.00	    0.00	64840.23	21636.94	0.000	0.000
368.00	13522.83	    0.00	86477.17	    0.00	86477.17	0.000	1.327	1.194	11473.17	100		    0.00	    0.00	64840.23	21636.94	0.000	0.000
369.00	13522.83	    0.00	86477.17	    0.00	86477.17	0.000	1.327	1.194	11473.17	100		    0.00	    0.00	64840.23	21636.94	0.000	0.000
370.00	13522.83	    0.00	86477.17	    0.00	86477.17	0.000	1.327	1.194	11473.17	100		    0.00	    0.00	64840.23	21636.94	0.000	0.000
371.00	13522.83	    0.00	86477.17	    0.00	86477.17	0.000	1.327	1.194	11473.17	100		    0.00	    0.00	64840.23	21636.94	0.000	0.000
372.00	13522.83	    0.00	86477.17	    0.00	86477.17	0.000	1.327	1.194	11473.17	100		    0.00	    0.00	64840.23	21636.94	0.000	0.000
373.00	13522.83	    0.00	86477.17	    0.00	86477.17	0.000	1.327	1.194	11473.17	100		    0.00	    0.00	64840.23	21636.94	0.000	0.000
374.00	13522.83	    0.00	86477.17	    0.00	86477.17	0.000	1.327	1.194	11473.17	100		    0.00	    0.00	64840.23	21636.94	0.000	0.000
375.00	13522.83	    0.00	86477.17	    0.00	86477.17	0.000	1.327	1.194	11473.17	100		    0.00	    0.00	64840.23	21636.94	0.000	0.000
376.00	13522.83	    0.00	86477.17	    0.00	86477.17	0.000	1.327	1.194	11473.17	100		    0.00	    0.00	64840.23	21636.94	0.000	0.000
377.00	13522.83	    0.00	86477.17	    0.00	86477.17	0.000	1.327	1.194	11473.17	100		    0.00	    0.00	64840.23	21636.94	0.000	0.000
378.00	13522.83	    0.00	86477.17	    0.00	86477.17	0.000	1.327	1.194	11473.17	100		    0.00	    0.00	64840.23	21636.94	0.000	0.000
379.00	13522.83	    0.00	86477.17	    0.00	86477.17	0.000	1.327	1.194	11473.17	100		    0.00	    0.00	64840.23	21636.94	0.000	0.000
380.00	13522.83	    0.00	86477.17	    0.00	86477.17	0.000	1.327	1.194	11473.17	100		    0.00	    0.00	64840.23	21636.94	0.000	0.000
381.00	13522.83	    0.00	86477.17	    0.00	86477.17	0.000	1.327	1.194	11473.17	100		    0.00	    0.00	64840.23	21636.94	0.000	0.000
382.00	13522.83	    0.00	86477.17	    0.00	86477.17	0.000	1.327	1.194	11473.17	100		    0.00	    0.00	64840.23	21636.94	0.000	0.000
383.00	13522.83	    0.00	86477.17	    0.00	86477.17	0.000	1.327	1.194	11473.17	100		    0.00	    0.00	64840.23	21636.94	0.000	0.000
384.00	13522.83	    0.00	86477.17	    0.00	86477.17	0.000	1.327	1.194	11473.17	100		    0.00	    0.00	64840.23	21636.94	0.000	0.000
385.00	13522.83	    0.00	86477.17	    0.00	86477.17	0.000	1.327	1.194	11473.17	100		    0.00	    0.00	64840.23	21636.94	0.000	0.000
386.00	13522.83	    0.00	86477.17	    0.00	86477.17	0.000	1.327	1.194	11473.17	100		    0.00	    0.00	64840.23	21636.94	0.000	0.000
387.00	13522.83	    0.00	86477.17	    0.00	86477.17	0.000	1.327	1.194	11473.17	100		    0.00	    0.00	64840.23	21636.94	0.000	0.000
388.00	13522.83	    0.00	86477.17	    0.00	86477.17	0.000	1.327	1.194	11473.17	100		    0.00	    0.00	64840.23	21636.94	0.000	0.000
389.00	13522.83	    0.00	86477.17	    0.00	86477.17	0.000	1.327	1.194	11473.17	100		    0.00	    0.00	64840.23	21636.94	0.000	0.000
390.00	13522.83	    0.00	86477.17	    0.00	86477.17	0.000	1.327	1.194	11473.17	100		    0.00	    0.00	64840.23	21636.94	0.000	0.000
391.00	13522.83	    0.00	86477.17	    0.00	86477.17	0.000	1.327	1.194	11473.17	100		    0.00	    0.00	64840.23	21636.94	0.000	0.000
392.00	13522.83	    0.00	86477.17	    0.00	86477.17	0.000	1.327	1.194	11473.17	100		    0.00	    0.00	64840.23	21636.94	0.000	0.000
393.00	13522.83	    0.00	86477.17	    0.00	86477.17	0.000	1.327	1.194	11473.17	100		    0.00	    0.00	64840.23	21636.94	0.000	0.000
394.00	13522.83	    0.00	86477.17	    0.00	86477.17	0.000	1.327	1.194	11473.17	100		    0.00	    0.00	64840.23	21636.94	0.000	0.000
395.00	13522.83	    0.00	86477.17	    0.00	86477.17	0.000	1.327	1.194	11473.17	100		    0.00	    0.00	64840.23	21636.94	0.000	0.000
396.00	13522.83	    0.00	86477.17	    0.00	86477.17	0.000	1.327	1.194	11473.17	100		    0.00	    0.00	64840.23	21636.94	0.000	0.000
397.00	13522.83	    0.00	86477.17	    0.00	86477.17	0.000	1.327	1.194	11473.17	100		    0.00	    0.00	64840.23	21636.94	0.000	0.000
398.00	13522.83	    0.00	86477.17	    0.00	86477.17	0.000	1.327	1.194	11473.17	100		    0.00	    0.00	64840.23	21636.94	0.000	0.000
399.00	13522.83	    0.00	86477.17	    0.00	86477.17	0.000	1.327	1.194	11473.17	100		    0.00	    0.00	64840.23	21636.94	0.000	0.000
400.00	13522.83	    0.00	86477.17	    0.00	86477.17	0.000	1.327	1.194	11473.17	100		    0.00	    0.00	64840.23	21636.94	0.000	0.000
401.00	13522.83	    0.00	86477.17	    0.00	86477.17	0.000	1.327	1.194	11473.17	100		    0.00	    0.00	64840.23	21636.94	0.000	0.000
402.00	13522.83	    0.00	86477.17	    0.00	86477.17	0.000	1.327	1.194	11473.17	100		    0.00	    0.00	64840.23	21636.94	0.000	0.000
403.00	13522.83	    0.00	86477.17	    0.00	86477.17	0.000	1.327	1.194	11473.17	100		    0.00	    0.00	64840.23	21636.94	0.000	0.000
404.00	13522.83	    0.00	86477.17	    0.00	86477.17	0.000	1.327	1.194	11473.17	100		    0.00	    0.00	64840.23	21636.94	0.000	0.000
405.00	13522.83	    0.00	86477.17	    0.00	86477.17	0.000	1.327	1.194	11473.17	100		    0.00	    0.00	64840.23	21636.94	0.000	0.000
406.00	13522.83	    0.00	86477.17	    0.00	86477.17	0.000	1.327	1.194	11473.17	100		    0.00	    0.00	64840.23	21636.94	0.000	0.000
407.00	13522.83	    0.00	86477.17	    0.00	86477.17	0.000	1.327	1.194	11473.17	100		    0.00	    0.00	64840.23	21636.94	0.000	0.000
408.00	13522.83	    0.00	86477.17	    0.00	86477.17	0.000	1.327	1.194	11473.17	100		    0.00	    0.00	64840.23	21636.94	0.000	0.000
409.00	13522.83	    0.00	86477.17	    0.00	86477.17	0.000	1.327	1.194	11473.17	100		    0.00	    0.00	64840.23	21636.94	0.000	0.000
410.00	13522.83	    0.00	86477.17	    0.00	86477.17	0.000	1.327	1.194	11473.17	100		    0.00	    0.00	64840.23	21636.94	0.000	0.000
411.00	13522.83	    0.00	86477.17	    0.00	86477.17	0.000	1.327	1.194	11473.17	100		    0.00	    0.00	64840.23	21636.94	0.000	0.000
412.00	13522.83	    0.00	86477.17	    0.00	86477.17	0.000	1.327	1.194	11473.17	100		    0.00	    0.00	64840.23	21636.94	0.000	0.000
413.00	13522.83	    0.00	86477.17	    0.00	86477.17	0.000	1.327	1.194	11473.17	100		    0.00	    0.00	64840.23	21636.94	0.000	0.000
414.00	13522.83	    0.00	86477.17	    0.00	86477.17	0.000	1.327	1.194	11473.17	100		    0.00	    0.00	64840.23	21636.94	0.000	0.000
415.00	13522.83	    0.00	86477.17	    0.00	86477.17	0.000	1.327	1.194	11473.17	100		    0.00	    0.00	64840.23	21636.94	0.000	0.000
416.00	13522.83	    0.00	86477.17	    0.00	86477.17	0.000	1.327	1.194	11473.17	100		    0.00	    0.00	64840.23	21636.94	0.000	0.000
417.00	13522.83	    0.00	86477.17	    0.00	86477.17	0.000	1.327	1.194	11473.17	100		    0.00	    0.00	64840.23	21636.94	0.000	0.000
418.00	13522.83	    0.00	86477.17	    0.00	86477.17	0.000	1.327	1.194	11473.17	100		    0.00	    0.00	64840.23	21636.94	0.000	0.000
419.00	13522.83	    0.00	86477.17	    0.00	86477.17	0.000	1.327	1.194	11473.17	100		    0.00	    0.00	64840.23	21636.94	0.000	0.000
420.00	13522.83	    0.00	86477.17	    0.00	86477.17	0.000	1.327	1.194	11473.17	100		    0.00	    0.00	64840.23	21636.94	0.000	0.000
421.00	13522.83	    0.00	86477.17	    0.00	86477.17	0.000	1.327	1.194	11473.17	100		    0.00	    0.00	64840.23	21636.94	0.000	0.000
422.00	13522.83	    0.00	86477.17	    0.00	86477.17	0.000	1.327	1.194	11473.17	100		    0.00	    0.00	64840.23	21636.94	0.000	0.000
423.00	13522.83	    0.00	86477.17	    0.00	86477.17	0.000	1.327	1.194	11473.17	100		    0.00	    0.00	64840.23	21636.94	0.000	0.000
424.00	13522.83	    0.00	86477.17	    0.00	86477.17	0.000	1.327	1.194	11473.17	100		    0.00	    0.00	64840.23	21636.94	0.000	0.000
425.00	13522.83	    0.00	86477.17	    0.00	86477.17	0.000	1.327	1.194	11473.17	100		    0.00	    0.00	64840.23	21636.94	0.000	0.000
426.00	13522.83	    0.00	86477.17	    0.00	86477.17	0.000	1.327	1.194	11473.17	100		    0.00	    0.00	64840.23	21636.94	0.000	0.000
427.00	13522.83	    0.00	86477.17	    0.00	86477.17	0.000	1.327	1.194	11473.17	100		    0.00	    0.00	64840.23	21636.94	0.000	0.000
428.00	13522.83	    0.00	86477.17	    0.00	86477.17	0.000	1.327	1.194	11473.17	100		    0.00	    0.00	64840.23	21636.94	0.000	0.000
429.00	13522.83	    0.00	86477.17	    0.00	86477.17	0.000	1.327	1.194	11473.17	100		    0.00	    0.00	64840.23	21636.94	0.000	0.000
430.00	13522.83	    0.00	86477.17	    0.00	86477.17	0.000	1.327	1.194	11473.17	100		    0.00	    0.00	64840.23	21636.94	0.000	0.000
431.00	13522.83	    0.00	86477.17	    0.00	86477.17	0.000	1.327	1.194	11473.17	100		    0.00	    0.00	64840.23	21636.94	0.000	0.000
432.00	13522.83	    0.00	86477.17	    0.00	86477.17	0.000	1.327	1.194	11473.17	100		    0.00	    0.00	64840.23	21636.94	0.000	0.000
433.00	13522.83	    0.00	86477.17	    0.00	86477.17	0.000	1.327	1.194	11473.17	100		    0.00	    0.00	64840.23	21636.94	0.000	0.000
434.00	13522.83	    0.00	86477.17	    0.00	86477.17	0.000	1.327	1.194	11473.17	100		    0.00	    0.00	64840.23	21636.94	0.000	0.000
435.00	13522.83	    0.00	86477.17	    0.00	86477.17	0.000	1.327	1.194	11473.17	100		    0.00	    0.00	64840.23	21636.94	0.000	0.000
436.00	13522.83	    0.00	86477.17	    0.00	86477.17	0.000	1.327	1.194	11473.17	100		    0.00	    0.00	64840.23	21636.94	0.000	0.000
437.00	13522.83	    0.00	86477.17	    0.00	86477.17	0.000	1.327	1.194	11473.17	100		    0.00	    0.00	64840.23	21636.94	0.000	0.000
438.00	13522.83	    0.00	86477.17	    0.00	86477.17	0.000	1.327	1.194	11473.17	100		    0.00	    0.00	64840.23	21636.94	0.000	0.000
439.00	13522.83	    0.00	86477.17	    0.00	86477.17	0.000	1.327	1.194	11473.17	100		    0.00	    0.00	64840.23	21636.94	0.000	0.000
440.00	13522.83	    0.00	86477.17	    0.00	86477.17	0.000	1.327	1.194	11473.17	100		    0.00	    0.00	64840.23	21636.94	0.000	0.000
441.00	13522.83	    0.00	86477.17	    0.00	86477.17	0.000	1.327	1.194	11473.17	100		    0.00	    0.00	64840.23	21636.94	0.000	0.000
442.00	13522.83	    0.00	86477.17	    0.00	86477.17	0.000	1.327	1.194	11473.17	100		    0.00	    0.00	64840.23	21636.94	0.000	0.000
443.00	13522.83	    0.00	86477.17	    0.00	86477.17	0.000	1.327	1.194	11473.17	100		    0.00	    0.00	64840.23	21636.94	0.000	0.000
444.00	13522.83	    0.00	86477.17	    0.00	86477.17	0.000	1.327	1.194	11473.17	100		    0.00	    0.00	64840.23	21636.94	0.000	0.000
445.00	13522.83	    0.00	86477.17	    0.00	86477.17	0.000	1.327	1.194	11473.17	100		    0.00	    0.00	64840.23	21636.94	0.000	0.000
446.00	13522.83	    0.00	86477.17	    0.00	86477.17	0.000	1.327	1.194	11473.17	100		    0.00	    0.00	64840.23	21636.94	0.000	0.000
447.00	13522.83	    0.00	86477.17	    0.00	86477.17	0.000	1.327	1.194	11473.17	100		    0.00	    0.00	64840.23	21636.94	0.000	0.000
448.00	13522.83	    0.00	86477.17	    0.00	86477.17	0.000	1.327	1.194	11473.17	100		    0.00	    0.00	64840.23	21636.94	0.000	0.000
449.00	13522.83	    0.00	86477.17	    0.00	86477.17	0.000	1.327	1.194	11473.17	100		    0.00	    0.00	64840.23	21636.94	0.000	0.000
450.00	13522.83	    0.00	86477.17	    0.00	86477.17	0.000	1.327	1.194	11473.17	100		    0.00	    0.00	64840.23	21636.94	0.000	0.000
451.00	13522.83	    0.00	86477.17	    0.00	86477.17	0.000	1.327	1.194	11473.17	100		    0.00	    0.00	64840.23	21636.94	0.000	0.000
452.00	13522.83	    0.00	86477.17	    0.00	86477.17	0.000	1.327	1.194	11473.17	100		    0.00	    0.00	64840.23	21636.94	0.000	0.000
453.00	13522.83	    0.00	86477.17	    0.00	86477.17	0.000	1.327	1.194	11473.17	100		    0.00	    0.00	64840.23	21636.94	0.000	0.000
454.00	13522.83	    0.00	86477.17	    0.00	86477.17	0.000	1.327	1.194	11473.17	100		    0.00	    0.00	64840.23	21636.94	0.000	0.000
455.00	13522.83	    0.00	86477.17	    0.00	86477.17	0.000	1.327	1.194	11473.17	100		    0.00	    0.00	64840.23	21636.94	0.000	0.000
456.00	13522.83	    0.00	86477.17	    0.00	86477.17	0.000	1.327	1.194	11473.17	100		    0.00	    0.00	64840.23	21636.94	0.000	0.000
457.00	13522.83	    0.00	86477.17	    0.00	86477.17	0.000	1.327	1.194	11473.17	100		    0.00	    0.00	64840.23	21636.94	0.000	0.000
458.00	13522.83	    0.00	86477.17	    0.00	86477.17	0.000	1.327	1.194	11473.17	100		    0.00	    0.00	64840.23	21636.94	0.000	0.000
459.00	13522.83	    0.00	86477.17	    0.00	86477.17	0.000	1.327	1.194	11473.17	100		    0.00	    0.00	64840.23	21636.94	0.000	0.000
460.00	13522.83	    0.00	86477.17	    0.00	86477.17	0.000	1.327	1.194	11473.17	100		    0.00	    0.00	64840.23	21636.94	0.000	0.000
461.00	13522.83	    0.00	86477.17	    0.00	86477.17	0.000	1.327	1.194	11473.17	100		    0.00	    0.00	64840.23	21636.94	0.000	0.000
462.00	13522.83	    0.00	86477.17	    0.00	86477.17	0.000	1.327	1.194	11473.17	100		    0.00	    0.00	64840.23	21636.94	0.000	0.000
463.00	13522.83	    0.00	86477.17	    0.00	86477.17	0.000	1.327	1.194	11473.17	100		    0.00	    0.00	64840.23	21636.94	0.000	0.000
464.00	13522.83	    0.00	86477.17	    0.00	86477.17	0.000	1.327	1.194	11473.17	100		    0.00	    0.00	64840.23	21636.94	0.000	0.000
465.00	13522.83	    0.00	86477.17	    0.00	86477.17	0.000	1.327	1.194	11473.17	100		    0.00	    0.00	64840.23	21636.94	0.000	0.000
466.00	13522.83	    0.00	86477.17	    0.00	86477.17	0.000	1.327	1.194	11473.17	100		    0.00	    0.00	64840.23	21636.94	0.000	0.000
467.00	13522.83	    0.00	86477.17	    0.00	86477.17	0.000	1.327	1.194	11473.17	100		    0.00	    0.00	64840.23	21636.94	0.000	0.000
468.00	13522.83	    0.00	86477.17	    0.00	86477.17	0.000	1.327	1.194	11473.17	100		    0.00	    0.00	64840.23	21636.94	0.000	0.000
469.00	13522.83	    0.00	86477.17	    0.00	86477.17	0.000	1.327	1.194	11473.17	100		    0.00	    0.00	64840.23	21636.94	0.000	0.000
470.00	13522.83	    0.00	86477.17	    0.00	86477.17	0.000	1.327	1.194	11473.17	100		    0.00	    0.00	64840.23	21636.94	0.000	0.000
471.00	13522.83	    0.00	86477.17	    0.00	86477.17	0.000	1.327	1.194	11473.17	100		    0.00	    0.00	64840.23	21636.94	0.000	0.000
472.00	13522.83	    0.00	86477.17	    0.00	86477.17	0.000	1.327	1.194	11473.17	100		    0.00	    0.00	64840.23	21636.94	0.000	0.000
473.00	13522.83	    0.00	86477.17	    0.00	86477.17	0.000	1.327	1.194	11473.17	100		    0.00	    0.00	64840.23	21636.94	0.000	0.000
474.00	13522.83	    0.00	86477.17	    0.00	86477.17	0.000	1.327	1.194	11473.17	100		    0.00	    0.00	64840.23	21636.94	0.000	0.000
475.00	13522.83	    0.00	86477.17	    0.00	86477.17	0.000	1.327	1.194	11473.17	100		    0.00	    0.00	64840.23	21636.94	0.000	0.000
476.00	13522.83	    0.00	86477.17	    0.00	86477.17	0.000	1.327	1.194	11473.17	100		    0.00	    0.00	64840.23	21636.94	0.000	0.000
477.00	13522.83	    0.00	86477.17	    0.00	86477.17	0.000	1.327	1.194	11473.17	100		    0.00	    0.00	64840.23	21636.94	0.000	0.000
478.00	13522.83	    0.00	86477.17	    0.00	86477.17	0.000	1.327	1.194	11473.17	100		    0.00	    0.00	64840.23	21636.94	0.000	0.000
479.00	13522.83	    0.00	86477.17	    0.00	86477.17	0.000	1.327	1.194	11473.17	100		    0.00	    0.00	64840.23	21636.94	0.000	0.000
480.00	13522.83	    0.00	86477.17	    0.00	86477.17	0.000	1.327	1.194	11473.17	100		    0.00	    0.00	64840.23	21636.94	0.000	0.000
481.00	13522.83	    0.00	86477.17	    0.00	86477.17	0.000	1.327	1.194	11473.17	100		    0.00	    0.00	64840.23	21636.94	0.000	0.000
482.00	13522.83	    0.00	86477.17	    0.00	86477.17	0.000	1.327	1.194	11473.17	100		    0.00	    0.00	64840.23	21636.94	0.000	0.000
483.00	13522.83	    0.00	86477.17	    0.00	86477.17	0.000	1.327	1.194	11473.17	100		    0.00	    0.00	64840.23	21636.94	0.000	0.000
484.00	13522.83	    0.00	86477.17	    0.00	86477.17	0.000	1.327	1.194	11473.17	100		    0.00	    0.00	64840.23	21636.94	0.000	0.000
485.00	13522.83	    0.00	86477.17	    0.00	86477.17	0.000	1.327	1.194	11473.17	100		    0.00	    0.00	64840.23	21636.94	0.000	0.000
486.00	13522.83	    0.00	86477.17	    0.00	86477.17	0.000	1.327	1.194	11473.17	100		    0.00	    0.00	64840.23	21636.94	0.000	0.000
487.00	13522.83	    0.00	86477.17	    0.00	86477.17	0.000	1.327	1.194	11473.17	100		    0.00	    0.00	64840.23	21636.94	0.000	0.000
488.00	13522.83	    0.00	86477.17	    0.00	86477.17	0.000	1.327	1.194	11473.17	100		    0.00	    0.00	64840.23	21636.94	0.000	0.000
489.00	13522.83	    0.00	86477.17	    0.00	86477.17	0.000	1.327	1.194	11473.17	100		    0.00	    0.00	64840.23	21636.94	0.000	0.000
490.00	13522.83	    0.00	86477.17	    0.00	86477.17	0.000	1.327	1.194	11473.17	100		    0.00	    0.00	64840.23	21636.94	0.000	0.000
491.00	13522.83	    0.00	86477.17	    0.00	86477.17	0.000	1.327	1.194	11473.17	100		    0.00	    0.00	64840.23	21636.94	0.000	0.000
492.00	13522.83	    0.00	86477.17	    0.00	86477.17	0.000	1.327	1.194	11473.17	100		    0.00	    0.00	64840.23	21636.94	0.000	0.000
493.00	13522.83	    0.00	86477.17	    0.00	86477.17	0.000	1.327	1.194	11473.17	100		    0.00	    0.00	64840.23	21636.94	0.000	0.000
494.00	13522.83	    0.00	86477.17	    0.00	86477.17	0.000	1.327	1.194	11473.17	100		    0.00	    0.00	64840.23	21636.94	0.000	0.000
495.00	13522.83	    0.00	86477.17	    0.00	86477.17	0.000	1.327	1.194	11473.17	100		    0.00	    0.00	64840.23	21636.94	0.000	0.000
496.00	13522.83	    0.00	86477.17	    0.00	86477.17	0.000	1.327	1.194	11473.17	100		    0.00	    0.00	64840.23	21636.94	0.000	0.000
497.00	13522.83	    0.00	86477.17	    0.00	86477.17	0.000	1.327	1.194	11473.17	100		    0.00	    0.00	64840.23	21636.94	0.000	0.000
498.00	13522.83	    0.00	86477.17	    0.00	86477.17	0.000	1.327	1.194	11473.17	100		    0.00	    0.00	64840.23	21636.94	0.000	0.000
499.00	13522.83	    0.00	86477.17	    0.00	86477.17	0.000	1.327	1.194	11473.17	100		    0.00	    0.00	64840.23	21636.94	0.000	0.000
500.00	13522.83	    0.00	86477.17	    0.00	86477.17	0.000	1.327	1.194	11473.17	100		    0.00	    0.00	64840.23	21636.94	0.000	0.000
