0.00	99950.00	   50.00	    0.00	    0.00	   50.00	0.000	1.640	1.640	    0.00	  1		    0.00	    0.00	   27.00	   23.00	0.000	0.000
1.00	99950.00	   50.00	    0.00	    0.00	   50.00	0.000	1.802	1.802	    0.00	 13		    0.00	    0.00	   27.00	   23.00	0.000	0.000
2.00	99949.71	   50.13	    0.16	    0.29	   50.29	2.065	2.000	1.998	    0.11	 62		    0.15	    0.15	   27.15	   23.15	0.500	0.500
3.00	99947.29	   51.46	    1.25	    2.52	   52.71	0.998	2.041	2.039	    0.09	 93		    1.54	    0.98	   28.63	   24.08	0.611	0.389
4.00	99933.19	   61.66	    5.15	   14.29	   66.81	0.343	2.057	2.056	    0.11	100		    8.66	    5.63	   37.18	   29.63	0.606	0.394
5.00	99900.43	   87.26	   12.31	   32.76	   99.57	0.300	2.044	2.042	    0.20	100		   20.53	   12.23	   57.71	   41.86	0.627	0.373
6.00	99855.00	  118.88	   26.12	   45.43	  145.00	0.328	2.034	2.031	    0.43	100		   29.14	   16.29	   86.85	   58.15	0.641	0.359
7.00	99798.85	  152.22	   48.93	   56.15	  201.15	0.278	2.031	2.027	    0.72	100		   35.82	   20.33	  122.67	   78.48	0.638	0.362
8.00	99724.55	  197.63	   77.82	   74.30	  275.45	0.254	2.026	2.022	    1.19	100		   48.66	   25.64	  171.33	  104.12	0.655	0.345
9.00	99631.84	  252.40	  115.76	   92.71	  368.16	0.253	2.022	2.017	    1.97	100		   62.84	   29.87	  234.17	  133.99	0.678	0.322
10.00	99508.51	  328.40	  163.09	  123.33	  491.49	0.254	2.012	2.005	    3.34	100		   82.84	   40.49	  317.01	  174.48	0.672	0.328
11.00	99351.28	  423.10	  225.62	  157.23	  648.72	0.258	2.007	1.999	    5.50	100		  107.59	   49.64	  424.60	  224.12	0.684	0.316
12.00	99150.23	  542.02	  307.75	  201.05	  849.77	0.251	2.004	1.994	    9.07	100		  138.99	   62.06	  563.59	  286.18	0.691	0.309
13.00	98892.49	  695.14	  412.37	  257.74	 1107.51	0.248	1.996	1.982	   15.27	100		  179.13	   78.61	  742.72	  364.79	0.695	0.305
14.00	98558.34	  895.77	  545.89	  334.15	 1441.66	0.251	1.992	1.974	   25.04	100		  232.72	  101.43	  975.44	  466.22	0.696	0.304
15.00	98137.03	 1142.81	  720.16	  421.31	 1862.97	0.249	1.984	1.962	   40.72	100		  292.70	  128.61	 1268.14	  594.83	0.695	0.305
16.00	97596.60	 1458.46	  944.94	  540.43	 2403.40	0.244	1.978	1.950	   67.65	100		  378.74	  161.69	 1646.88	  756.52	0.701	0.299
17.00	96913.60	 1854.26	 1232.14	  683.00	 3086.40	0.242	1.972	1.936	  109.22	100		  478.92	  204.08	 2125.80	  960.60	0.701	0.299
18.00	96047.36	 2352.68	 1599.96	  866.24	 3952.64	0.239	1.963	1.918	  174.85	100		  609.02	  257.22	 2734.82	 1217.82	0.703	0.297
19.00	94956.57	 2977.67	 2065.76	 1090.79	 5043.43	0.237	1.950	1.895	  279.19	100		  770.63	  320.16	 3505.45	 1537.98	0.706	0.294
20.00	93591.71	 3745.53	 2662.76	 1364.86	 6408.29	0.233	1.935	1.867	  436.36	100		  966.11	  398.75	 4471.56	 1936.73	0.708	0.292
21.00	91894.86	 4679.98	 3425.16	 1696.85	 8105.14	0.226	1.916	1.833	  671.53	100		 1203.11	  493.74	 5674.67	 2430.47	0.709	0.291
22.00	89814.74	 5788.85	 4396.41	 2080.12	10185.26	0.218	1.894	1.794	 1018.28	100		 1477.63	  602.49	 7152.30	 3032.96	0.710	0.290
23.00	87294.35	 7083.57	 5622.08	 2520.39	12705.65	0.207	1.867	1.749	 1507.96	100		 1804.39	  716.00	 8956.69	 3748.96	0.716	0.284
24.00	84271.18	 8570.73	 7158.09	 3023.17	15728.82	0.196	1.836	1.697	 2185.15	100		 2172.95	  850.22	11129.64	 4599.18	0.719	0.281
25.00	80728.23	10196.96	 9074.81	 3542.95	19271.77	0.182	1.798	1.639	 3066.65	100		 2565.20	  977.75	13694.84	 5576.93	0.724	0.276
26.00	76652.11	11909.65	11438.24	 4076.12	23347.89	0.164	1.757	1.577	 4182.41	100		 2976.37	 1099.75	16671.21	 6676.68	0.730	0.270
27.00	72079.74	13608.29	14311.97	 4572.37	27920.26	0.144	1.710	1.512	 5510.34	100		 3356.23	 1216.14	20027.44	 7892.82	0.734	0.266
28.00	67096.81	15141.70	17761.49	 4982.93	32903.19	0.120	1.659	1.447	 6996.93	100		 3694.68	 1288.25	23722.12	 9181.07	0.741	0.259
29.00	61860.39	16327.84	21811.77	 5236.42	38139.61	0.091	1.606	1.382	 8557.96	100		 3920.46	 1315.96	27642.58	10497.03	0.749	0.251
30.00	56448.30	17111.07	26440.63	 5412.09	43551.70	0.061	1.551	1.319	10097.49	100		 4097.62	 1314.47	31740.20	11811.50	0.757	0.243
31.00	51210.43	17141.62	31647.95	 5237.87	48789.57	0.024	1.499	1.263	11482.64	100		 4006.83	 1231.04	35747.03	13042.54	0.765	0.235
32.00	46225.07	16611.96	37162.97	 4985.36	53774.93	-0.015	1.449	1.213	12674.57	100		 3853.11	 1132.25	39600.14	14174.79	0.773	0.227
33.00	41661.55	15461.65	42876.80	 4563.52	58338.45	-0.052	1.404	1.170	13628.15	100		 3566.40	  997.12	43166.54	15171.91	0.782	0.218
34.00	37649.76	13813.16	48537.08	 4011.79	62350.24	-0.092	1.364	1.134	14335.19	100		 3167.88	  843.91	46334.42	16015.82	0.790	0.210
35.00	34209.72	11907.19	53883.09	 3440.04	65790.28	-0.131	1.329	1.104	14840.85	100		 2733.29	  706.75	49067.71	16722.57	0.795	0.205
36.00	31352.44	 9911.11	58736.45	 2857.28	68647.56	-0.166	1.301	1.080	15182.78	100		 2291.51	  565.77	51359.22	17288.34	0.802	0.198
37.00	29023.04	 8023.52	62953.44	 2329.40	70976.96	-0.197	1.278	1.061	15404.86	100		 1880.85	  448.55	53240.07	17736.89	0.807	0.193
38.00	27166.10	 6330.58	66503.32	 1856.94	72833.90	-0.224	1.260	1.046	15542.03	100		 1507.32	  349.62	54747.39	18086.51	0.812	0.188
39.00	25708.46	 4901.84	69389.70	 1457.64	74291.54	-0.246	1.245	1.035	15626.86	100		 1186.84	  270.80	55934.23	18357.31	0.814	0.186
40.00	24578.09	 3741.24	71680.67	 1130.37	75421.91	-0.263	1.234	1.026	15677.14	100		  927.25	  203.12	56861.48	18560.43	0.820	0.180
41.00	23708.42	 2828.67	73462.91	  869.67	76291.58	-0.275	1.225	1.019	15705.79	100		  713.21	  156.46	57574.69	18716.89	0.820	0.180
42.00	23048.00	 2120.69	74831.31	  660.42	76952.00	-0.284	1.219	1.014	15723.72	100		  543.52	  116.90	58118.21	18833.79	0.823	0.177
43.00	22543.72	 1592.55	75863.73	  504.28	77456.28	-0.287	1.214	1.011	15733.51	100		  415.08	   89.20	58533.29	18922.99	0.823	0.177
44.00	22163.99	 1185.30	76650.71	  379.73	77836.01	-0.291	1.210	1.008	15739.03	100		  312.77	   66.96	58846.06	18989.95	0.824	0.176
45.00	21879.71	  881.33	77238.96	  284.28	78120.29	-0.296	1.207	1.006	15742.49	100		  235.25	   49.03	59081.31	19038.98	0.828	0.172
46.00	21665.45	  658.37	77676.18	  214.26	78334.55	-0.294	1.205	1.004	15744.26	100		  177.61	   36.65	59258.92	19075.63	0.829	0.171
47.00	21504.19	  491.48	78004.33	  161.26	78495.81	-0.292	1.203	1.003	15745.30	100		  134.03	   27.23	59392.95	19102.86	0.831	0.169
48.00	21383.70	  364.92	78251.38	  120.49	78616.30	-0.295	1.202	1.002	15745.86	100		   99.60	   20.89	59492.55	19123.75	0.827	0.173
49.00	21294.86	  269.46	78435.68	   88.84	78705.14	-0.301	1.201	1.001	15746.13	100		   73.73	   15.11	59566.28	19138.86	0.830	0.170
50.00	21227.78	  202.04	78570.18	   67.08	78772.22	-0.296	1.201	1.001	15746.30	100		   55.49	   11.59	59621.77	19150.45	0.827	0.173
51.00	21177.52	  150.99	78671.49	   50.26	78822.48	-0.290	1.200	1.000	15746.40	100		   41.18	    9.08	59662.95	19159.53	0.819	0.181
52.00	21140.81	  111.66	78747.53	   36.71	78859.19	-0.297	1.200	1.000	15746.46	100		   30.35	    6.36	59693.30	19165.89	0.827	0.173
53.00	21111.75	   85.49	78802.76	   29.06	78888.25	-0.284	1.200	1.000	15746.49	100		   24.05	    5.01	59717.35	19170.90	0.828	0.172
54.00	21091.73	   61.96	78846.31	   20.02	78908.27	-0.294	1.199	1.000	15746.50	100		   16.67	    3.35	59734.02	19174.25	0.833	0.167
55.00	21075.67	   47.82	78876.51	   16.06	78924.33	-0.290	1.199	1.000	15746.52	100		   13.34	    2.72	59747.36	19176.97	0.831	0.169
56.00	21063.59	   35.93	78900.48	   12.08	78936.41	-0.272	1.199	1.000	15746.53	100		   10.16	    1.92	59757.52	19178.89	0.841	0.159
57.00	21054.75	   26.76	78918.49	    8.84	78945.25	-0.290	1.199	1.000	15746.53	100		    7.43	    1.41	59764.95	19180.30	0.840	0.160
58.00	21047.82	   20.23	78931.95	    6.93	78952.18	-0.287	1.199	1.000	15746.53	100		    5.87	    1.06	59770.82	19181.36	0.847	0.153
59.00	21043.02	   14.17	78942.81	    4.80	78956.98	-0.318	1.199	0.999	15746.53	100		    3.89	    0.91	59774.71	19182.27	0.810	0.190
60.00	21039.48	   10.63	78949.89	    3.54	78960.52	-0.322	1.199	0.999	15746.53	100		    2.86	    0.68	59777.57	19182.95	0.808	0.192
61.00	21036.77	    8.25	78954.98	    2.71	78963.23	-0.270	1.199	0.999	15746.53	100		    2.37	    0.34	59779.94	19183.29	0.875	0.125
62.00	21034.68	    6.47	78958.85	    2.09	78965.32	-0.248	1.199	0.999	15746.53	100		    1.70	    0.39	59781.64	19183.68	0.813	0.187
63.00	21032.96	    5.25	78961.79	    1.72	78967.04	-0.226	1.199	0.999	15746.53	100		    1.43	    0.29	59783.07	19183.97	0.831	0.169
64.00	21031.59	    3.98	78964.43	    1.37	78968.41	-0.243	1.199	0.999	15746.53	100		    1.11	    0.26	59784.18	19184.23	0.810	0.190
65.00	21030.67	    2.93	78966.40	    0.92	78969.33	-0.292	1.199	0.999	15746.53	100		    0.77	    0.15	59784.95	19184.38	0.837	0.163
66.00	21029.86	    2.40	78967.74	    0.81	78970.14	-0.253	1.199	0.999	15746.53	100		    0.70	    0.11	59785.65	19184.49	0.864	0.136
67.00	21029.26	    1.74	78969.00	    0.60	78970.74	-0.261	1.199	0.999	15746.53	100		    0.50	    0.10	59786.15	19184.59	0.833	0.167
68.00	21028.79	    1.30	78969.91	    0.47	78971.21	-0.307	1.199	0.999	15746.53	100		    0.38	    0.09	59786.53	19184.68	0.809	0.191
69.00	21028.51	    0.81	78970.68	    0.28	78971.49	-0.382	1.199	0.999	15746.53	100		    0.22	    0.06	59786.75	19184.74	0.786	0.214
70.00	21028.32	    0.57	78971.11	    0.19	78971.68	-0.412	1.199	0.999	15746.53	100		    0.17	    0.02	59786.92	19184.76	0.895	0.105
71.00	21028.25	    0.35	78971.40	    0.07	78971.75	-0.420	1.199	0.999	15746.53	100		    0.06	    0.01	59786.98	19184.77	0.857	0.143
72.00	21028.14	    0.36	78971.50	    0.11	78971.86	-0.230	1.199	0.999	15746.53	100		    0.08	    0.03	59787.06	19184.80	0.727	0.273
73.00	21028.04	    0.31	78971.65	    0.10	78971.96	-0.061	1.199	0.999	15746.53	100		    0.06	    0.04	59787.12	19184.84	0.600	0.400
74.00	21027.94	    0.25	78971.81	    0.10	78972.06	-0.182	1.199	0.999	15746.53	100		    0.09	    0.01	59787.21	19184.85	0.900	0.100
75.00	21027.89	    0.13	78971.98	    0.05	78972.11	-0.435	1.199	0.999	15746.53	100		    0.04	    0.01	59787.25	19184.86	0.800	0.200
76.00	21027.87	    0.08	78972.05	    0.02	78972.13	-0.570	1.199	0.999	15746.53	100		    0.02	    0.00	59787.27	19184.86	1.000	0.000
77.00	21027.86	    0.06	78972.08	    0.01	78972.14	-0.387	1.199	0.999	15746.53	100		    0.01	    0.00	59787.28	19184.86	1.000	0.000
78.00	21027.82	    0.08	78972.10	    0.04	78972.18	0.000	1.199	0.999	15746.53	100		    0.04	    0.00	59787.32	19184.86	1.000	0.000
79.00	21027.81	    0.06	78972.13	    0.01	78972.19	0.000	1.199	0.999	15746.53	100		    0.01	    0.00	59787.33	19184.86	1.000	0.000
80.00	21027.80	    0.06	78972.14	    0.01	78972.20	-0.144	1.199	0.999	15746.53	100		    0.00	    0.01	59787.33	19184.87	0.000	1.000
81.00	21027.77	    0.08	78972.15	    0.03	78972.23	0.144	1.199	0.999	15746.53	100		    0.03	    0.00	59787.36	19184.87	1.000	0.000
82.00	21027.77	    0.04	78972.19	    0.00	78972.23	-0.203	1.199	0.999	15746.53	100		    0.00	    0.00	59787.36	19184.87	0.000	0.000
83.00	21027.75	    0.06	78972.19	    0.02	78972.25	-0.144	1.199	0.999	15746.53	100		    0.01	    0.01	59787.37	19184.88	0.500	0.500
84.00	21027.73	    0.04	78972.23	    0.02	78972.27	0.000	1.199	0.999	15746.53	100		    0.02	    0.00	59787.39	19184.88	1.000	0.000
85.00	21027.72	    0.03	78972.25	    0.01	78972.28	-0.347	1.199	0.999	15746.53	100		    0.01	    0.00	59787.40	19184.88	1.000	0.000
86.00	21027.71	    0.04	78972.25	    0.01	78972.29	0.000	1.199	0.999	15746.53	100		    0.00	    0.01	59787.40	19184.89	0.000	1.000
87.00	21027.71	    0.02	78972.27	    0.00	78972.29	-0.203	1.199	0.999	15746.53	100		    0.00	    0.00	59787.40	19184.89	0.000	0.000
88.00	21027.69	    0.04	78972.27	    0.02	78972.31	0.000	1.199	0.999	15746.53	100		    0.02	    0.00	59787.42	19184.89	1.000	0.000
89.00	21027.68	    0.02	78972.30	    0.01	78972.32	0.000	1.199	0.999	15746.53	100		    0.01	    0.00	59787.43	19184.89	1.000	0.000
90.00	21027.68	    0.01	78972.31	    0.00	78972.32	-0.693	1.199	0.999	15746.53	100		    0.00	    0.00	59787.43	19184.89	0.000	0.000
91.00	21027.67	    0.02	78972.31	    0.01	78972.33	0.000	1.199	0.999	15746.53	100		    0.01	    0.00	59787.44	19184.89	1.000	0.000
92.00	21027.67	    0.00	78972.33	    0.00	78972.33	0.000	1.199	0.999	15746.53	100		    0.00	    0.00	59787.44	19184.89	0.000	0.000
93.00	21027.67	    0.00	78972.33	    0.00	78972.33	-0.347	1.199	0.999	15746.53	100		    0.00	    0.00	59787.44	19184.89	0.000	0.000
94.00	21027.67	    0.00	78972.33	    0.00	78972.33	0.000	1.199	0.999	15746.53	100		    0.00	    0.00	59787.44	19184.89	0.000	0.000
95.00	21027.67	    0.00	78972.33	    0.00	78972.33	0.000	1.199	0.999	15746.53	100		    0.00	    0.00	59787.44	19184.89	0.000	0.000
96.00	21027.67	    0.00	78972.33	    0.00	78972.33	0.000	1.199	0.999	15746.53	100		    0.00	    0.00	59787.44	19184.89	0.000	0.000
97.00	21027.67	    0.00	78972.33	    0.00	78972.33	0.000	1.199	0.999	15746.53	100		    0.00	    0.00	59787.44	19184.89	0.000	0.000
98.00	21027.67	    0.00	78972.33	    0.00	78972.33	0.000	1.199	0.999	15746.53	100		    0.00	    0.00	59787.44	19184.89	0.000	0.000
99.00	21027.67	    0.00	78972.33	    0.00	78972.33	0.000	1.199	0.999	15746.53	100		    0.00	    0.00	59787.44	19184.89	0.000	0.000
100.00	21027.67	    0.00	78972.33	    0.00	78972.33	0.000	1.199	0.999	15746.53	100		    0.00	    0.00	59787.44	19184.89	0.000	0.000
101.00	21027.67	    0.00	78972.33	    0.00	78972.33	0.000	1.199	0.999	15746.53	100		    0.00	    0.00	59787.44	19184.89	0.000	0.000
102.00	21027.67	    0.00	78972.33	    0.00	78972.33	0.000	1.199	0.999	15746.53	100		    0.00	    0.00	59787.44	19184.89	0.000	0.000
103.00	21027.67	    0.00	78972.33	    0.00	78972.33	0.000	1.199	0.999	15746.53	100		    0.00	    0.00	59787.44	19184.89	0.000	0.000
104.00	21027.67	    0.00	78972.33	    0.00	78972.33	0.000	1.199	0.999	15746.53	100		    0.00	    0.00	59787.44	19184.89	0.000	0.000
105.00	21027.67	    0.00	78972.33	    0.00	78972.33	0.000	1.199	0.999	15746.53	100		    0.00	    0.00	59787.44	19184.89	0.000	0.000
106.00	21027.67	    0.00	78972.33	    0.00	78972.33	0.000	1.199	0.999	15746.53	100		    0.00	    0.00	59787.44	19184.89	0.000	0.000
107.00	21027.67	    0.00	78972.33	    0.00	78972.33	0.000	1.199	0.999	15746.53	100		    0.00	    0.00	59787.44	19184.89	0.000	0.000
108.00	21027.67	    0.00	78972.33	    0.00	78972.33	0.000	1.199	0.999	15746.53	100		    0.00	    0.00	59787.44	19184.89	0.000	0.000
109.00	21027.67	    0.00	78972.33	    0.00	78972.33	0.000	1.199	0.999	15746.53	100		    0.00	    0.00	59787.44	19184.89	0.000	0.000
110.00	21027.67	    0.00	78972.33	    0.00	78972.33	0.000	1.199	0.999	15746.53	100		    0.00	    0.00	59787.44	19184.89	0.000	0.000
111.00	21027.67	    0.00	78972.33	    0.00	78972.33	0.000	1.199	0.999	15746.53	100		    0.00	    0.00	59787.44	19184.89	0.000	0.000
112.00	21027.67	    0.00	78972.33	    0.00	78972.33	0.000	1.199	0.999	15746.53	100		    0.00	    0.00	59787.44	19184.89	0.000	0.000
113.00	21027.67	    0.00	78972.33	    0.00	78972.33	0.000	1.199	0.999	15746.53	100		    0.00	    0.00	59787.44	19184.89	0.000	0.000
114.00	21027.67	    0.00	78972.33	    0.00	78972.33	0.000	1.199	0.999	15746.53	100		    0.00	    0.00	59787.44	19184.89	0.000	0.000
115.00	21027.67	    0.00	78972.33	    0.00	78972.33	0.000	1.199	0.999	15746.53	100		    0.00	    0.00	59787.44	19184.89	0.000	0.000
116.00	21027.67	    0.00	78972.33	    0.00	78972.33	0.000	1.199	0.999	15746.53	100		    0.00	    0.00	59787.44	19184.89	0.000	0.000
117.00	21027.67	    0.00	78972.33	    0.00	78972.33	0.000	1.199	0.999	15746.53	100		    0.00	    0.00	59787.44	19184.89	0.000	0.000
118.00	21027.67	    0.00	78972.33	    0.00	78972.33	0.000	1.199	0.999	15746.53	100		    0.00	    0.00	59787.44	19184.89	0.000	0.000
119.00	21027.67	    0.00	78972.33	    0.00	78972.33	0.000	1.199	0.999	15746.53	100		    0.00	    0.00	59787.44	19184.89	0.000	0.000
120.00	21027.67	    0.00	78972.33	    0.00	78972.33	0.000	1.199	0.999	15746.53	100		    0.00	    0.00	59787.44	19184.89	0.000	0.000
121.00	21027.67	    0.00	78972.33	    0.00	78972.33	0.000	1.199	0.999	15746.53	100		    0.00	    0.00	59787.44	19184.89	0.000	0.000
122.00	21027.67	    0.00	78972.33	    0.00	78972.33	0.000	1.199	0.999	15746.53	100		    0.00	    0.00	59787.44	19184.89	0.000	0.000
123.00	21027.67	    0.00	78972.33	    0.00	78972.33	0.000	1.199	0.999	15746.53	100		    0.00	    0.00	59787.44	19184.89	0.000	0.000
124.00	21027.67	    0.00	78972.33	    0.00	78972.33	0.000	1.199	0.999	15746.53	100		    0.00	    0.00	59787.44	19184.89	0.000	0.000
125.00	21027.67	    0.00	78972.33	    0.00	78972.33	0.000	1.199	0.999	15746.53	100		    0.00	    0.00	59787.44	19184.89	0.000	0.000
126.00	21027.67	    0.00	78972.33	    0.00	78972.33	0.000	1.199	0.999	15746.53	100		    0.00	    0.00	59787.44	19184.89	0.000	0.000
127.00	21027.67	    0.00	78972.33	    0.00	78972.33	0.000	1.199	0.999	15746.53	100		    0.00	    0.00	59787.44	19184.89	0.000	0.000
128.00	21027.67	    0.00	78972.33	    0.00	78972.33	0.000	1.199	0.999	15746.53	100		    0.00	    0.00	59787.44	19184.89	0.000	0.000
129.00	21027.67	    0.00	78972.33	    0.00	78972.33	0.000	1.199	0.999	15746.53	100		    0.00	    0.00	59787.44	19184.89	0.000	0.000
130.00	21027.67	    0.00	78972.33	    0.00	78972.33	0.000	1.199	0.999	15746.53	100		    0.00	    0.00	59787.44	19184.89	0.000	0.000
131.00	21027.67	    0.00	78972.33	    0.00	78972.33	0.000	1.199	0.999	15746.53	100		    0.00	    0.00	59787.44	19184.89	0.000	0.000
132.00	21027.67	    0.00	78972.33	    0.00	78972.33	0.000	1.199	0.999	15746.53	100		    0.00	    0.00	59787.44	19184.89	0.000	0.000
133.00	21027.67	    0.00	78972.33	    0.00	78972.33	0.000	1.199	0.999	15746.53	100		    0.00	    0.00	59787.44	19184.89	0.000	0.000
134.00	21027.67	    0.00	78972.33	    0.00	78972.33	0.000	1.199	0.999	15746.53	100		    0.00	    0.00	59787.44	19184.89	0.000	0.000
135.00	21027.67	    0.00	78972.33	    0.00	78972.33	0.000	1.199	0.999	15746.53	100		    0.00	    0.00	59787.44	19184.89	0.000	0.000
136.00	21027.67	    0.00	78972.33	    0.00	78972.33	0.000	1.199	0.999	15746.53	100		    0.00	    0.00	59787.44	19184.89	0.000	0.000
137.00	21027.67	    0.00	78972.33	    0.00	78972.33	0.000	1.199	0.999	15746.53	100		    0.00	    0.00	59787.44	19184.89	0.000	0.000
138.00	21027.67	    0.00	78972.33	    0.00	78972.33	0.000	1.199	0.999	15746.53	100		    0.00	    0.00	59787.44	19184.89	0.000	0.000
139.00	21027.67	    0.00	78972.33	    0.00	78972.33	0.000	1.199	0.999	15746.53	100		    0.00	    0.00	59787.44	19184.89	0.000	0.000
140.00	21027.67	    0.00	78972.33	    0.00	78972.33	0.000	1.199	0.999	15746.53	100		    0.00	    0.00	59787.44	19184.89	0.000	0.000
141.00	21027.67	    0.00	78972.33	    0.00	78972.33	0.000	1.199	0.999	15746.53	100		    0.00	    0.00	59787.44	19184.89	0.000	0.000
142.00	21027.67	    0.00	78972.33	    0.00	78972.33	0.000	1.199	0.999	15746.53	100		    0.00	    0.00	59787.44	19184.89	0.000	0.000
143.00	21027.67	    0.00	78972.33	    0.00	78972.33	0.000	1.199	0.999	15746.53	100		    0.00	    0.00	59787.44	19184.89	0.000	0.000
144.00	21027.67	    0.00	78972.33	    0.00	78972.33	0.000	1.199	0.999	15746.53	100		    0.00	    0.00	59787.44	19184.89	0.000	0.000
145.00	21027.67	    0.00	78972.33	    0.00	78972.33	0.000	1.199	0.999	15746.53	100		    0.00	    0.00	59787.44	19184.89	0.000	0.000
146.00	21027.67	    0.00	78972.33	    0.00	78972.33	0.000	1.199	0.999	15746.53	100		    0.00	    0.00	59787.44	19184.89	0.000	0.000
147.00	21027.67	    0.00	78972.33	    0.00	78972.33	0.000	1.199	0.999	15746.53	100		    0.00	    0.00	59787.44	19184.89	0.000	0.000
148.00	21027.67	    0.00	78972.33	    0.00	78972.33	0.000	1.199	0.999	15746.53	100		    0.00	    0.00	59787.44	19184.89	0.000	0.000
149.00	21027.67	    0.00	78972.33	    0.00	78972.33	0.000	1.199	0.999	15746.53	100		    0.00	    0.00	59787.44	19184.89	0.000	0.000
150.00	21027.67	    0.00	78972.33	    0.00	78972.33	0.000	1.199	0.999	15746.53	100		    0.00	    0.00	59787.44	19184.89	0.000	0.000
151.00	21027.67	    0.00	78972.33	    0.00	78972.33	0.000	1.199	0.999	15746.53	100		    0.00	    0.00	59787.44	19184.89	0.000	0.000
152.00	21027.67	    0.00	78972.33	    0.00	78972.33	0.000	1.199	0.999	15746.53	100		    0.00	    0.00	59787.44	19184.89	0.000	0.000
153.00	21027.67	    0.00	78972.33	    0.00	78972.33	0.000	1.199	0.999	15746.53	100		    0.00	    0.00	59787.44	19184.89	0.000	0.000
154.00	21027.67	    0.00	78972.33	    0.00	78972.33	0.000	1.199	0.999	15746.53	100		    0.00	    0.00	59787.44	19184.89	0.000	0.000
155.00	21027.67	    0.00	78972.33	    0.00	78972.33	0.000	1.199	0.999	15746.53	100		    0.00	    0.00	59787.44	19184.89	0.000	0.000
156.00	21027.67	    0.00	78972.33	    0.00	78972.33	0.000	1.199	0.999	15746.53	100		    0.00	    0.00	59787.44	19184.89	0.000	0.000
157.00	21027.67	    0.00	78972.33	    0.00	78972.33	0.000	1.199	0.999	15746.53	100		    0.00	    0.00	59787.44	19184.89	0.000	0.000
158.00	21027.67	    0.00	78972.33	    0.00	78972.33	0.000	1.199	0.999	15746.53	100		    0.00	    0.00	59787.44	19184.89	0.000	0.000
159.00	21027.67	    0.00	78972.33	    0.00	78972.33	0.000	1.199	0.999	15746.53	100		    0.00	    0.00	59787.44	19184.89	0.000	0.000
160.00	21027.67	    0.00	78972.33	    0.00	78972.33	0.000	1.199	0.999	15746.53	100		    0.00	    0.00	59787.44	19184.89	0.000	0.000
161.00	21027.67	    0.00	78972.33	    0.00	78972.33	0.000	1.199	0.999	15746.53	100		    0.00	    0.00	59787.44	19184.89	0.000	0.000
162.00	21027.67	    0.00	78972.33	    0.00	78972.33	0.000	1.199	0.999	15746.53	100		    0.00	    0.00	59787.44	19184.89	0.000	0.000
163.00	21027.67	    0.00	78972.33	    0.00	78972.33	0.000	1.199	0.999	15746.53	100		    0.00	    0.00	59787.44	19184.89	0.000	0.000
164.00	21027.67	    0.00	78972.33	    0.00	78972.33	0.000	1.199	0.999	15746.53	100		    0.00	    0.00	59787.44	19184.89	0.000	0.000
165.00	21027.67	    0.00	78972.33	    0.00	78972.33	0.000	1.199	0.999	15746.53	100		    0.00	    0.00	59787.44	19184.89	0.000	0.000
166.00	21027.67	    0.00	78972.33	    0.00	78972.33	0.000	1.199	0.999	15746.53	100		    0.00	    0.00	59787.44	19184.89	0.000	0.000
167.00	21027.67	    0.00	78972.33	    0.00	78972.33	0.000	1.199	0.999	15746.53	100		    0.00	    0.00	59787.44	19184.89	0.000	0.000
168.00	21027.67	    0.00	78972.33	    0.00	78972.33	0.000	1.199	0.999	15746.53	100		    0.00	    0.00	59787.44	19184.89	0.000	0.000
169.00	21027.67	    0.00	78972.33	    0.00	78972.33	0.000	1.199	0.999	15746.53	100		    0.00	    0.00	59787.44	19184.89	0.000	0.000
170.00	21027.67	    0.00	78972.33	    0.00	78972.33	0.000	1.199	0.999	15746.53	100		    0.00	    0.00	59787.44	19184.89	0.000	0.000
171.00	21027.67	    0.00	78972.33	    0.00	78972.33	0.000	1.199	0.999	15746.53	100		    0.00	    0.00	59787.44	19184.89	0.000	0.000
172.00	21027.67	    0.00	78972.33	    0.00	78972.33	0.000	1.199	0.999	15746.53	100		    0.00	    0.00	59787.44	19184.89	0.000	0.000
173.00	21027.67	    0.00	78972.33	    0.00	78972.33	0.000	1.199	0.999	15746.53	100		    0.00	    0.00	59787.44	19184.89	0.000	0.000
174.00	21027.67	    0.00	78972.33	    0.00	78972.33	0.000	1.199	0.999	15746.53	100		    0.00	    0.00	59787.44	19184.89	0.000	0.000
175.00	21027.67	    0.00	78972.33	    0.00	78972.33	0.000	1.199	0.999	15746.53	100		    0.00	    0.00	59787.44	19184.89	0.000	0.000
176.00	21027.67	    0.00	78972.33	    0.00	78972.33	0.000	1.199	0.999	15746.53	100		    0.00	    0.00	59787.44	19184.89	0.000	0.000
177.00	21027.67	    0.00	78972.33	    0.00	78972.33	0.000	1.199	0.999	15746.53	100		    0.00	    0.00	59787.44	19184.89	0.000	0.000
178.00	21027.67	    0.00	78972.33	    0.00	78972.33	0.000	1.199	0.999	15746.53	100		    0.00	    0.00	59787.44	19184.89	0.000	0.000
179.00	21027.67	    0.00	78972.33	    0.00	78972.33	0.000	1.199	0.999	15746.53	100		    0.00	    0.00	59787.44	19184.89	0.000	0.000
180.00	21027.67	    0.00	78972.33	    0.00	78972.33	0.000	1.199	0.999	15746.53	100		    0.00	    0.00	59787.44	19184.89	0.000	0.000
181.00	21027.67	    0.00	78972.33	    0.00	78972.33	0.000	1.199	0.999	15746.53	100		    0.00	    0.00	59787.44	19184.89	0.000	0.000
182.00	21027.67	    0.00	78972.33	    0.00	78972.33	0.000	1.199	0.999	15746.53	100		    0.00	    0.00	59787.44	19184.89	0.000	0.000
183.00	21027.67	    0.00	78972.33	    0.00	78972.33	0.000	1.199	0.999	15746.53	100		    0.00	    0.00	59787.44	19184.89	0.000	0.000
184.00	21027.67	    0.00	78972.33	    0.00	78972.33	0.000	1.199	0.999	15746.53	100		    0.00	    0.00	59787.44	19184.89	0.000	0.000
185.00	21027.67	    0.00	78972.33	    0.00	78972.33	0.000	1.199	0.999	15746.53	100		    0.00	    0.00	59787.44	19184.89	0.000	0.000
186.00	21027.67	    0.00	78972.33	    0.00	78972.33	0.000	1.199	0.999	15746.53	100		    0.00	    0.00	59787.44	19184.89	0.000	0.000
187.00	21027.67	    0.00	78972.33	    0.00	78972.33	0.000	1.199	0.999	15746.53	100		    0.00	    0.00	59787.44	19184.89	0.000	0.000
188.00	21027.67	    0.00	78972.33	    0.00	78972.33	0.000	1.199	0.999	15746.53	100		    0.00	    0.00	59787.44	19184.89	0.000	0.000
189.00	21027.67	    0.00	78972.33	    0.00	78972.33	0.000	1.199	0.999	15746.53	100		    0.00	    0.00	59787.44	19184.89	0.000	0.000
190.00	21027.67	    0.00	78972.33	    0.00	78972.33	0.000	1.199	0.999	15746.53	100		    0.00	    0.00	59787.44	19184.89	0.000	0.000
191.00	21027.67	    0.00	78972.33	    0.00	78972.33	0.000	1.199	0.999	15746.53	100		    0.00	    0.00	59787.44	19184.89	0.000	0.000
192.00	21027.67	    0.00	78972.33	    0.00	78972.33	0.000	1.199	0.999	15746.53	100		    0.00	    0.00	59787.44	19184.89	0.000	0.000
193.00	21027.67	    0.00	78972.33	    0.00	78972.33	0.000	1.199	0.999	15746.53	100		    0.00	    0.00	59787.44	19184.89	0.000	0.000
194.00	21027.67	    0.00	78972.33	    0.00	78972.33	0.000	1.199	0.999	15746.53	100		    0.00	    0.00	59787.44	19184.89	0.000	0.000
195.00	21027.67	    0.00	78972.33	    0.00	78972.33	0.000	1.199	0.999	15746.53	100		    0.00	    0.00	59787.44	19184.89	0.000	0.000
196.00	21027.67	    0.00	78972.33	    0.00	78972.33	0.000	1.199	0.999	15746.53	100		    0.00	    0.00	59787.44	19184.89	0.000	0.000
197.00	21027.67	    0.00	78972.33	    0.00	78972.33	0.000	1.199	0.999	15746.53	100		    0.00	    0.00	59787.44	19184.89	0.000	0.000
198.00	21027.67	    0.00	78972.33	    0.00	78972.33	0.000	1.199	0.999	15746.53	100		    0.00	    0.00	59787.44	19184.89	0.000	0.000
199.00	21027.67	    0.00	78972.33	    0.00	78972.33	0.000	1.199	0.999	15746.53	100		    0.00	    0.00	59787.44	19184.89	0.000	0.000
200.00	21027.67	    0.00	78972.33	    0.00	78972.33	0.000	1.199	0.999	15746.53	100		    0.00	    0.00	59787.44	19184.89	0.000	0.000
201.00	21027.67	    0.00	78972.33	    0.00	78972.33	0.000	1.199	0.999	15746.53	100		    0.00	    0.00	59787.44	19184.89	0.000	0.000
202.00	21027.67	    0.00	78972.33	    0.00	78972.33	0.000	1.199	0.999	15746.53	100		    0.00	    0.00	59787.44	19184.89	0.000	0.000
203.00	21027.67	    0.00	78972.33	    0.00	78972.33	0.000	1.199	0.999	15746.53	100		    0.00	    0.00	59787.44	19184.89	0.000	0.000
204.00	21027.67	    0.00	78972.33	    0.00	78972.33	0.000	1.199	0.999	15746.53	100		    0.00	    0.00	59787.44	19184.89	0.000	0.000
205.00	21027.67	    0.00	78972.33	    0.00	78972.33	0.000	1.199	0.999	15746.53	100		    0.00	    0.00	59787.44	19184.89	0.000	0.000
206.00	21027.67	    0.00	78972.33	    0.00	78972.33	0.000	1.199	0.999	15746.53	100		    0.00	    0.00	59787.44	19184.89	0.000	0.000
207.00	21027.67	    0.00	78972.33	    0.00	78972.33	0.000	1.199	0.999	15746.53	100		    0.00	    0.00	59787.44	19184.89	0.000	0.000
208.00	21027.67	    0.00	78972.33	    0.00	78972.33	0.000	1.199	0.999	15746.53	100		    0.00	    0.00	59787.44	19184.89	0.000	0.000
209.00	21027.67	    0.00	78972.33	    0.00	78972.33	0.000	1.199	0.999	15746.53	100		    0.00	    0.00	59787.44	19184.89	0.000	0.000
210.00	21027.67	    0.00	78972.33	    0.00	78972.33	0.000	1.199	0.999	15746.53	100		    0.00	    0.00	59787.44	19184.89	0.000	0.000
211.00	21027.67	    0.00	78972.33	    0.00	78972.33	0.000	1.199	0.999	15746.53	100		    0.00	    0.00	59787.44	19184.89	0.000	0.000
212.00	21027.67	    0.00	78972.33	    0.00	78972.33	0.000	1.199	0.999	15746.53	100		    0.00	    0.00	59787.44	19184.89	0.000	0.000
213.00	21027.67	    0.00	78972.33	    0.00	78972.33	0.000	1.199	0.999	15746.53	100		    0.00	    0.00	59787.44	19184.89	0.000	0.000
214.00	21027.67	    0.00	78972.33	    0.00	78972.33	0.000	1.199	0.999	15746.53	100		    0.00	    0.00	59787.44	19184.89	0.000	0.000
215.00	21027.67	    0.00	78972.33	    0.00	78972.33	0.000	1.199	0.999	15746.53	100		    0.00	    0.00	59787.44	19184.89	0.000	0.000
216.00	21027.67	    0.00	78972.33	    0.00	78972.33	0.000	1.199	0.999	15746.53	100		    0.00	    0.00	59787.44	19184.89	0.000	0.000
217.00	21027.67	    0.00	78972.33	    0.00	78972.33	0.000	1.199	0.999	15746.53	100		    0.00	    0.00	59787.44	19184.89	0.000	0.000
218.00	21027.67	    0.00	78972.33	    0.00	78972.33	0.000	1.199	0.999	15746.53	100		    0.00	    0.00	59787.44	19184.89	0.000	0.000
219.00	21027.67	    0.00	78972.33	    0.00	78972.33	0.000	1.199	0.999	15746.53	100		    0.00	    0.00	59787.44	19184.89	0.000	0.000
220.00	21027.67	    0.00	78972.33	    0.00	78972.33	0.000	1.199	0.999	15746.53	100		    0.00	    0.00	59787.44	19184.89	0.000	0.000
221.00	21027.67	    0.00	78972.33	    0.00	78972.33	0.000	1.199	0.999	15746.53	100		    0.00	    0.00	59787.44	19184.89	0.000	0.000
222.00	21027.67	    0.00	78972.33	    0.00	78972.33	0.000	1.199	0.999	15746.53	100		    0.00	    0.00	59787.44	19184.89	0.000	0.000
223.00	21027.67	    0.00	78972.33	    0.00	78972.33	0.000	1.199	0.999	15746.53	100		    0.00	    0.00	59787.44	19184.89	0.000	0.000
224.00	21027.67	    0.00	78972.33	    0.00	78972.33	0.000	1.199	0.999	15746.53	100		    0.00	    0.00	59787.44	19184.89	0.000	0.000
225.00	21027.67	    0.00	78972.33	    0.00	78972.33	0.000	1.199	0.999	15746.53	100		    0.00	    0.00	59787.44	19184.89	0.000	0.000
226.00	21027.67	    0.00	78972.33	    0.00	78972.33	0.000	1.199	0.999	15746.53	100		    0.00	    0.00	59787.44	19184.89	0.000	0.000
227.00	21027.67	    0.00	78972.33	    0.00	78972.33	0.000	1.199	0.999	15746.53	100		    0.00	    0.00	59787.44	19184.89	0.000	0.000
228.00	21027.67	    0.00	78972.33	    0.00	78972.33	0.000	1.199	0.999	15746.53	100		    0.00	    0.00	59787.44	19184.89	0.000	0.000
229.00	21027.67	    0.00	78972.33	    0.00	78972.33	0.000	1.199	0.999	15746.53	100		    0.00	    0.00	59787.44	19184.89	0.000	0.000
230.00	21027.67	    0.00	78972.33	    0.00	78972.33	0.000	1.199	0.999	15746.53	100		    0.00	    0.00	59787.44	19184.89	0.000	0.000
231.00	21027.67	    0.00	78972.33	    0.00	78972.33	0.000	1.199	0.999	15746.53	100		    0.00	    0.00	59787.44	19184.89	0.000	0.000
232.00	21027.67	    0.00	78972.33	    0.00	78972.33	0.000	1.199	0.999	15746.53	100		    0.00	    0.00	59787.44	19184.89	0.000	0.000
233.00	21027.67	    0.00	78972.33	    0.00	78972.33	0.000	1.199	0.999	15746.53	100		    0.00	    0.00	59787.44	19184.89	0.000	0.000
234.00	21027.67	    0.00	78972.33	    0.00	78972.33	0.000	1.199	0.999	15746.53	100		    0.00	    0.00	59787.44	19184.89	0.000	0.000
235.00	21027.67	    0.00	78972.33	    0.00	78972.33	0.000	1.199	0.999	15746.53	100		    0.00	    0.00	59787.44	19184.89	0.000	0.000
236.00	21027.67	    0.00	78972.33	    0.00	78972.33	0.000	1.199	0.999	15746.53	100		    0.00	    0.00	59787.44	19184.89	0.000	0.000
237.00	21027.67	    0.00	78972.33	    0.00	78972.33	0.000	1.199	0.999	15746.53	100		    0.00	    0.00	59787.44	19184.89	0.000	0.000
238.00	21027.67	    0.00	78972.33	    0.00	78972.33	0.000	1.199	0.999	15746.53	100		    0.00	    0.00	59787.44	19184.89	0.000	0.000
239.00	21027.67	    0.00	78972.33	    0.00	78972.33	0.000	1.199	0.999	15746.53	100		    0.00	    0.00	59787.44	19184.89	0.000	0.000
240.00	21027.67	    0.00	78972.33	    0.00	78972.33	0.000	1.199	0.999	15746.53	100		    0.00	    0.00	59787.44	19184.89	0.000	0.000
241.00	21027.67	    0.00	78972.33	    0.00	78972.33	0.000	1.199	0.999	15746.53	100		    0.00	    0.00	59787.44	19184.89	0.000	0.000
242.00	21027.67	    0.00	78972.33	    0.00	78972.33	0.000	1.199	0.999	15746.53	100		    0.00	    0.00	59787.44	19184.89	0.000	0.000
243.00	21027.67	    0.00	78972.33	    0.00	78972.33	0.000	1.199	0.999	15746.53	100		    0.00	    0.00	59787.44	19184.89	0.000	0.000
244.00	21027.67	    0.00	78972.33	    0.00	78972.33	0.000	1.199	0.999	15746.53	100		    0.00	    0.00	59787.44	19184.89	0.000	0.000
245.00	21027.67	    0.00	78972.33	    0.00	78972.33	0.000	1.199	0.999	15746.53	100		    0.00	    0.00	59787.44	19184.89	0.000	0.000
246.00	21027.67	    0.00	78972.33	    0.00	78972.33	0.000	1.199	0.999	15746.53	100		    0.00	    0.00	59787.44	19184.89	0.000	0.000
247.00	21027.67	    0.00	78972.33	    0.00	78972.33	0.000	1.199	0.999	15746.53	100		    0.00	    0.00	59787.44	19184.89	0.000	0.000
248.00	21027.67	    0.00	78972.33	    0.00	78972.33	0.000	1.199	0.999	15746.53	100		    0.00	    0.00	59787.44	19184.89	0.000	0.000
249.00	21027.67	    0.00	78972.33	    0.00	78972.33	0.000	1.199	0.999	15746.53	100		    0.00	    0.00	59787.44	19184.89	0.000	0.000
250.00	21027.67	    0.00	78972.33	    0.00	78972.33	0.000	1.199	0.999	15746.53	100		    0.00	    0.00	59787.44	19184.89	0.000	0.000
251.00	21027.67	    0.00	78972.33	    0.00	78972.33	0.000	1.199	0.999	15746.53	100		    0.00	    0.00	59787.44	19184.89	0.000	0.000
252.00	21027.67	    0.00	78972.33	    0.00	78972.33	0.000	1.199	0.999	15746.53	100		    0.00	    0.00	59787.44	19184.89	0.000	0.000
253.00	21027.67	    0.00	78972.33	    0.00	78972.33	0.000	1.199	0.999	15746.53	100		    0.00	    0.00	59787.44	19184.89	0.000	0.000
254.00	21027.67	    0.00	78972.33	    0.00	78972.33	0.000	1.199	0.999	15746.53	100		    0.00	    0.00	59787.44	19184.89	0.000	0.000
255.00	21027.67	    0.00	78972.33	    0.00	78972.33	0.000	1.199	0.999	15746.53	100		    0.00	    0.00	59787.44	19184.89	0.000	0.000
256.00	21027.67	    0.00	78972.33	    0.00	78972.33	0.000	1.199	0.999	15746.53	100		    0.00	    0.00	59787.44	19184.89	0.000	0.000
257.00	21027.67	    0.00	78972.33	    0.00	78972.33	0.000	1.199	0.999	15746.53	100		    0.00	    0.00	59787.44	19184.89	0.000	0.000
258.00	21027.67	    0.00	78972.33	    0.00	78972.33	0.000	1.199	0.999	15746.53	100		    0.00	    0.00	59787.44	19184.89	0.000	0.000
259.00	21027.67	    0.00	78972.33	    0.00	78972.33	0.000	1.199	0.999	15746.53	100		    0.00	    0.00	59787.44	19184.89	0.000	0.000
260.00	21027.67	    0.00	78972.33	    0.00	78972.33	0.000	1.199	0.999	15746.53	100		    0.00	    0.00	59787.44	19184.89	0.000	0.000
261.00	21027.67	    0.00	78972.33	    0.00	78972.33	0.000	1.199	0.999	15746.53	100		    0.00	    0.00	59787.44	19184.89	0.000	0.000
262.00	21027.67	    0.00	78972.33	    0.00	78972.33	0.000	1.199	0.999	15746.53	100		    0.00	    0.00	59787.44	19184.89	0.000	0.000
263.00	21027.67	    0.00	78972.33	    0.00	78972.33	0.000	1.199	0.999	15746.53	100		    0.00	    0.00	59787.44	19184.89	0.000	0.000
264.00	21027.67	    0.00	78972.33	    0.00	78972.33	0.000	1.199	0.999	15746.53	100		    0.00	    0.00	59787.44	19184.89	0.000	0.000
265.00	21027.67	    0.00	78972.33	    0.00	78972.33	0.000	1.199	0.999	15746.53	100		    0.00	    0.00	59787.44	19184.89	0.000	0.000
266.00	21027.67	    0.00	78972.33	    0.00	78972.33	0.000	1.199	0.999	15746.53	100		    0.00	    0.00	59787.44	19184.89	0.000	0.000
267.00	21027.67	    0.00	78972.33	    0.00	78972.33	0.000	1.199	0.999	15746.53	100		    0.00	    0.00	59787.44	19184.89	0.000	0.000
268.00	21027.67	    0.00	78972.33	    0.00	78972.33	0.000	1.199	0.999	15746.53	100		    0.00	    0.00	59787.44	19184.89	0.000	0.000
269.00	21027.67	    0.00	78972.33	    0.00	78972.33	0.000	1.199	0.999	15746.53	100		    0.00	    0.00	59787.44	19184.89	0.000	0.000
270.00	21027.67	    0.00	78972.33	    0.00	78972.33	0.000	1.199	0.999	15746.53	100		    0.00	    0.00	59787.44	19184.89	0.000	0.000
271.00	21027.67	    0.00	78972.33	    0.00	78972.33	0.000	1.199	0.999	15746.53	100		    0.00	    0.00	59787.44	19184.89	0.000	0.000
272.00	21027.67	    0.00	78972.33	    0.00	78972.33	0.000	1.199	0.999	15746.53	100		    0.00	    0.00	59787.44	19184.89	0.000	0.000
273.00	21027.67	    0.00	78972.33	    0.00	78972.33	0.000	1.199	0.999	15746.53	100		    0.00	    0.00	59787.44	19184.89	0.000	0.000
274.00	21027.67	    0.00	78972.33	    0.00	78972.33	0.000	1.199	0.999	15746.53	100		    0.00	    0.00	59787.44	19184.89	0.000	0.000
275.00	21027.67	    0.00	78972.33	    0.00	78972.33	0.000	1.199	0.999	15746.53	100		    0.00	    0.00	59787.44	19184.89	0.000	0.000
276.00	21027.67	    0.00	78972.33	    0.00	78972.33	0.000	1.199	0.999	15746.53	100		    0.00	    0.00	59787.44	19184.89	0.000	0.000
277.00	21027.67	    0.00	78972.33	    0.00	78972.33	0.000	1.199	0.999	15746.53	100		    0.00	    0.00	59787.44	19184.89	0.000	0.000
278.00	21027.67	    0.00	78972.33	    0.00	78972.33	0.000	1.199	0.999	15746.53	100		    0.00	    0.00	59787.44	19184.89	0.000	0.000
279.00	21027.67	    0.00	78972.33	    0.00	78972.33	0.000	1.199	0.999	15746.53	100		    0.00	    0.00	59787.44	19184.89	0.000	0.000
280.00	21027.67	    0.00	78972.33	    0.00	78972.33	0.000	1.199	0.999	15746.53	100		    0.00	    0.00	59787.44	19184.89	0.000	0.000
281.00	21027.67	    0.00	78972.33	    0.00	78972.33	0.000	1.199	0.999	15746.53	100		    0.00	    0.00	59787.44	19184.89	0.000	0.000
282.00	21027.67	    0.00	78972.33	    0.00	78972.33	0.000	1.199	0.999	15746.53	100		    0.00	    0.00	59787.44	19184.89	0.000	0.000
283.00	21027.67	    0.00	78972.33	    0.00	78972.33	0.000	1.199	0.999	15746.53	100		    0.00	    0.00	59787.44	19184.89	0.000	0.000
284.00	21027.67	    0.00	78972.33	    0.00	78972.33	0.000	1.199	0.999	15746.53	100		    0.00	    0.00	59787.44	19184.89	0.000	0.000
285.00	21027.67	    0.00	78972.33	    0.00	78972.33	0.000	1.199	0.999	15746.53	100		    0.00	    0.00	59787.44	19184.89	0.000	0.000
286.00	21027.67	    0.00	78972.33	    0.00	78972.33	0.000	1.199	0.999	15746.53	100		    0.00	    0.00	59787.44	19184.89	0.000	0.000
287.00	21027.67	    0.00	78972.33	    0.00	78972.33	0.000	1.199	0.999	15746.53	100		    0.00	    0.00	59787.44	19184.89	0.000	0.000
288.00	21027.67	    0.00	78972.33	    0.00	78972.33	0.000	1.199	0.999	15746.53	100		    0.00	    0.00	59787.44	19184.89	0.000	0.000
289.00	21027.67	    0.00	78972.33	    0.00	78972.33	0.000	1.199	0.999	15746.53	100		    0.00	    0.00	59787.44	19184.89	0.000	0.000
290.00	21027.67	    0.00	78972.33	    0.00	78972.33	0.000	1.199	0.999	15746.53	100		    0.00	    0.00	59787.44	19184.89	0.000	0.000
291.00	21027.67	    0.00	78972.33	    0.00	78972.33	0.000	1.199	0.999	15746.53	100		    0.00	    0.00	59787.44	19184.89	0.000	0.000
292.00	21027.67	    0.00	78972.33	    0.00	78972.33	0.000	1.199	0.999	15746.53	100		    0.00	    0.00	59787.44	19184.89	0.000	0.000
293.00	21027.67	    0.00	78972.33	    0.00	78972.33	0.000	1.199	0.999	15746.53	100		    0.00	    0.00	59787.44	19184.89	0.000	0.000
294.00	21027.67	    0.00	78972.33	    0.00	78972.33	0.000	1.199	0.999	15746.53	100		    0.00	    0.00	59787.44	19184.89	0.000	0.000
295.00	21027.67	    0.00	78972.33	    0.00	78972.33	0.000	1.199	0.999	15746.53	100		    0.00	    0.00	59787.44	19184.89	0.000	0.000
296.00	21027.67	    0.00	78972.33	    0.00	78972.33	0.000	1.199	0.999	15746.53	100		    0.00	    0.00	59787.44	19184.89	0.000	0.000
297.00	21027.67	    0.00	78972.33	    0.00	78972.33	0.000	1.199	0.999	15746.53	100		    0.00	    0.00	59787.44	19184.89	0.000	0.000
298.00	21027.67	    0.00	78972.33	    0.00	78972.33	0.000	1.199	0.999	15746.53	100		    0.00	    0.00	59787.44	19184.89	0.000	0.000
299.00	21027.67	    0.00	78972.33	    0.00	78972.33	0.000	1.199	0.999	15746.53	100		    0.00	    0.00	59787.44	19184.89	0.000	0.000
300.00	21027.67	    0.00	78972.33	    0.00	78972.33	0.000	1.199	0.999	15746.53	100		    0.00	    0.00	59787.44	19184.89	0.000	0.000
301.00	21027.67	    0.00	78972.33	    0.00	78972.33	0.000	1.199	0.999	15746.53	100		    0.00	    0.00	59787.44	19184.89	0.000	0.000
302.00	21027.67	    0.00	78972.33	    0.00	78972.33	0.000	1.199	0.999	15746.53	100		    0.00	    0.00	59787.44	19184.89	0.000	0.000
303.00	21027.67	    0.00	78972.33	    0.00	78972.33	0.000	1.199	0.999	15746.53	100		    0.00	    0.00	59787.44	19184.89	0.000	0.000
304.00	21027.67	    0.00	78972.33	    0.00	78972.33	0.000	1.199	0.999	15746.53	100		    0.00	    0.00	59787.44	19184.89	0.000	0.000
305.00	21027.67	    0.00	78972.33	    0.00	78972.33	0.000	1.199	0.999	15746.53	100		    0.00	    0.00	59787.44	19184.89	0.000	0.000
306.00	21027.67	    0.00	78972.33	    0.00	78972.33	0.000	1.199	0.999	15746.53	100		    0.00	    0.00	59787.44	19184.89	0.000	0.000
307.00	21027.67	    0.00	78972.33	    0.00	78972.33	0.000	1.199	0.999	15746.53	100		    0.00	    0.00	59787.44	19184.89	0.000	0.000
308.00	21027.67	    0.00	78972.33	    0.00	78972.33	0.000	1.199	0.999	15746.53	100		    0.00	    0.00	59787.44	19184.89	0.000	0.000
309.00	21027.67	    0.00	78972.33	    0.00	78972.33	0.000	1.199	0.999	15746.53	100		    0.00	    0.00	59787.44	19184.89	0.000	0.000
310.00	21027.67	    0.00	78972.33	    0.00	78972.33	0.000	1.199	0.999	15746.53	100		    0.00	    0.00	59787.44	19184.89	0.000	0.000
311.00	21027.67	    0.00	78972.33	    0.00	78972.33	0.000	1.199	0.999	15746.53	100		    0.00	    0.00	59787.44	19184.89	0.000	0.000
312.00	21027.67	    0.00	78972.33	    0.00	78972.33	0.000	1.199	0.999	15746.53	100		    0.00	    0.00	59787.44	19184.89	0.000	0.000
313.00	21027.67	    0.00	78972.33	    0.00	78972.33	0.000	1.199	0.999	15746.53	100		    0.00	    0.00	59787.44	19184.89	0.000	0.000
314.00	21027.67	    0.00	78972.33	    0.00	78972.33	0.000	1.199	0.999	15746.53	100		    0.00	    0.00	59787.44	19184.89	0.000	0.000
315.00	21027.67	    0.00	78972.33	    0.00	78972.33	0.000	1.199	0.999	15746.53	100		    0.00	    0.00	59787.44	19184.89	0.000	0.000
316.00	21027.67	    0.00	78972.33	    0.00	78972.33	0.000	1.199	0.999	15746.53	100		    0.00	    0.00	59787.44	19184.89	0.000	0.000
317.00	21027.67	    0.00	78972.33	    0.00	78972.33	0.000	1.199	0.999	15746.53	100		    0.00	    0.00	59787.44	19184.89	0.000	0.000
318.00	21027.67	    0.00	78972.33	    0.00	78972.33	0.000	1.199	0.999	15746.53	100		    0.00	    0.00	59787.44	19184.89	0.000	0.000
319.00	21027.67	    0.00	78972.33	    0.00	78972.33	0.000	1.199	0.999	15746.53	100		    0.00	    0.00	59787.44	19184.89	0.000	0.000
320.00	21027.67	    0.00	78972.33	    0.00	78972.33	0.000	1.199	0.999	15746.53	100		    0.00	    0.00	59787.44	19184.89	0.000	0.000
321.00	21027.67	    0.00	78972.33	    0.00	78972.33	0.000	1.199	0.999	15746.53	100		    0.00	    0.00	59787.44	19184.89	0.000	0.000
322.00	21027.67	    0.00	78972.33	    0.00	78972.33	0.000	1.199	0.999	15746.53	100		    0.00	    0.00	59787.44	19184.89	0.000	0.000
323.00	21027.67	    0.00	78972.33	    0.00	78972.33	0.000	1.199	0.999	15746.53	100		    0.00	    0.00	59787.44	19184.89	0.000	0.000
324.00	21027.67	    0.00	78972.33	    0.00	78972.33	0.000	1.199	0.999	15746.53	100		    0.00	    0.00	59787.44	19184.89	0.000	0.000
325.00	21027.67	    0.00	78972.33	    0.00	78972.33	0.000	1.199	0.999	15746.53	100		    0.00	    0.00	59787.44	19184.89	0.000	0.000
326.00	21027.67	    0.00	78972.33	    0.00	78972.33	0.000	1.199	0.999	15746.53	100		    0.00	    0.00	59787.44	19184.89	0.000	0.000
327.00	21027.67	    0.00	78972.33	    0.00	78972.33	0.000	1.199	0.999	15746.53	100		    0.00	    0.00	59787.44	19184.89	0.000	0.000
328.00	21027.67	    0.00	78972.33	    0.00	78972.33	0.000	1.199	0.999	15746.53	100		    0.00	    0.00	59787.44	19184.89	0.000	0.000
329.00	21027.67	    0.00	78972.33	    0.00	78972.33	0.000	1.199	0.999	15746.53	100		    0.00	    0.00	59787.44	19184.89	0.000	0.000
330.00	21027.67	    0.00	78972.33	    0.00	78972.33	0.000	1.199	0.999	15746.53	100		    0.00	    0.00	59787.44	19184.89	0.000	0.000
331.00	21027.67	    0.00	78972.33	    0.00	78972.33	0.000	1.199	0.999	15746.53	100		    0.00	    0.00	59787.44	19184.89	0.000	0.000
332.00	21027.67	    0.00	78972.33	    0.00	78972.33	0.000	1.199	0.999	15746.53	100		    0.00	    0.00	59787.44	19184.89	0.000	0.000
333.00	21027.67	    0.00	78972.33	    0.00	78972.33	0.000	1.199	0.999	15746.53	100		    0.00	    0.00	59787.44	19184.89	0.000	0.000
334.00	21027.67	    0.00	78972.33	    0.00	78972.33	0.000	1.199	0.999	15746.53	100		    0.00	    0.00	59787.44	19184.89	0.000	0.000
335.00	21027.67	    0.00	78972.33	    0.00	78972.33	0.000	1.199	0.999	15746.53	100		    0.00	    0.00	59787.44	19184.89	0.000	0.000
336.00	21027.67	    0.00	78972.33	    0.00	78972.33	0.000	1.199	0.999	15746.53	100		    0.00	    0.00	59787.44	19184.89	0.000	0.000
337.00	21027.67	    0.00	78972.33	    0.00	78972.33	0.000	1.199	0.999	15746.53	100		    0.00	    0.00	59787.44	19184.89	0.000	0.000
338.00	21027.67	    0.00	78972.33	    0.00	78972.33	0.000	1.199	0.999	15746.53	100		    0.00	    0.00	59787.44	19184.89	0.000	0.000
339.00	21027.67	    0.00	78972.33	    0.00	78972.33	0.000	1.199	0.999	15746.53	100		    0.00	    0.00	59787.44	19184.89	0.000	0.000
340.00	21027.67	    0.00	78972.33	    0.00	78972.33	0.000	1.199	0.999	15746.53	100		    0.00	    0.00	59787.44	19184.89	0.000	0.000
341.00	21027.67	    0.00	78972.33	    0.00	78972.33	0.000	1.199	0.999	15746.53	100		    0.00	    0.00	59787.44	19184.89	0.000	0.000
342.00	21027.67	    0.00	78972.33	    0.00	78972.33	0.000	1.199	0.999	15746.53	100		    0.00	    0.00	59787.44	19184.89	0.000	0.000
343.00	21027.67	    0.00	78972.33	    0.00	78972.33	0.000	1.199	0.999	15746.53	100		    0.00	    0.00	59787.44	19184.89	0.000	0.000
344.00	21027.67	    0.00	78972.33	    0.00	78972.33	0.000	1.199	0.999	15746.53	100		    0.00	    0.00	59787.44	19184.89	0.000	0.000
345.00	21027.67	    0.00	78972.33	    0.00	78972.33	0.000	1.199	0.999	15746.53	100		    0.00	    0.00	59787.44	19184.89	0.000	0.000
346.00	21027.67	    0.00	78972.33	    0.00	78972.33	0.000	1.199	0.999	15746.53	100		    0.00	    0.00	59787.44	19184.89	0.000	0.000
347.00	21027.67	    0.00	78972.33	    0.00	78972.33	0.000	1.199	0.999	15746.53	100		    0.00	    0.00	59787.44	19184.89	0.000	0.000
348.00	21027.67	    0.00	78972.33	    0.00	78972.33	0.000	1.199	0.999	15746.53	100		    0.00	    0.00	59787.44	19184.89	0.000	0.000
349.00	21027.67	    0.00	78972.33	    0.00	78972.33	0.000	1.199	0.999	15746.53	100		    0.00	    0.00	59787.44	19184.89	0.000	0.000
350.00	21027.67	    0.00	78972.33	    0.00	78972.33	0.000	1.199	0.999	15746.53	100		    0.00	    0.00	59787.44	19184.89	0.000	0.000
351.00	21027.67	    0.00	78972.33	    0.00	78972.33	0.000	1.199	0.999	15746.53	100		    0.00	    0.00	59787.44	19184.89	0.000	0.000
352.00	21027.67	    0.00	78972.33	    0.00	78972.33	0.000	1.199	0.999	15746.53	100		    0.00	    0.00	59787.44	19184.89	0.000	0.000
353.00	21027.67	    0.00	78972.33	    0.00	78972.33	0.000	1.199	0.999	15746.53	100		    0.00	    0.00	59787.44	19184.89	0.000	0.000
354.00	21027.67	    0.00	78972.33	    0.00	78972.33	0.000	1.199	0.999	15746.53	100		    0.00	    0.00	59787.44	19184.89	0.000	0.000
355.00	21027.67	    0.00	78972.33	    0.00	78972.33	0.000	1.199	0.999	15746.53	100		    0.00	    0.00	59787.44	19184.89	0.000	0.000
356.00	21027.67	    0.00	78972.33	    0.00	78972.33	0.000	1.199	0.999	15746.53	100		    0.00	    0.00	59787.44	19184.89	0.000	0.000
357.00	21027.67	    0.00	78972.33	    0.00	78972.33	0.000	1.199	0.999	15746.53	100		    0.00	    0.00	59787.44	19184.89	0.000	0.000
358.00	21027.67	    0.00	78972.33	    0.00	78972.33	0.000	1.199	0.999	15746.53	100		    0.00	    0.00	59787.44	19184.89	0.000	0.000
359.00	21027.67	    0.00	78972.33	    0.00	78972.33	0.000	1.199	0.999	15746.53	100		    0.00	    0.00	59787.44	19184.89	0.000	0.000
360.00	21027.67	    0.00	78972.33	    0.00	78972.33	0.000	1.199	0.999	15746.53	100		    0.00	    0.00	59787.44	19184.89	0.000	0.000
361.00	21027.67	    0.00	78972.33	    0.00	78972.33	0.000	1.199	0.999	15746.53	100		    0.00	    0.00	59787.44	19184.89	0.000	0.000
362.00	21027.67	    0.00	78972.33	    0.00	78972.33	0.000	1.199	0.999	15746.53	100		    0.00	    0.00	59787.44	19184.89	0.000	0.000
363.00	21027.67	    0.00	78972.33	    0.00	78972.33	0.000	1.199	0.999	15746.53	100		    0.00	    0.00	59787.44	19184.89	0.000	0.000
364.00	21027.67	    0.00	78972.33	    0.00	78972.33	0.000	1.199	0.999	15746.53	100		    0.00	    0.00	59787.44	19184.89	0.000	0.000
365.00	21027.67	    0.00	78972.33	    0.00	78972.33	0.000	1.199	0.999	15746.53	100		    0.00	    0.00	59787.44	19184.89	0.000	0.000
366.00	21027.67	    0.00	78972.33	    0.00	78972.33	0.000	1.199	0.999	15746.53	100		    0.00	    0.00	59787.44	19184.89	0.000	0.000
367.00	21027.67	    0.00	78972.33	    0.00	78972.33	0.000	1.199	0.999	15746.53	100		    0.00	    0.00	59787.44	19184.89	0.000	0.000
368.00	21027.67	    0.00	78972.33	    0.00	78972.33	0.000	1.199	0.999	15746.53	100		    0.00	    0.00	59787.44	19184.89	0.000	0.000
369.00	21027.67	    0.00	78972.33	    0.00	78972.33	0.000	1.199	0.999	15746.53	100		    0.00	    0.00	59787.44	19184.89	0.000	0.000
370.00	21027.67	    0.00	78972.33	    0.00	78972.33	0.000	1.199	0.999	15746.53	100		    0.00	    0.00	59787.44	19184.89	0.000	0.000
371.00	21027.67	    0.00	78972.33	    0.00	78972.33	0.000	1.199	0.999	15746.53	100		    0.00	    0.00	59787.44	19184.89	0.000	0.000
372.00	21027.67	    0.00	78972.33	    0.00	78972.33	0.000	1.199	0.999	15746.53	100		    0.00	    0.00	59787.44	19184.89	0.000	0.000
373.00	21027.67	    0.00	78972.33	    0.00	78972.33	0.000	1.199	0.999	15746.53	100		    0.00	    0.00	59787.44	19184.89	0.000	0.000
374.00	21027.67	    0.00	78972.33	    0.00	78972.33	0.000	1.199	0.999	15746.53	100		    0.00	    0.00	59787.44	19184.89	0.000	0.000
375.00	21027.67	    0.00	78972.33	    0.00	78972.33	0.000	1.199	0.999	15746.53	100		    0.00	    0.00	59787.44	19184.89	0.000	0.000
376.00	21027.67	    0.00	78972.33	    0.00	78972.33	0.000	1.199	0.999	15746.53	100		    0.00	    0.00	59787.44	19184.89	0.000	0.000
377.00	21027.67	    0.00	78972.33	    0.00	78972.33	0.000	1.199	0.999	15746.53	100		    0.00	    0.00	59787.44	19184.89	0.000	0.000
378.00	21027.67	    0.00	78972.33	    0.00	78972.33	0.000	1.199	0.999	15746.53	100		    0.00	    0.00	59787.44	19184.89	0.000	0.000
379.00	21027.67	    0.00	78972.33	    0.00	78972.33	0.000	1.199	0.999	15746.53	100		    0.00	    0.00	59787.44	19184.89	0.000	0.000
380.00	21027.67	    0.00	78972.33	    0.00	78972.33	0.000	1.199	0.999	15746.53	100		    0.00	    0.00	59787.44	19184.89	0.000	0.000
381.00	21027.67	    0.00	78972.33	    0.00	78972.33	0.000	1.199	0.999	15746.53	100		    0.00	    0.00	59787.44	19184.89	0.000	0.000
382.00	21027.67	    0.00	78972.33	    0.00	78972.33	0.000	1.199	0.999	15746.53	100		    0.00	    0.00	59787.44	19184.89	0.000	0.000
383.00	21027.67	    0.00	78972.33	    0.00	78972.33	0.000	1.199	0.999	15746.53	100		    0.00	    0.00	59787.44	19184.89	0.000	0.000
384.00	21027.67	    0.00	78972.33	    0.00	78972.33	0.000	1.199	0.999	15746.53	100		    0.00	    0.00	59787.44	19184.89	0.000	0.000
385.00	21027.67	    0.00	78972.33	    0.00	78972.33	0.000	1.199	0.999	15746.53	100		    0.00	    0.00	59787.44	19184.89	0.000	0.000
386.00	21027.67	    0.00	78972.33	    0.00	78972.33	0.000	1.199	0.999	15746.53	100		    0.00	    0.00	59787.44	19184.89	0.000	0.000
387.00	21027.67	    0.00	78972.33	    0.00	78972.33	0.000	1.199	0.999	15746.53	100		    0.00	    0.00	59787.44	19184.89	0.000	0.000
388.00	21027.67	    0.00	78972.33	    0.00	78972.33	0.000	1.199	0.999	15746.53	100		    0.00	    0.00	59787.44	19184.89	0.000	0.000
389.00	21027.67	    0.00	78972.33	    0.00	78972.33	0.000	1.199	0.999	15746.53	100		    0.00	    0.00	59787.44	19184.89	0.000	0.000
390.00	21027.67	    0.00	78972.33	    0.00	78972.33	0.000	1.199	0.999	15746.53	100		    0.00	    0.00	59787.44	19184.89	0.000	0.000
391.00	21027.67	    0.00	78972.33	    0.00	78972.33	0.000	1.199	0.999	15746.53	100		    0.00	    0.00	59787.44	19184.89	0.000	0.000
392.00	21027.67	    0.00	78972.33	    0.00	78972.33	0.000	1.199	0.999	15746.53	100		    0.00	    0.00	59787.44	19184.89	0.000	0.000
393.00	21027.67	    0.00	78972.33	    0.00	78972.33	0.000	1.199	0.999	15746.53	100		    0.00	    0.00	59787.44	19184.89	0.000	0.000
394.00	21027.67	    0.00	78972.33	    0.00	78972.33	0.000	1.199	0.999	15746.53	100		    0.00	    0.00	59787.44	19184.89	0.000	0.000
395.00	21027.67	    0.00	78972.33	    0.00	78972.33	0.000	1.199	0.999	15746.53	100		    0.00	    0.00	59787.44	19184.89	0.000	0.000
396.00	21027.67	    0.00	78972.33	    0.00	78972.33	0.000	1.199	0.999	15746.53	100		    0.00	    0.00	59787.44	19184.89	0.000	0.000
397.00	21027.67	    0.00	78972.33	    0.00	78972.33	0.000	1.199	0.999	15746.53	100		    0.00	    0.00	59787.44	19184.89	0.000	0.000
398.00	21027.67	    0.00	78972.33	    0.00	78972.33	0.000	1.199	0.999	15746.53	100		    0.00	    0.00	59787.44	19184.89	0.000	0.000
399.00	21027.67	    0.00	78972.33	    0.00	78972.33	0.000	1.199	0.999	15746.53	100		    0.00	    0.00	59787.44	19184.89	0.000	0.000
400.00	21027.67	    0.00	78972.33	    0.00	78972.33	0.000	1.199	0.999	15746.53	100		    0.00	    0.00	59787.44	19184.89	0.000	0.000
401.00	21027.67	    0.00	78972.33	    0.00	78972.33	0.000	1.199	0.999	15746.53	100		    0.00	    0.00	59787.44	19184.89	0.000	0.000
402.00	21027.67	    0.00	78972.33	    0.00	78972.33	0.000	1.199	0.999	15746.53	100		    0.00	    0.00	59787.44	19184.89	0.000	0.000
403.00	21027.67	    0.00	78972.33	    0.00	78972.33	0.000	1.199	0.999	15746.53	100		    0.00	    0.00	59787.44	19184.89	0.000	0.000
404.00	21027.67	    0.00	78972.33	    0.00	78972.33	0.000	1.199	0.999	15746.53	100		    0.00	    0.00	59787.44	19184.89	0.000	0.000
405.00	21027.67	    0.00	78972.33	    0.00	78972.33	0.000	1.199	0.999	15746.53	100		    0.00	    0.00	59787.44	19184.89	0.000	0.000
406.00	21027.67	    0.00	78972.33	    0.00	78972.33	0.000	1.199	0.999	15746.53	100		    0.00	    0.00	59787.44	19184.89	0.000	0.000
407.00	21027.67	    0.00	78972.33	    0.00	78972.33	0.000	1.199	0.999	15746.53	100		    0.00	    0.00	59787.44	19184.89	0.000	0.000
408.00	21027.67	    0.00	78972.33	    0.00	78972.33	0.000	1.199	0.999	15746.53	100		    0.00	    0.00	59787.44	19184.89	0.000	0.000
409.00	21027.67	    0.00	78972.33	    0.00	78972.33	0.000	1.199	0.999	15746.53	100		    0.00	    0.00	59787.44	19184.89	0.000	0.000
410.00	21027.67	    0.00	78972.33	    0.00	78972.33	0.000	1.199	0.999	15746.53	100		    0.00	    0.00	59787.44	19184.89	0.000	0.000
411.00	21027.67	    0.00	78972.33	    0.00	78972.33	0.000	1.199	0.999	15746.53	100		    0.00	    0.00	59787.44	19184.89	0.000	0.000
412.00	21027.67	    0.00	78972.33	    0.00	78972.33	0.000	1.199	0.999	15746.53	100		    0.00	    0.00	59787.44	19184.89	0.000	0.000
413.00	21027.67	    0.00	78972.33	    0.00	78972.33	0.000	1.199	0.999	15746.53	100		    0.00	    0.00	59787.44	19184.89	0.000	0.000
414.00	21027.67	    0.00	78972.33	    0.00	78972.33	0.000	1.199	0.999	15746.53	100		    0.00	    0.00	59787.44	19184.89	0.000	0.000
415.00	21027.67	    0.00	78972.33	    0.00	78972.33	0.000	1.199	0.999	15746.53	100		    0.00	    0.00	59787.44	19184.89	0.000	0.000
416.00	21027.67	    0.00	78972.33	    0.00	78972.33	0.000	1.199	0.999	15746.53	100		    0.00	    0.00	59787.44	19184.89	0.000	0.000
417.00	21027.67	    0.00	78972.33	    0.00	78972.33	0.000	1.199	0.999	15746.53	100		    0.00	    0.00	59787.44	19184.89	0.000	0.000
418.00	21027.67	    0.00	78972.33	    0.00	78972.33	0.000	1.199	0.999	15746.53	100		    0.00	    0.00	59787.44	19184.89	0.000	0.000
419.00	21027.67	    0.00	78972.33	    0.00	78972.33	0.000	1.199	0.999	15746.53	100		    0.00	    0.00	59787.44	19184.89	0.000	0.000
420.00	21027.67	    0.00	78972.33	    0.00	78972.33	0.000	1.199	0.999	15746.53	100		    0.00	    0.00	59787.44	19184.89	0.000	0.000
421.00	21027.67	    0.00	78972.33	    0.00	78972.33	0.000	1.199	0.999	15746.53	100		    0.00	    0.00	59787.44	19184.89	0.000	0.000
422.00	21027.67	    0.00	78972.33	    0.00	78972.33	0.000	1.199	0.999	15746.53	100		    0.00	    0.00	59787.44	19184.89	0.000	0.000
423.00	21027.67	    0.00	78972.33	    0.00	78972.33	0.000	1.199	0.999	15746.53	100		    0.00	    0.00	59787.44	19184.89	0.000	0.000
424.00	21027.67	    0.00	78972.33	    0.00	78972.33	0.000	1.199	0.999	15746.53	100		    0.00	    0.00	59787.44	19184.89	0.000	0.000
425.00	21027.67	    0.00	78972.33	    0.00	78972.33	0.000	1.199	0.999	15746.53	100		    0.00	    0.00	59787.44	19184.89	0.000	0.000
426.00	21027.67	    0.00	78972.33	    0.00	78972.33	0.000	1.199	0.999	15746.53	100		    0.00	    0.00	59787.44	19184.89	0.000	0.000
427.00	21027.67	    0.00	78972.33	    0.00	78972.33	0.000	1.199	0.999	15746.53	100		    0.00	    0.00	59787.44	19184.89	0.000	0.000
428.00	21027.67	    0.00	78972.33	    0.00	78972.33	0.000	1.199	0.999	15746.53	100		    0.00	    0.00	59787.44	19184.89	0.000	0.000
429.00	21027.67	    0.00	78972.33	    0.00	78972.33	0.000	1.199	0.999	15746.53	100		    0.00	    0.00	59787.44	19184.89	0.000	0.000
430.00	21027.67	    0.00	78972.33	    0.00	78972.33	0.000	1.199	0.999	15746.53	100		    0.00	    0.00	59787.44	19184.89	0.000	0.000
431.00	21027.67	    0.00	78972.33	    0.00	78972.33	0.000	1.199	0.999	15746.53	100		    0.00	    0.00	59787.44	19184.89	0.000	0.000
432.00	21027.67	    0.00	78972.33	    0.00	78972.33	0.000	1.199	0.999	15746.53	100		    0.00	    0.00	59787.44	19184.89	0.000	0.000
433.00	21027.67	    0.00	78972.33	    0.00	78972.33	0.000	1.199	0.999	15746.53	100		    0.00	    0.00	59787.44	19184.89	0.000	0.000
434.00	21027.67	    0.00	78972.33	    0.00	78972.33	0.000	1.199	0.999	15746.53	100		    0.00	    0.00	59787.44	19184.89	0.000	0.000
435.00	21027.67	    0.00	78972.33	    0.00	78972.33	0.000	1.199	0.999	15746.53	100		    0.00	    0.00	59787.44	19184.89	0.000	0.000
436.00	21027.67	    0.00	78972.33	    0.00	78972.33	0.000	1.199	0.999	15746.53	100		    0.00	    0.00	59787.44	19184.89	0.000	0.000
437.00	21027.67	    0.00	78972.33	    0.00	78972.33	0.000	1.199	0.999	15746.53	100		    0.00	    0.00	59787.44	19184.89	0.000	0.000
438.00	21027.67	    0.00	78972.33	    0.00	78972.33	0.000	1.199	0.999	15746.53	100		    0.00	    0.00	59787.44	19184.89	0.000	0.000
439.00	21027.67	    0.00	78972.33	    0.00	78972.33	0.000	1.199	0.999	15746.53	100		    0.00	    0.00	59787.44	19184.89	0.000	0.000
440.00	21027.67	    0.00	78972.33	    0.00	78972.33	0.000	1.199	0.999	15746.53	100		    0.00	    0.00	59787.44	19184.89	0.000	0.000
441.00	21027.67	    0.00	78972.33	    0.00	78972.33	0.000	1.199	0.999	15746.53	100		    0.00	    0.00	59787.44	19184.89	0.000	0.000
442.00	21027.67	    0.00	78972.33	    0.00	78972.33	0.000	1.199	0.999	15746.53	100		    0.00	    0.00	59787.44	19184.89	0.000	0.000
443.00	21027.67	    0.00	78972.33	    0.00	78972.33	0.000	1.199	0.999	15746.53	100		    0.00	    0.00	59787.44	19184.89	0.000	0.000
444.00	21027.67	    0.00	78972.33	    0.00	78972.33	0.000	1.199	0.999	15746.53	100		    0.00	    0.00	59787.44	19184.89	0.000	0.000
445.00	21027.67	    0.00	78972.33	    0.00	78972.33	0.000	1.199	0.999	15746.53	100		    0.00	    0.00	59787.44	19184.89	0.000	0.000
446.00	21027.67	    0.00	78972.33	    0.00	78972.33	0.000	1.199	0.999	15746.53	100		    0.00	    0.00	59787.44	19184.89	0.000	0.000
447.00	21027.67	    0.00	78972.33	    0.00	78972.33	0.000	1.199	0.999	15746.53	100		    0.00	    0.00	59787.44	19184.89	0.000	0.000
448.00	21027.67	    0.00	78972.33	    0.00	78972.33	0.000	1.199	0.999	15746.53	100		    0.00	    0.00	59787.44	19184.89	0.000	0.000
449.00	21027.67	    0.00	78972.33	    0.00	78972.33	0.000	1.199	0.999	15746.53	100		    0.00	    0.00	59787.44	19184.89	0.000	0.000
450.00	21027.67	    0.00	78972.33	    0.00	78972.33	0.000	1.199	0.999	15746.53	100		    0.00	    0.00	59787.44	19184.89	0.000	0.000
451.00	21027.67	    0.00	78972.33	    0.00	78972.33	0.000	1.199	0.999	15746.53	100		    0.00	    0.00	59787.44	19184.89	0.000	0.000
452.00	21027.67	    0.00	78972.33	    0.00	78972.33	0.000	1.199	0.999	15746.53	100		    0.00	    0.00	59787.44	19184.89	0.000	0.000
453.00	21027.67	    0.00	78972.33	    0.00	78972.33	0.000	1.199	0.999	15746.53	100		    0.00	    0.00	59787.44	19184.89	0.000	0.000
454.00	21027.67	    0.00	78972.33	    0.00	78972.33	0.000	1.199	0.999	15746.53	100		    0.00	    0.00	59787.44	19184.89	0.000	0.000
455.00	21027.67	    0.00	78972.33	    0.00	78972.33	0.000	1.199	0.999	15746.53	100		    0.00	    0.00	59787.44	19184.89	0.000	0.000
456.00	21027.67	    0.00	78972.33	    0.00	78972.33	0.000	1.199	0.999	15746.53	100		    0.00	    0.00	59787.44	19184.89	0.000	0.000
457.00	21027.67	    0.00	78972.33	    0.00	78972.33	0.000	1.199	0.999	15746.53	100		    0.00	    0.00	59787.44	19184.89	0.000	0.000
458.00	21027.67	    0.00	78972.33	    0.00	78972.33	0.000	1.199	0.999	15746.53	100		    0.00	    0.00	59787.44	19184.89	0.000	0.000
459.00	21027.67	    0.00	78972.33	    0.00	78972.33	0.000	1.199	0.999	15746.53	100		    0.00	    0.00	59787.44	19184.89	0.000	0.000
460.00	21027.67	    0.00	78972.33	    0.00	78972.33	0.000	1.199	0.999	15746.53	100		    0.00	    0.00	59787.44	19184.89	0.000	0.000
461.00	21027.67	    0.00	78972.33	    0.00	78972.33	0.000	1.199	0.999	15746.53	100		    0.00	    0.00	59787.44	19184.89	0.000	0.000
462.00	21027.67	    0.00	78972.33	    0.00	78972.33	0.000	1.199	0.999	15746.53	100		    0.00	    0.00	59787.44	19184.89	0.000	0.000
463.00	21027.67	    0.00	78972.33	    0.00	78972.33	0.000	1.199	0.999	15746.53	100		    0.00	    0.00	59787.44	19184.89	0.000	0.000
464.00	21027.67	    0.00	78972.33	    0.00	78972.33	0.000	1.199	0.999	15746.53	100		    0.00	    0.00	59787.44	19184.89	0.000	0.000
465.00	21027.67	    0.00	78972.33	    0.00	78972.33	0.000	1.199	0.999	15746.53	100		    0.00	    0.00	59787.44	19184.89	0.000	0.000
466.00	21027.67	    0.00	78972.33	    0.00	78972.33	0.000	1.199	0.999	15746.53	100		    0.00	    0.00	59787.44	19184.89	0.000	0.000
467.00	21027.67	    0.00	78972.33	    0.00	78972.33	0.000	1.199	0.999	15746.53	100		    0.00	    0.00	59787.44	19184.89	0.000	0.000
468.00	21027.67	    0.00	78972.33	    0.00	78972.33	0.000	1.199	0.999	15746.53	100		    0.00	    0.00	59787.44	19184.89	0.000	0.000
469.00	21027.67	    0.00	78972.33	    0.00	78972.33	0.000	1.199	0.999	15746.53	100		    0.00	    0.00	59787.44	19184.89	0.000	0.000
470.00	21027.67	    0.00	78972.33	    0.00	78972.33	0.000	1.199	0.999	15746.53	100		    0.00	    0.00	59787.44	19184.89	0.000	0.000
471.00	21027.67	    0.00	78972.33	    0.00	78972.33	0.000	1.199	0.999	15746.53	100		    0.00	    0.00	59787.44	19184.89	0.000	0.000
472.00	21027.67	    0.00	78972.33	    0.00	78972.33	0.000	1.199	0.999	15746.53	100		    0.00	    0.00	59787.44	19184.89	0.000	0.000
473.00	21027.67	    0.00	78972.33	    0.00	78972.33	0.000	1.199	0.999	15746.53	100		    0.00	    0.00	59787.44	19184.89	0.000	0.000
474.00	21027.67	    0.00	78972.33	    0.00	78972.33	0.000	1.199	0.999	15746.53	100		    0.00	    0.00	59787.44	19184.89	0.000	0.000
475.00	21027.67	    0.00	78972.33	    0.00	78972.33	0.000	1.199	0.999	15746.53	100		    0.00	    0.00	59787.44	19184.89	0.000	0.000
476.00	21027.67	    0.00	78972.33	    0.00	78972.33	0.000	1.199	0.999	15746.53	100		    0.00	    0.00	59787.44	19184.89	0.000	0.000
477.00	21027.67	    0.00	78972.33	    0.00	78972.33	0.000	1.199	0.999	15746.53	100		    0.00	    0.00	59787.44	19184.89	0.000	0.000
478.00	21027.67	    0.00	78972.33	    0.00	78972.33	0.000	1.199	0.999	15746.53	100		    0.00	    0.00	59787.44	19184.89	0.000	0.000
479.00	21027.67	    0.00	78972.33	    0.00	78972.33	0.000	1.199	0.999	15746.53	100		    0.00	    0.00	59787.44	19184.89	0.000	0.000
480.00	21027.67	    0.00	78972.33	    0.00	78972.33	0.000	1.199	0.999	15746.53	100		    0.00	    0.00	59787.44	19184.89	0.000	0.000
481.00	21027.67	    0.00	78972.33	    0.00	78972.33	0.000	1.199	0.999	15746.53	100		    0.00	    0.00	59787.44	19184.89	0.000	0.000
482.00	21027.67	    0.00	78972.33	    0.00	78972.33	0.000	1.199	0.999	15746.53	100		    0.00	    0.00	59787.44	19184.89	0.000	0.000
483.00	21027.67	    0.00	78972.33	    0.00	78972.33	0.000	1.199	0.999	15746.53	100		    0.00	    0.00	59787.44	19184.89	0.000	0.000
484.00	21027.67	    0.00	78972.33	    0.00	78972.33	0.000	1.199	0.999	15746.53	100		    0.00	    0.00	59787.44	19184.89	0.000	0.000
485.00	21027.67	    0.00	78972.33	    0.00	78972.33	0.000	1.199	0.999	15746.53	100		    0.00	    0.00	59787.44	19184.89	0.000	0.000
486.00	21027.67	    0.00	78972.33	    0.00	78972.33	0.000	1.199	0.999	15746.53	100		    0.00	    0.00	59787.44	19184.89	0.000	0.000
487.00	21027.67	    0.00	78972.33	    0.00	78972.33	0.000	1.199	0.999	15746.53	100		    0.00	    0.00	59787.44	19184.89	0.000	0.000
488.00	21027.67	    0.00	78972.33	    0.00	78972.33	0.000	1.199	0.999	15746.53	100		    0.00	    0.00	59787.44	19184.89	0.000	0.000
489.00	21027.67	    0.00	78972.33	    0.00	78972.33	0.000	1.199	0.999	15746.53	100		    0.00	    0.00	59787.44	19184.89	0.000	0.000
490.00	21027.67	    0.00	78972.33	    0.00	78972.33	0.000	1.199	0.999	15746.53	100		    0.00	    0.00	59787.44	19184.89	0.000	0.000
491.00	21027.67	    0.00	78972.33	    0.00	78972.33	0.000	1.199	0.999	15746.53	100		    0.00	    0.00	59787.44	19184.89	0.000	0.000
492.00	21027.67	    0.00	78972.33	    0.00	78972.33	0.000	1.199	0.999	15746.53	100		    0.00	    0.00	59787.44	19184.89	0.000	0.000
493.00	21027.67	    0.00	78972.33	    0.00	78972.33	0.000	1.199	0.999	15746.53	100		    0.00	    0.00	59787.44	19184.89	0.000	0.000
494.00	21027.67	    0.00	78972.33	    0.00	78972.33	0.000	1.199	0.999	15746.53	100		    0.00	    0.00	59787.44	19184.89	0.000	0.000
495.00	21027.67	    0.00	78972.33	    0.00	78972.33	0.000	1.199	0.999	15746.53	100		    0.00	    0.00	59787.44	19184.89	0.000	0.000
496.00	21027.67	    0.00	78972.33	    0.00	78972.33	0.000	1.199	0.999	15746.53	100		    0.00	    0.00	59787.44	19184.89	0.000	0.000
497.00	21027.67	    0.00	78972.33	    0.00	78972.33	0.000	1.199	0.999	15746.53	100		    0.00	    0.00	59787.44	19184.89	0.000	0.000
498.00	21027.67	    0.00	78972.33	    0.00	78972.33	0.000	1.199	0.999	15746.53	100		    0.00	    0.00	59787.44	19184.89	0.000	0.000
499.00	21027.67	    0.00	78972.33	    0.00	78972.33	0.000	1.199	0.999	15746.53	100		    0.00	    0.00	59787.44	19184.89	0.000	0.000
500.00	21027.67	    0.00	78972.33	    0.00	78972.33	0.000	1.199	0.999	15746.53	100		    0.00	    0.00	59787.44	19184.89	0.000	0.000
