0.00	99950.00	   50.00	    0.00	    0.00	   50.00	0.000	1.560	1.560	    0.00	  1		    0.00	    0.00	   27.00	   23.00	0.000	0.000
1.00	99949.93	   50.07	    0.00	    0.07	   50.07	0.000	1.810	1.810	    0.00	 15		    0.00	    0.07	   27.00	   23.07	0.000	1.000
2.00	99949.55	   50.17	    0.28	    0.43	   50.45	1.987	1.899	1.898	    0.06	 53		    0.25	    0.19	   27.25	   23.21	0.565	0.435
3.00	99946.86	   51.76	    1.38	    2.90	   53.14	0.950	1.965	1.964	    0.10	 97		    1.68	    1.22	   28.81	   24.33	0.580	0.420
4.00	99933.95	   61.01	    5.04	   13.00	   66.05	0.415	1.973	1.971	    0.12	100		    7.79	    5.21	   36.55	   29.50	0.599	0.401
5.00	99903.68	   83.39	   12.93	   30.27	   96.32	0.254	1.961	1.958	    0.25	100		   17.64	   12.63	   54.19	   42.13	0.583	0.417
6.00	99858.94	  114.59	   26.47	   44.74	  141.06	0.315	1.981	1.977	    0.49	100		   25.99	   18.75	   80.18	   60.88	0.581	0.419
7.00	99807.32	  144.02	   48.66	   51.62	  192.68	0.273	1.990	1.986	    0.78	100		   30.38	   21.24	  110.56	   82.12	0.589	0.411
8.00	99738.15	  184.96	   76.89	   69.17	  261.85	0.239	1.993	1.988	    1.30	100		   41.36	   27.81	  151.92	  109.93	0.598	0.402
9.00	99647.44	  240.41	  112.15	   90.71	  352.56	0.256	1.993	1.987	    2.14	100		   52.91	   37.80	  204.83	  147.73	0.583	0.417
10.00	99534.12	  306.96	  158.92	  113.32	  465.88	0.253	1.986	1.979	    3.59	100		   67.16	   46.16	  271.99	  193.89	0.593	0.407
11.00	99387.62	  393.65	  218.73	  146.50	  612.38	0.247	1.993	1.983	    5.79	100		   86.95	   59.55	  358.94	  253.44	0.594	0.406
12.00	99199.38	  507.75	  292.87	  188.24	  800.62	0.252	1.988	1.976	    9.50	100		  111.27	   76.97	  470.21	  330.41	0.591	0.409
13.00	98957.93	  649.80	  392.27	  241.45	 1042.07	0.251	1.983	1.968	   15.43	100		  141.29	  100.16	  611.50	  430.57	0.585	0.415
14.00	98650.56	  831.68	  517.76	  307.37	 1349.44	0.247	1.979	1.960	   25.74	100		  181.75	  125.62	  793.25	  556.19	0.591	0.409
15.00	98260.01	 1060.46	  679.53	  390.55	 1739.99	0.245	1.974	1.950	   41.14	100		  230.82	  159.73	 1024.07	  715.92	0.591	0.409
16.00	97758.79	 1354.08	  887.13	  501.22	 2241.21	0.244	1.969	1.939	   66.52	100		  296.89	  204.33	 1320.96	  920.25	0.592	0.408
17.00	97126.80	 1717.93	 1155.27	  631.99	 2873.20	0.241	1.962	1.924	  107.73	100		  374.11	  257.88	 1695.07	 1178.13	0.592	0.408
18.00	96328.30	 2176.50	 1495.20	  798.50	 3671.70	0.237	1.953	1.906	  171.94	100		  475.21	  323.29	 2170.28	 1501.42	0.595	0.405
19.00	95325.86	 2744.98	 1929.16	 1002.44	 4674.14	0.234	1.940	1.883	  270.44	100		  600.67	  401.77	 2770.95	 1903.19	0.599	0.401
20.00	94070.00	 3447.80	 2482.20	 1255.86	 5930.00	0.230	1.926	1.854	  423.45	100		  755.84	  500.02	 3526.79	 2403.21	0.602	0.398
21.00	92519.80	 4292.25	 3187.95	 1550.20	 7480.20	0.224	1.908	1.822	  648.62	100		  940.62	  609.58	 4467.41	 3012.79	0.607	0.393
22.00	90615.48	 5306.44	 4078.08	 1904.32	 9384.52	0.216	1.886	1.782	  976.51	100		 1162.53	  741.79	 5629.94	 3754.58	0.610	0.390
23.00	88314.16	 6477.48	 5208.36	 2301.32	11685.84	0.206	1.859	1.737	 1432.96	100		 1419.86	  881.46	 7049.80	 4636.04	0.617	0.383
24.00	85575.38	 7797.16	 6627.46	 2738.78	14424.62	0.192	1.827	1.685	 2051.34	100		 1708.62	 1030.16	 8758.42	 5666.20	0.624	0.376
25.00	82359.01	 9260.06	 8380.93	 3216.37	17640.99	0.179	1.790	1.627	 2860.33	100		 2039.72	 1176.65	10798.14	 6842.85	0.634	0.366
26.00	78691.10	10767.80	10541.10	 3667.91	21308.90	0.161	1.747	1.566	 3854.56	100		 2357.62	 1310.29	13155.76	 8153.14	0.643	0.357
27.00	74586.93	12255.94	13157.13	 4104.17	25413.07	0.140	1.700	1.502	 5019.82	100		 2687.38	 1416.79	15843.14	 9569.93	0.655	0.345
28.00	70132.91	13582.30	16284.79	 4454.02	29867.09	0.116	1.649	1.438	 6302.44	100		 2981.08	 1472.94	18824.22	11042.87	0.669	0.331
29.00	65467.64	14574.79	19957.57	 4665.27	34532.36	0.087	1.596	1.376	 7619.91	100		 3200.01	 1465.26	22024.23	12508.13	0.686	0.314
30.00	60663.37	15212.40	24124.23	 4804.27	39336.63	0.057	1.543	1.317	 8903.15	100		 3382.00	 1422.27	25406.23	13930.40	0.704	0.296
31.00	55998.26	15224.36	28777.38	 4665.11	44001.74	0.022	1.492	1.263	10048.75	100		 3365.64	 1299.47	28771.87	15229.87	0.721	0.279
32.00	51546.05	14754.12	33699.83	 4452.21	48453.95	-0.015	1.443	1.215	11025.62	100		 3299.18	 1153.03	32071.05	16382.90	0.741	0.259
33.00	47438.91	13785.04	38776.05	 4107.14	52561.09	-0.050	1.399	1.174	11814.18	100		 3113.38	  993.76	35184.43	17376.66	0.758	0.242
34.00	43777.47	12427.63	43794.90	 3661.44	56222.53	-0.086	1.360	1.139	12409.12	100		 2841.52	  819.92	38025.95	18196.58	0.776	0.224
35.00	40595.60	10842.48	48561.92	 3181.87	59404.40	-0.120	1.326	1.110	12844.12	100		 2519.61	  662.26	40545.56	18858.84	0.792	0.208
36.00	37896.57	 9182.65	52920.78	 2699.03	62103.43	-0.151	1.298	1.086	13145.46	100		 2171.64	  527.39	42717.20	19386.23	0.805	0.195
37.00	35664.32	 7574.14	56761.54	 2232.25	64335.68	-0.179	1.275	1.067	13344.44	100		 1825.55	  406.70	44542.75	19792.93	0.818	0.182
38.00	33841.42	 6123.76	60034.82	 1822.90	66158.58	-0.203	1.256	1.052	13473.81	100		 1506.64	  316.26	46049.39	20109.19	0.827	0.173
39.00	32374.86	 4866.54	62758.60	 1466.56	67625.14	-0.221	1.241	1.040	13556.03	100		 1225.98	  240.58	47275.37	20349.77	0.836	0.164
40.00	31206.31	 3817.00	64976.69	 1168.55	68793.69	-0.236	1.229	1.031	13607.50	100		  986.28	  182.27	48261.65	20532.04	0.844	0.156
41.00	30288.58	 2963.11	66748.31	  917.73	69711.42	-0.248	1.219	1.024	13638.45	100		  777.80	  139.93	49039.45	20671.97	0.848	0.152
42.00	29570.33	 2286.65	68143.02	  718.25	70429.67	-0.256	1.212	1.018	13657.03	100		  613.56	  104.69	49653.01	20776.66	0.854	0.146
43.00	29011.96	 1757.36	69230.68	  558.37	70988.04	-0.261	1.206	1.014	13668.13	100		  479.13	   79.24	50132.14	20855.90	0.858	0.142
44.00	28582.96	 1343.11	70073.93	  429.00	71417.04	-0.266	1.202	1.010	13674.81	100		  368.62	   60.38	50500.76	20916.28	0.859	0.141
45.00	28252.25	 1025.95	70721.80	  330.71	71747.75	-0.269	1.198	1.008	13678.52	100		  285.22	   45.49	50785.98	20961.77	0.862	0.138
46.00	27996.18	  784.58	71219.24	  256.07	72003.82	-0.269	1.196	1.006	13680.84	100		  220.77	   35.30	51006.75	20997.07	0.862	0.138
47.00	27801.65	  595.62	71602.73	  194.53	72198.35	-0.272	1.194	1.004	13682.08	100		  167.97	   26.56	51174.72	21023.63	0.863	0.137
48.00	27652.21	  455.09	71892.70	  149.44	72347.79	-0.272	1.192	1.003	13683.08	100		  129.23	   20.21	51303.95	21043.84	0.865	0.135
49.00	27538.14	  346.98	72114.88	  114.07	72461.86	-0.270	1.191	1.002	13683.61	100		   99.07	   15.00	51403.02	21058.84	0.869	0.131
50.00	27450.91	  264.06	72285.03	   87.23	72549.09	-0.272	1.190	1.001	13683.95	100		   75.88	   11.35	51478.90	21070.19	0.870	0.130
51.00	27384.03	  200.63	72415.34	   66.88	72615.97	-0.274	1.189	1.001	13684.13	100		   58.18	    8.70	51537.08	21078.89	0.870	0.130
52.00	27333.36	  151.54	72515.10	   50.67	72666.64	-0.278	1.189	1.001	13684.20	100		   43.97	    6.70	51581.05	21085.59	0.868	0.132
53.00	27295.28	  114.96	72589.76	   38.08	72704.72	-0.278	1.188	1.000	13684.27	100		   33.08	    5.00	51614.13	21090.59	0.869	0.131
54.00	27266.10	   87.76	72646.14	   29.18	72733.90	-0.273	1.188	1.000	13684.32	100		   25.31	    3.87	51639.44	21094.46	0.867	0.133
55.00	27243.92	   66.89	72689.19	   22.18	72756.08	-0.271	1.188	1.000	13684.32	100		   19.13	    3.05	51658.57	21097.51	0.862	0.138
56.00	27227.42	   50.74	72721.84	   16.50	72772.58	-0.274	1.188	1.000	13684.34	100		   14.31	    2.19	51672.88	21099.70	0.867	0.133
57.00	27214.22	   39.19	72746.59	   13.20	72785.78	-0.267	1.188	1.000	13684.35	100		   11.63	    1.57	51684.51	21101.27	0.881	0.119
58.00	27204.56	   29.24	72766.20	    9.66	72795.44	-0.276	1.188	1.000	13684.35	100		    8.45	    1.21	51692.96	21102.48	0.875	0.125
59.00	27196.79	   22.68	72780.53	    7.77	72803.21	-0.273	1.187	0.999	13684.36	100		    6.60	    1.17	51699.56	21103.65	0.849	0.151
60.00	27191.20	   16.71	72792.09	    5.59	72808.80	-0.280	1.187	0.999	13684.36	100		    4.88	    0.71	51704.44	21104.36	0.873	0.127
61.00	27186.95	   12.64	72800.41	    4.25	72813.05	-0.292	1.187	0.999	13684.36	100		    3.74	    0.51	51708.18	21104.87	0.880	0.120
62.00	27183.56	    9.68	72806.76	    3.39	72816.44	-0.273	1.187	0.999	13684.36	100		    2.87	    0.52	51711.05	21105.39	0.847	0.153
63.00	27181.20	    7.13	72811.67	    2.36	72818.80	-0.286	1.187	0.999	13684.36	100		    2.14	    0.22	51713.19	21105.61	0.907	0.093
64.00	27179.33	    5.48	72815.19	    1.87	72820.67	-0.284	1.187	0.999	13684.36	100		    1.61	    0.26	51714.80	21105.87	0.861	0.139
65.00	27178.14	    4.02	72817.84	    1.19	72821.86	-0.287	1.187	0.999	13684.36	100		    1.04	    0.15	51715.84	21106.02	0.874	0.126
66.00	27176.93	    3.39	72819.68	    1.21	72823.07	-0.240	1.187	0.999	13684.36	100		    1.08	    0.13	51716.92	21106.15	0.893	0.107
67.00	27176.03	    2.57	72821.40	    0.90	72823.97	-0.224	1.187	0.999	13684.36	100		    0.77	    0.13	51717.69	21106.28	0.856	0.144
68.00	27175.49	    1.79	72822.72	    0.54	72824.51	-0.319	1.187	0.999	13684.36	100		    0.43	    0.11	51718.12	21106.39	0.796	0.204
69.00	27175.04	    1.40	72823.56	    0.45	72824.96	-0.304	1.187	0.999	13684.36	100		    0.37	    0.08	51718.49	21106.47	0.822	0.178
70.00	27174.63	    1.18	72824.19	    0.41	72825.37	-0.208	1.187	0.999	13684.36	100		    0.36	    0.05	51718.85	21106.52	0.878	0.122
71.00	27174.38	    0.81	72824.81	    0.25	72825.62	-0.274	1.187	0.999	13684.36	100		    0.21	    0.04	51719.06	21106.56	0.840	0.160
72.00	27174.15	    0.66	72825.19	    0.23	72825.85	-0.291	1.187	0.999	13684.36	100		    0.17	    0.06	51719.23	21106.62	0.739	0.261
73.00	27174.01	    0.48	72825.51	    0.14	72825.99	-0.262	1.187	0.999	13684.36	100		    0.11	    0.03	51719.34	21106.65	0.786	0.214
74.00	27173.87	    0.38	72825.75	    0.14	72826.13	-0.276	1.187	0.999	13684.36	100		    0.14	    0.00	51719.48	21106.65	1.000	0.000
75.00	27173.78	    0.29	72825.93	    0.09	72826.22	-0.252	1.187	0.999	13684.36	100		    0.07	    0.02	51719.55	21106.67	0.778	0.222
76.00	27173.68	    0.28	72826.04	    0.10	72826.32	-0.153	1.187	0.999	13684.36	100		    0.08	    0.02	51719.63	21106.69	0.800	0.200
77.00	27173.60	    0.22	72826.18	    0.08	72826.40	-0.138	1.187	0.999	13684.36	100		    0.07	    0.01	51719.70	21106.70	0.875	0.125
78.00	27173.53	    0.20	72826.27	    0.07	72826.47	-0.168	1.187	0.999	13684.36	100		    0.07	    0.00	51719.77	21106.70	1.000	0.000
79.00	27173.48	    0.15	72826.37	    0.05	72826.52	-0.191	1.187	0.999	13684.36	100		    0.04	    0.01	51719.81	21106.71	0.800	0.200
80.00	27173.42	    0.15	72826.43	    0.06	72826.58	-0.144	1.187	0.999	13684.36	100		    0.06	    0.00	51719.87	21106.71	1.000	0.000
81.00	27173.39	    0.09	72826.52	    0.03	72826.61	-0.255	1.187	0.999	13684.36	100		    0.03	    0.00	51719.90	21106.71	1.000	0.000
82.00	27173.38	    0.06	72826.56	    0.01	72826.62	-0.458	1.187	0.999	13684.36	100		    0.00	    0.01	51719.90	21106.72	0.000	1.000
83.00	27173.34	    0.09	72826.57	    0.04	72826.66	0.000	1.187	0.999	13684.36	100		    0.04	    0.00	51719.94	21106.72	1.000	0.000
84.00	27173.34	    0.04	72826.62	    0.00	72826.66	-0.203	1.187	0.999	13684.36	100		    0.00	    0.00	51719.94	21106.72	0.000	0.000
85.00	27173.32	    0.06	72826.62	    0.02	72826.68	-0.203	1.187	0.999	13684.36	100		    0.02	    0.00	51719.96	21106.72	1.000	0.000
86.00	27173.29	    0.06	72826.65	    0.03	72826.71	0.203	1.187	0.999	13684.36	100		    0.03	    0.00	51719.99	21106.72	1.000	0.000
87.00	27173.28	    0.03	72826.69	    0.01	72826.72	-0.347	1.187	0.999	13684.36	100		    0.01	    0.00	51720.00	21106.72	1.000	0.000
88.00	27173.28	    0.01	72826.71	    0.00	72826.72	-0.896	1.187	0.999	13684.36	100		    0.00	    0.00	51720.00	21106.72	0.000	0.000
89.00	27173.28	    0.01	72826.71	    0.00	72826.72	-0.549	1.187	0.999	13684.36	100		    0.00	    0.00	51720.00	21106.72	0.000	0.000
90.00	27173.27	    0.02	72826.71	    0.01	72826.73	0.347	1.187	0.999	13684.36	100		    0.00	    0.01	51720.00	21106.73	0.000	1.000
91.00	27173.27	    0.00	72826.73	    0.00	72826.73	0.000	1.187	0.999	13684.36	100		    0.00	    0.00	51720.00	21106.73	0.000	0.000
92.00	27173.27	    0.00	72826.73	    0.00	72826.73	-0.347	1.187	0.999	13684.36	100		    0.00	    0.00	51720.00	21106.73	0.000	0.000
93.00	27173.27	    0.00	72826.73	    0.00	72826.73	0.000	1.187	0.999	13684.36	100		    0.00	    0.00	51720.00	21106.73	0.000	0.000
94.00	27173.27	    0.00	72826.73	    0.00	72826.73	0.000	1.187	0.999	13684.36	100		    0.00	    0.00	51720.00	21106.73	0.000	0.000
95.00	27173.27	    0.00	72826.73	    0.00	72826.73	0.000	1.187	0.999	13684.36	100		    0.00	    0.00	51720.00	21106.73	0.000	0.000
96.00	27173.27	    0.00	72826.73	    0.00	72826.73	0.000	1.187	0.999	13684.36	100		    0.00	    0.00	51720.00	21106.73	0.000	0.000
97.00	27173.27	    0.00	72826.73	    0.00	72826.73	0.000	1.187	0.999	13684.36	100		    0.00	    0.00	51720.00	21106.73	0.000	0.000
98.00	27173.27	    0.00	72826.73	    0.00	72826.73	0.000	1.187	0.999	13684.36	100		    0.00	    0.00	51720.00	21106.73	0.000	0.000
99.00	27173.27	    0.00	72826.73	    0.00	72826.73	0.000	1.187	0.999	13684.36	100		    0.00	    0.00	51720.00	21106.73	0.000	0.000
100.00	27173.27	    0.00	72826.73	    0.00	72826.73	0.000	1.187	0.999	13684.36	100		    0.00	    0.00	51720.00	21106.73	0.000	0.000
101.00	27173.27	    0.00	72826.73	    0.00	72826.73	0.000	1.187	0.999	13684.36	100		    0.00	    0.00	51720.00	21106.73	0.000	0.000
102.00	27173.27	    0.00	72826.73	    0.00	72826.73	0.000	1.187	0.999	13684.36	100		    0.00	    0.00	51720.00	21106.73	0.000	0.000
103.00	27173.27	    0.00	72826.73	    0.00	72826.73	0.000	1.187	0.999	13684.36	100		    0.00	    0.00	51720.00	21106.73	0.000	0.000
104.00	27173.27	    0.00	72826.73	    0.00	72826.73	0.000	1.187	0.999	13684.36	100		    0.00	    0.00	51720.00	21106.73	0.000	0.000
105.00	27173.27	    0.00	72826.73	    0.00	72826.73	0.000	1.187	0.999	13684.36	100		    0.00	    0.00	51720.00	21106.73	0.000	0.000
106.00	27173.27	    0.00	72826.73	    0.00	72826.73	0.000	1.187	0.999	13684.36	100		    0.00	    0.00	51720.00	21106.73	0.000	0.000
107.00	27173.27	    0.00	72826.73	    0.00	72826.73	0.000	1.187	0.999	13684.36	100		    0.00	    0.00	51720.00	21106.73	0.000	0.000
108.00	27173.27	    0.00	72826.73	    0.00	72826.73	0.000	1.187	0.999	13684.36	100		    0.00	    0.00	51720.00	21106.73	0.000	0.000
109.00	27173.27	    0.00	72826.73	    0.00	72826.73	0.000	1.187	0.999	13684.36	100		    0.00	    0.00	51720.00	21106.73	0.000	0.000
110.00	27173.27	    0.00	72826.73	    0.00	72826.73	0.000	1.187	0.999	13684.36	100		    0.00	    0.00	51720.00	21106.73	0.000	0.000
111.00	27173.27	    0.00	72826.73	    0.00	72826.73	0.000	1.187	0.999	13684.36	100		    0.00	    0.00	51720.00	21106.73	0.000	0.000
112.00	27173.27	    0.00	72826.73	    0.00	72826.73	0.000	1.187	0.999	13684.36	100		    0.00	    0.00	51720.00	21106.73	0.000	0.000
113.00	27173.27	    0.00	72826.73	    0.00	72826.73	0.000	1.187	0.999	13684.36	100		    0.00	    0.00	51720.00	21106.73	0.000	0.000
114.00	27173.27	    0.00	72826.73	    0.00	72826.73	0.000	1.187	0.999	13684.36	100		    0.00	    0.00	51720.00	21106.73	0.000	0.000
115.00	27173.27	    0.00	72826.73	    0.00	72826.73	0.000	1.187	0.999	13684.36	100		    0.00	    0.00	51720.00	21106.73	0.000	0.000
116.00	27173.27	    0.00	72826.73	    0.00	72826.73	0.000	1.187	0.999	13684.36	100		    0.00	    0.00	51720.00	21106.73	0.000	0.000
117.00	27173.27	    0.00	72826.73	    0.00	72826.73	0.000	1.187	0.999	13684.36	100		    0.00	    0.00	51720.00	21106.73	0.000	0.000
118.00	27173.27	    0.00	72826.73	    0.00	72826.73	0.000	1.187	0.999	13684.36	100		    0.00	    0.00	51720.00	21106.73	0.000	0.000
119.00	27173.27	    0.00	72826.73	    0.00	72826.73	0.000	1.187	0.999	13684.36	100		    0.00	    0.00	51720.00	21106.73	0.000	0.000
120.00	27173.27	    0.00	72826.73	    0.00	72826.73	0.000	1.187	0.999	13684.36	100		    0.00	    0.00	51720.00	21106.73	0.000	0.000
121.00	27173.27	    0.00	72826.73	    0.00	72826.73	0.000	1.187	0.999	13684.36	100		    0.00	    0.00	51720.00	21106.73	0.000	0.000
122.00	27173.27	    0.00	72826.73	    0.00	72826.73	0.000	1.187	0.999	13684.36	100		    0.00	    0.00	51720.00	21106.73	0.000	0.000
123.00	27173.27	    0.00	72826.73	    0.00	72826.73	0.000	1.187	0.999	13684.36	100		    0.00	    0.00	51720.00	21106.73	0.000	0.000
124.00	27173.27	    0.00	72826.73	    0.00	72826.73	0.000	1.187	0.999	13684.36	100		    0.00	    0.00	51720.00	21106.73	0.000	0.000
125.00	27173.27	    0.00	72826.73	    0.00	72826.73	0.000	1.187	0.999	13684.36	100		    0.00	    0.00	51720.00	21106.73	0.000	0.000
126.00	27173.27	    0.00	72826.73	    0.00	72826.73	0.000	1.187	0.999	13684.36	100		    0.00	    0.00	51720.00	21106.73	0.000	0.000
127.00	27173.27	    0.00	72826.73	    0.00	72826.73	0.000	1.187	0.999	13684.36	100		    0.00	    0.00	51720.00	21106.73	0.000	0.000
128.00	27173.27	    0.00	72826.73	    0.00	72826.73	0.000	1.187	0.999	13684.36	100		    0.00	    0.00	51720.00	21106.73	0.000	0.000
129.00	27173.27	    0.00	72826.73	    0.00	72826.73	0.000	1.187	0.999	13684.36	100		    0.00	    0.00	51720.00	21106.73	0.000	0.000
130.00	27173.27	    0.00	72826.73	    0.00	72826.73	0.000	1.187	0.999	13684.36	100		    0.00	    0.00	51720.00	21106.73	0.000	0.000
131.00	27173.27	    0.00	72826.73	    0.00	72826.73	0.000	1.187	0.999	13684.36	100		    0.00	    0.00	51720.00	21106.73	0.000	0.000
132.00	27173.27	    0.00	72826.73	    0.00	72826.73	0.000	1.187	0.999	13684.36	100		    0.00	    0.00	51720.00	21106.73	0.000	0.000
133.00	27173.27	    0.00	72826.73	    0.00	72826.73	0.000	1.187	0.999	13684.36	100		    0.00	    0.00	51720.00	21106.73	0.000	0.000
134.00	27173.27	    0.00	72826.73	    0.00	72826.73	0.000	1.187	0.999	13684.36	100		    0.00	    0.00	51720.00	21106.73	0.000	0.000
135.00	27173.27	    0.00	72826.73	    0.00	72826.73	0.000	1.187	0.999	13684.36	100		    0.00	    0.00	51720.00	21106.73	0.000	0.000
136.00	27173.27	    0.00	72826.73	    0.00	72826.73	0.000	1.187	0.999	13684.36	100		    0.00	    0.00	51720.00	21106.73	0.000	0.000
137.00	27173.27	    0.00	72826.73	    0.00	72826.73	0.000	1.187	0.999	13684.36	100		    0.00	    0.00	51720.00	21106.73	0.000	0.000
138.00	27173.27	    0.00	72826.73	    0.00	72826.73	0.000	1.187	0.999	13684.36	100		    0.00	    0.00	51720.00	21106.73	0.000	0.000
139.00	27173.27	    0.00	72826.73	    0.00	72826.73	0.000	1.187	0.999	13684.36	100		    0.00	    0.00	51720.00	21106.73	0.000	0.000
140.00	27173.27	    0.00	72826.73	    0.00	72826.73	0.000	1.187	0.999	13684.36	100		    0.00	    0.00	51720.00	21106.73	0.000	0.000
141.00	27173.27	    0.00	72826.73	    0.00	72826.73	0.000	1.187	0.999	13684.36	100		    0.00	    0.00	51720.00	21106.73	0.000	0.000
142.00	27173.27	    0.00	72826.73	    0.00	72826.73	0.000	1.187	0.999	13684.36	100		    0.00	    0.00	51720.00	21106.73	0.000	0.000
143.00	27173.27	    0.00	72826.73	    0.00	72826.73	0.000	1.187	0.999	13684.36	100		    0.00	    0.00	51720.00	21106.73	0.000	0.000
144.00	27173.27	    0.00	72826.73	    0.00	72826.73	0.000	1.187	0.999	13684.36	100		    0.00	    0.00	51720.00	21106.73	0.000	0.000
145.00	27173.27	    0.00	72826.73	    0.00	72826.73	0.000	1.187	0.999	13684.36	100		    0.00	    0.00	51720.00	21106.73	0.000	0.000
146.00	27173.27	    0.00	72826.73	    0.00	72826.73	0.000	1.187	0.999	13684.36	100		    0.00	    0.00	51720.00	21106.73	0.000	0.000
147.00	27173.27	    0.00	72826.73	    0.00	72826.73	0.000	1.187	0.999	13684.36	100		    0.00	    0.00	51720.00	21106.73	0.000	0.000
148.00	27173.27	    0.00	72826.73	    0.00	72826.73	0.000	1.187	0.999	13684.36	100		    0.00	    0.00	51720.00	21106.73	0.000	0.000
149.00	27173.27	    0.00	72826.73	    0.00	72826.73	0.000	1.187	0.999	13684.36	100		    0.00	    0.00	51720.00	21106.73	0.000	0.000
150.00	27173.27	    0.00	72826.73	    0.00	72826.73	0.000	1.187	0.999	13684.36	100		    0.00	    0.00	51720.00	21106.73	0.000	0.000
151.00	27173.27	    0.00	72826.73	    0.00	72826.73	0.000	1.187	0.999	13684.36	100		    0.00	    0.00	51720.00	21106.73	0.000	0.000
152.00	27173.27	    0.00	72826.73	    0.00	72826.73	0.000	1.187	0.999	13684.36	100		    0.00	    0.00	51720.00	21106.73	0.000	0.000
153.00	27173.27	    0.00	72826.73	    0.00	72826.73	0.000	1.187	0.999	13684.36	100		    0.00	    0.00	51720.00	21106.73	0.000	0.000
154.00	27173.27	    0.00	72826.73	    0.00	72826.73	0.000	1.187	0.999	13684.36	100		    0.00	    0.00	51720.00	21106.73	0.000	0.000
155.00	27173.27	    0.00	72826.73	    0.00	72826.73	0.000	1.187	0.999	13684.36	100		    0.00	    0.00	51720.00	21106.73	0.000	0.000
156.00	27173.27	    0.00	72826.73	    0.00	72826.73	0.000	1.187	0.999	13684.36	100		    0.00	    0.00	51720.00	21106.73	0.000	0.000
157.00	27173.27	    0.00	72826.73	    0.00	72826.73	0.000	1.187	0.999	13684.36	100		    0.00	    0.00	51720.00	21106.73	0.000	0.000
158.00	27173.27	    0.00	72826.73	    0.00	72826.73	0.000	1.187	0.999	13684.36	100		    0.00	    0.00	51720.00	21106.73	0.000	0.000
159.00	27173.27	    0.00	72826.73	    0.00	72826.73	0.000	1.187	0.999	13684.36	100		    0.00	    0.00	51720.00	21106.73	0.000	0.000
160.00	27173.27	    0.00	72826.73	    0.00	72826.73	0.000	1.187	0.999	13684.36	100		    0.00	    0.00	51720.00	21106.73	0.000	0.000
161.00	27173.27	    0.00	72826.73	    0.00	72826.73	0.000	1.187	0.999	13684.36	100		    0.00	    0.00	51720.00	21106.73	0.000	0.000
162.00	27173.27	    0.00	72826.73	    0.00	72826.73	0.000	1.187	0.999	13684.36	100		    0.00	    0.00	51720.00	21106.73	0.000	0.000
163.00	27173.27	    0.00	72826.73	    0.00	72826.73	0.000	1.187	0.999	13684.36	100		    0.00	    0.00	51720.00	21106.73	0.000	0.000
164.00	27173.27	    0.00	72826.73	    0.00	72826.73	0.000	1.187	0.999	13684.36	100		    0.00	    0.00	51720.00	21106.73	0.000	0.000
165.00	27173.27	    0.00	72826.73	    0.00	72826.73	0.000	1.187	0.999	13684.36	100		    0.00	    0.00	51720.00	21106.73	0.000	0.000
166.00	27173.27	    0.00	72826.73	    0.00	72826.73	0.000	1.187	0.999	13684.36	100		    0.00	    0.00	51720.00	21106.73	0.000	0.000
167.00	27173.27	    0.00	72826.73	    0.00	72826.73	0.000	1.187	0.999	13684.36	100		    0.00	    0.00	51720.00	21106.73	0.000	0.000
168.00	27173.27	    0.00	72826.73	    0.00	72826.73	0.000	1.187	0.999	13684.36	100		    0.00	    0.00	51720.00	21106.73	0.000	0.000
169.00	27173.27	    0.00	72826.73	    0.00	72826.73	0.000	1.187	0.999	13684.36	100		    0.00	    0.00	51720.00	21106.73	0.000	0.000
170.00	27173.27	    0.00	72826.73	    0.00	72826.73	0.000	1.187	0.999	13684.36	100		    0.00	    0.00	51720.00	21106.73	0.000	0.000
171.00	27173.27	    0.00	72826.73	    0.00	72826.73	0.000	1.187	0.999	13684.36	100		    0.00	    0.00	51720.00	21106.73	0.000	0.000
172.00	27173.27	    0.00	72826.73	    0.00	72826.73	0.000	1.187	0.999	13684.36	100		    0.00	    0.00	51720.00	21106.73	0.000	0.000
173.00	27173.27	    0.00	72826.73	    0.00	72826.73	0.000	1.187	0.999	13684.36	100		    0.00	    0.00	51720.00	21106.73	0.000	0.000
174.00	27173.27	    0.00	72826.73	    0.00	72826.73	0.000	1.187	0.999	13684.36	100		    0.00	    0.00	51720.00	21106.73	0.000	0.000
175.00	27173.27	    0.00	72826.73	    0.00	72826.73	0.000	1.187	0.999	13684.36	100		    0.00	    0.00	51720.00	21106.73	0.000	0.000
176.00	27173.27	    0.00	72826.73	    0.00	72826.73	0.000	1.187	0.999	13684.36	100		    0.00	    0.00	51720.00	21106.73	0.000	0.000
177.00	27173.27	    0.00	72826.73	    0.00	72826.73	0.000	1.187	0.999	13684.36	100		    0.00	    0.00	51720.00	21106.73	0.000	0.000
178.00	27173.27	    0.00	72826.73	    0.00	72826.73	0.000	1.187	0.999	13684.36	100		    0.00	    0.00	51720.00	21106.73	0.000	0.000
179.00	27173.27	    0.00	72826.73	    0.00	72826.73	0.000	1.187	0.999	13684.36	100		    0.00	    0.00	51720.00	21106.73	0.000	0.000
180.00	27173.27	    0.00	72826.73	    0.00	72826.73	0.000	1.187	0.999	13684.36	100		    0.00	    0.00	51720.00	21106.73	0.000	0.000
181.00	27173.27	    0.00	72826.73	    0.00	72826.73	0.000	1.187	0.999	13684.36	100		    0.00	    0.00	51720.00	21106.73	0.000	0.000
182.00	27173.27	    0.00	72826.73	    0.00	72826.73	0.000	1.187	0.999	13684.36	100		    0.00	    0.00	51720.00	21106.73	0.000	0.000
183.00	27173.27	    0.00	72826.73	    0.00	72826.73	0.000	1.187	0.999	13684.36	100		    0.00	    0.00	51720.00	21106.73	0.000	0.000
184.00	27173.27	    0.00	72826.73	    0.00	72826.73	0.000	1.187	0.999	13684.36	100		    0.00	    0.00	51720.00	21106.73	0.000	0.000
185.00	27173.27	    0.00	72826.73	    0.00	72826.73	0.000	1.187	0.999	13684.36	100		    0.00	    0.00	51720.00	21106.73	0.000	0.000
186.00	27173.27	    0.00	72826.73	    0.00	72826.73	0.000	1.187	0.999	13684.36	100		    0.00	    0.00	51720.00	21106.73	0.000	0.000
187.00	27173.27	    0.00	72826.73	    0.00	72826.73	0.000	1.187	0.999	13684.36	100		    0.00	    0.00	51720.00	21106.73	0.000	0.000
188.00	27173.27	    0.00	72826.73	    0.00	72826.73	0.000	1.187	0.999	13684.36	100		    0.00	    0.00	51720.00	21106.73	0.000	0.000
189.00	27173.27	    0.00	72826.73	    0.00	72826.73	0.000	1.187	0.999	13684.36	100		    0.00	    0.00	51720.00	21106.73	0.000	0.000
190.00	27173.27	    0.00	72826.73	    0.00	72826.73	0.000	1.187	0.999	13684.36	100		    0.00	    0.00	51720.00	21106.73	0.000	0.000
191.00	27173.27	    0.00	72826.73	    0.00	72826.73	0.000	1.187	0.999	13684.36	100		    0.00	    0.00	51720.00	21106.73	0.000	0.000
192.00	27173.27	    0.00	72826.73	    0.00	72826.73	0.000	1.187	0.999	13684.36	100		    0.00	    0.00	51720.00	21106.73	0.000	0.000
193.00	27173.27	    0.00	72826.73	    0.00	72826.73	0.000	1.187	0.999	13684.36	100		    0.00	    0.00	51720.00	21106.73	0.000	0.000
194.00	27173.27	    0.00	72826.73	    0.00	72826.73	0.000	1.187	0.999	13684.36	100		    0.00	    0.00	51720.00	21106.73	0.000	0.000
195.00	27173.27	    0.00	72826.73	    0.00	72826.73	0.000	1.187	0.999	13684.36	100		    0.00	    0.00	51720.00	21106.73	0.000	0.000
196.00	27173.27	    0.00	72826.73	    0.00	72826.73	0.000	1.187	0.999	13684.36	100		    0.00	    0.00	51720.00	21106.73	0.000	0.000
197.00	27173.27	    0.00	72826.73	    0.00	72826.73	0.000	1.187	0.999	13684.36	100		    0.00	    0.00	51720.00	21106.73	0.000	0.000
198.00	27173.27	    0.00	72826.73	    0.00	72826.73	0.000	1.187	0.999	13684.36	100		    0.00	    0.00	51720.00	21106.73	0.000	0.000
199.00	27173.27	    0.00	72826.73	    0.00	72826.73	0.000	1.187	0.999	13684.36	100		    0.00	    0.00	51720.00	21106.73	0.000	0.000
200.00	27173.27	    0.00	72826.73	    0.00	72826.73	0.000	1.187	0.999	13684.36	100		    0.00	    0.00	51720.00	21106.73	0.000	0.000
201.00	27173.27	    0.00	72826.73	    0.00	72826.73	0.000	1.187	0.999	13684.36	100		    0.00	    0.00	51720.00	21106.73	0.000	0.000
202.00	27173.27	    0.00	72826.73	    0.00	72826.73	0.000	1.187	0.999	13684.36	100		    0.00	    0.00	51720.00	21106.73	0.000	0.000
203.00	27173.27	    0.00	72826.73	    0.00	72826.73	0.000	1.187	0.999	13684.36	100		    0.00	    0.00	51720.00	21106.73	0.000	0.000
204.00	27173.27	    0.00	72826.73	    0.00	72826.73	0.000	1.187	0.999	13684.36	100		    0.00	    0.00	51720.00	21106.73	0.000	0.000
205.00	27173.27	    0.00	72826.73	    0.00	72826.73	0.000	1.187	0.999	13684.36	100		    0.00	    0.00	51720.00	21106.73	0.000	0.000
206.00	27173.27	    0.00	72826.73	    0.00	72826.73	0.000	1.187	0.999	13684.36	100		    0.00	    0.00	51720.00	21106.73	0.000	0.000
207.00	27173.27	    0.00	72826.73	    0.00	72826.73	0.000	1.187	0.999	13684.36	100		    0.00	    0.00	51720.00	21106.73	0.000	0.000
208.00	27173.27	    0.00	72826.73	    0.00	72826.73	0.000	1.187	0.999	13684.36	100		    0.00	    0.00	51720.00	21106.73	0.000	0.000
209.00	27173.27	    0.00	72826.73	    0.00	72826.73	0.000	1.187	0.999	13684.36	100		    0.00	    0.00	51720.00	21106.73	0.000	0.000
210.00	27173.27	    0.00	72826.73	    0.00	72826.73	0.000	1.187	0.999	13684.36	100		    0.00	    0.00	51720.00	21106.73	0.000	0.000
211.00	27173.27	    0.00	72826.73	    0.00	72826.73	0.000	1.187	0.999	13684.36	100		    0.00	    0.00	51720.00	21106.73	0.000	0.000
212.00	27173.27	    0.00	72826.73	    0.00	72826.73	0.000	1.187	0.999	13684.36	100		    0.00	    0.00	51720.00	21106.73	0.000	0.000
213.00	27173.27	    0.00	72826.73	    0.00	72826.73	0.000	1.187	0.999	13684.36	100		    0.00	    0.00	51720.00	21106.73	0.000	0.000
214.00	27173.27	    0.00	72826.73	    0.00	72826.73	0.000	1.187	0.999	13684.36	100		    0.00	    0.00	51720.00	21106.73	0.000	0.000
215.00	27173.27	    0.00	72826.73	    0.00	72826.73	0.000	1.187	0.999	13684.36	100		    0.00	    0.00	51720.00	21106.73	0.000	0.000
216.00	27173.27	    0.00	72826.73	    0.00	72826.73	0.000	1.187	0.999	13684.36	100		    0.00	    0.00	51720.00	21106.73	0.000	0.000
217.00	27173.27	    0.00	72826.73	    0.00	72826.73	0.000	1.187	0.999	13684.36	100		    0.00	    0.00	51720.00	21106.73	0.000	0.000
218.00	27173.27	    0.00	72826.73	    0.00	72826.73	0.000	1.187	0.999	13684.36	100		    0.00	    0.00	51720.00	21106.73	0.000	0.000
219.00	27173.27	    0.00	72826.73	    0.00	72826.73	0.000	1.187	0.999	13684.36	100		    0.00	    0.00	51720.00	21106.73	0.000	0.000
220.00	27173.27	    0.00	72826.73	    0.00	72826.73	0.000	1.187	0.999	13684.36	100		    0.00	    0.00	51720.00	21106.73	0.000	0.000
221.00	27173.27	    0.00	72826.73	    0.00	72826.73	0.000	1.187	0.999	13684.36	100		    0.00	    0.00	51720.00	21106.73	0.000	0.000
222.00	27173.27	    0.00	72826.73	    0.00	72826.73	0.000	1.187	0.999	13684.36	100		    0.00	    0.00	51720.00	21106.73	0.000	0.000
223.00	27173.27	    0.00	72826.73	    0.00	72826.73	0.000	1.187	0.999	13684.36	100		    0.00	    0.00	51720.00	21106.73	0.000	0.000
224.00	27173.27	    0.00	72826.73	    0.00	72826.73	0.000	1.187	0.999	13684.36	100		    0.00	    0.00	51720.00	21106.73	0.000	0.000
225.00	27173.27	    0.00	72826.73	    0.00	72826.73	0.000	1.187	0.999	13684.36	100		    0.00	    0.00	51720.00	21106.73	0.000	0.000
226.00	27173.27	    0.00	72826.73	    0.00	72826.73	0.000	1.187	0.999	13684.36	100		    0.00	    0.00	51720.00	21106.73	0.000	0.000
227.00	27173.27	    0.00	72826.73	    0.00	72826.73	0.000	1.187	0.999	13684.36	100		    0.00	    0.00	51720.00	21106.73	0.000	0.000
228.00	27173.27	    0.00	72826.73	    0.00	72826.73	0.000	1.187	0.999	13684.36	100		    0.00	    0.00	51720.00	21106.73	0.000	0.000
229.00	27173.27	    0.00	72826.73	    0.00	72826.73	0.000	1.187	0.999	13684.36	100		    0.00	    0.00	51720.00	21106.73	0.000	0.000
230.00	27173.27	    0.00	72826.73	    0.00	72826.73	0.000	1.187	0.999	13684.36	100		    0.00	    0.00	51720.00	21106.73	0.000	0.000
231.00	27173.27	    0.00	72826.73	    0.00	72826.73	0.000	1.187	0.999	13684.36	100		    0.00	    0.00	51720.00	21106.73	0.000	0.000
232.00	27173.27	    0.00	72826.73	    0.00	72826.73	0.000	1.187	0.999	13684.36	100		    0.00	    0.00	51720.00	21106.73	0.000	0.000
233.00	27173.27	    0.00	72826.73	    0.00	72826.73	0.000	1.187	0.999	13684.36	100		    0.00	    0.00	51720.00	21106.73	0.000	0.000
234.00	27173.27	    0.00	72826.73	    0.00	72826.73	0.000	1.187	0.999	13684.36	100		    0.00	    0.00	51720.00	21106.73	0.000	0.000
235.00	27173.27	    0.00	72826.73	    0.00	72826.73	0.000	1.187	0.999	13684.36	100		    0.00	    0.00	51720.00	21106.73	0.000	0.000
236.00	27173.27	    0.00	72826.73	    0.00	72826.73	0.000	1.187	0.999	13684.36	100		    0.00	    0.00	51720.00	21106.73	0.000	0.000
237.00	27173.27	    0.00	72826.73	    0.00	72826.73	0.000	1.187	0.999	13684.36	100		    0.00	    0.00	51720.00	21106.73	0.000	0.000
238.00	27173.27	    0.00	72826.73	    0.00	72826.73	0.000	1.187	0.999	13684.36	100		    0.00	    0.00	51720.00	21106.73	0.000	0.000
239.00	27173.27	    0.00	72826.73	    0.00	72826.73	0.000	1.187	0.999	13684.36	100		    0.00	    0.00	51720.00	21106.73	0.000	0.000
240.00	27173.27	    0.00	72826.73	    0.00	72826.73	0.000	1.187	0.999	13684.36	100		    0.00	    0.00	51720.00	21106.73	0.000	0.000
241.00	27173.27	    0.00	72826.73	    0.00	72826.73	0.000	1.187	0.999	13684.36	100		    0.00	    0.00	51720.00	21106.73	0.000	0.000
242.00	27173.27	    0.00	72826.73	    0.00	72826.73	0.000	1.187	0.999	13684.36	100		    0.00	    0.00	51720.00	21106.73	0.000	0.000
243.00	27173.27	    0.00	72826.73	    0.00	72826.73	0.000	1.187	0.999	13684.36	100		    0.00	    0.00	51720.00	21106.73	0.000	0.000
244.00	27173.27	    0.00	72826.73	    0.00	72826.73	0.000	1.187	0.999	13684.36	100		    0.00	    0.00	51720.00	21106.73	0.000	0.000
245.00	27173.27	    0.00	72826.73	    0.00	72826.73	0.000	1.187	0.999	13684.36	100		    0.00	    0.00	51720.00	21106.73	0.000	0.000
246.00	27173.27	    0.00	72826.73	    0.00	72826.73	0.000	1.187	0.999	13684.36	100		    0.00	    0.00	51720.00	21106.73	0.000	0.000
247.00	27173.27	    0.00	72826.73	    0.00	72826.73	0.000	1.187	0.999	13684.36	100		    0.00	    0.00	51720.00	21106.73	0.000	0.000
248.00	27173.27	    0.00	72826.73	    0.00	72826.73	0.000	1.187	0.999	13684.36	100		    0.00	    0.00	51720.00	21106.73	0.000	0.000
249.00	27173.27	    0.00	72826.73	    0.00	72826.73	0.000	1.187	0.999	13684.36	100		    0.00	    0.00	51720.00	21106.73	0.000	0.000
250.00	27173.27	    0.00	72826.73	    0.00	72826.73	0.000	1.187	0.999	13684.36	100		    0.00	    0.00	51720.00	21106.73	0.000	0.000
251.00	27173.27	    0.00	72826.73	    0.00	72826.73	0.000	1.187	0.999	13684.36	100		    0.00	    0.00	51720.00	21106.73	0.000	0.000
252.00	27173.27	    0.00	72826.73	    0.00	72826.73	0.000	1.187	0.999	13684.36	100		    0.00	    0.00	51720.00	21106.73	0.000	0.000
253.00	27173.27	    0.00	72826.73	    0.00	72826.73	0.000	1.187	0.999	13684.36	100		    0.00	    0.00	51720.00	21106.73	0.000	0.000
254.00	27173.27	    0.00	72826.73	    0.00	72826.73	0.000	1.187	0.999	13684.36	100		    0.00	    0.00	51720.00	21106.73	0.000	0.000
255.00	27173.27	    0.00	72826.73	    0.00	72826.73	0.000	1.187	0.999	13684.36	100		    0.00	    0.00	51720.00	21106.73	0.000	0.000
256.00	27173.27	    0.00	72826.73	    0.00	72826.73	0.000	1.187	0.999	13684.36	100		    0.00	    0.00	51720.00	21106.73	0.000	0.000
257.00	27173.27	    0.00	72826.73	    0.00	72826.73	0.000	1.187	0.999	13684.36	100		    0.00	    0.00	51720.00	21106.73	0.000	0.000
258.00	27173.27	    0.00	72826.73	    0.00	72826.73	0.000	1.187	0.999	13684.36	100		    0.00	    0.00	51720.00	21106.73	0.000	0.000
259.00	27173.27	    0.00	72826.73	    0.00	72826.73	0.000	1.187	0.999	13684.36	100		    0.00	    0.00	51720.00	21106.73	0.000	0.000
260.00	27173.27	    0.00	72826.73	    0.00	72826.73	0.000	1.187	0.999	13684.36	100		    0.00	    0.00	51720.00	21106.73	0.000	0.000
261.00	27173.27	    0.00	72826.73	    0.00	72826.73	0.000	1.187	0.999	13684.36	100		    0.00	    0.00	51720.00	21106.73	0.000	0.000
262.00	27173.27	    0.00	72826.73	    0.00	72826.73	0.000	1.187	0.999	13684.36	100		    0.00	    0.00	51720.00	21106.73	0.000	0.000
263.00	27173.27	    0.00	72826.73	    0.00	72826.73	0.000	1.187	0.999	13684.36	100		    0.00	    0.00	51720.00	21106.73	0.000	0.000
264.00	27173.27	    0.00	72826.73	    0.00	72826.73	0.000	1.187	0.999	13684.36	100		    0.00	    0.00	51720.00	21106.73	0.000	0.000
265.00	27173.27	    0.00	72826.73	    0.00	72826.73	0.000	1.187	0.999	13684.36	100		    0.00	    0.00	51720.00	21106.73	0.000	0.000
266.00	27173.27	    0.00	72826.73	    0.00	72826.73	0.000	1.187	0.999	13684.36	100		    0.00	    0.00	51720.00	21106.73	0.000	0.000
267.00	27173.27	    0.00	72826.73	    0.00	72826.73	0.000	1.187	0.999	13684.36	100		    0.00	    0.00	51720.00	21106.73	0.000	0.000
268.00	27173.27	    0.00	72826.73	    0.00	72826.73	0.000	1.187	0.999	13684.36	100		    0.00	    0.00	51720.00	21106.73	0.000	0.000
269.00	27173.27	    0.00	72826.73	    0.00	72826.73	0.000	1.187	0.999	13684.36	100		    0.00	    0.00	51720.00	21106.73	0.000	0.000
270.00	27173.27	    0.00	72826.73	    0.00	72826.73	0.000	1.187	0.999	13684.36	100		    0.00	    0.00	51720.00	21106.73	0.000	0.000
271.00	27173.27	    0.00	72826.73	    0.00	72826.73	0.000	1.187	0.999	13684.36	100		    0.00	    0.00	51720.00	21106.73	0.000	0.000
272.00	27173.27	    0.00	72826.73	    0.00	72826.73	0.000	1.187	0.999	13684.36	100		    0.00	    0.00	51720.00	21106.73	0.000	0.000
273.00	27173.27	    0.00	72826.73	    0.00	72826.73	0.000	1.187	0.999	13684.36	100		    0.00	    0.00	51720.00	21106.73	0.000	0.000
274.00	27173.27	    0.00	72826.73	    0.00	72826.73	0.000	1.187	0.999	13684.36	100		    0.00	    0.00	51720.00	21106.73	0.000	0.000
275.00	27173.27	    0.00	72826.73	    0.00	72826.73	0.000	1.187	0.999	13684.36	100		    0.00	    0.00	51720.00	21106.73	0.000	0.000
276.00	27173.27	    0.00	72826.73	    0.00	72826.73	0.000	1.187	0.999	13684.36	100		    0.00	    0.00	51720.00	21106.73	0.000	0.000
277.00	27173.27	    0.00	72826.73	    0.00	72826.73	0.000	1.187	0.999	13684.36	100		    0.00	    0.00	51720.00	21106.73	0.000	0.000
278.00	27173.27	    0.00	72826.73	    0.00	72826.73	0.000	1.187	0.999	13684.36	100		    0.00	    0.00	51720.00	21106.73	0.000	0.000
279.00	27173.27	    0.00	72826.73	    0.00	72826.73	0.000	1.187	0.999	13684.36	100		    0.00	    0.00	51720.00	21106.73	0.000	0.000
280.00	27173.27	    0.00	72826.73	    0.00	72826.73	0.000	1.187	0.999	13684.36	100		    0.00	    0.00	51720.00	21106.73	0.000	0.000
281.00	27173.27	    0.00	72826.73	    0.00	72826.73	0.000	1.187	0.999	13684.36	100		    0.00	    0.00	51720.00	21106.73	0.000	0.000
282.00	27173.27	    0.00	72826.73	    0.00	72826.73	0.000	1.187	0.999	13684.36	100		    0.00	    0.00	51720.00	21106.73	0.000	0.000
283.00	27173.27	    0.00	72826.73	    0.00	72826.73	0.000	1.187	0.999	13684.36	100		    0.00	    0.00	51720.00	21106.73	0.000	0.000
284.00	27173.27	    0.00	72826.73	    0.00	72826.73	0.000	1.187	0.999	13684.36	100		    0.00	    0.00	51720.00	21106.73	0.000	0.000
285.00	27173.27	    0.00	72826.73	    0.00	72826.73	0.000	1.187	0.999	13684.36	100		    0.00	    0.00	51720.00	21106.73	0.000	0.000
286.00	27173.27	    0.00	72826.73	    0.00	72826.73	0.000	1.187	0.999	13684.36	100		    0.00	    0.00	51720.00	21106.73	0.000	0.000
287.00	27173.27	    0.00	72826.73	    0.00	72826.73	0.000	1.187	0.999	13684.36	100		    0.00	    0.00	51720.00	21106.73	0.000	0.000
288.00	27173.27	    0.00	72826.73	    0.00	72826.73	0.000	1.187	0.999	13684.36	100		    0.00	    0.00	51720.00	21106.73	0.000	0.000
289.00	27173.27	    0.00	72826.73	    0.00	72826.73	0.000	1.187	0.999	13684.36	100		    0.00	    0.00	51720.00	21106.73	0.000	0.000
290.00	27173.27	    0.00	72826.73	    0.00	72826.73	0.000	1.187	0.999	13684.36	100		    0.00	    0.00	51720.00	21106.73	0.000	0.000
291.00	27173.27	    0.00	72826.73	    0.00	72826.73	0.000	1.187	0.999	13684.36	100		    0.00	    0.00	51720.00	21106.73	0.000	0.000
292.00	27173.27	    0.00	72826.73	    0.00	72826.73	0.000	1.187	0.999	13684.36	100		    0.00	    0.00	51720.00	21106.73	0.000	0.000
293.00	27173.27	    0.00	72826.73	    0.00	72826.73	0.000	1.187	0.999	13684.36	100		    0.00	    0.00	51720.00	21106.73	0.000	0.000
294.00	27173.27	    0.00	72826.73	    0.00	72826.73	0.000	1.187	0.999	13684.36	100		    0.00	    0.00	51720.00	21106.73	0.000	0.000
295.00	27173.27	    0.00	72826.73	    0.00	72826.73	0.000	1.187	0.999	13684.36	100		    0.00	    0.00	51720.00	21106.73	0.000	0.000
296.00	27173.27	    0.00	72826.73	    0.00	72826.73	0.000	1.187	0.999	13684.36	100		    0.00	    0.00	51720.00	21106.73	0.000	0.000
297.00	27173.27	    0.00	72826.73	    0.00	72826.73	0.000	1.187	0.999	13684.36	100		    0.00	    0.00	51720.00	21106.73	0.000	0.000
298.00	27173.27	    0.00	72826.73	    0.00	72826.73	0.000	1.187	0.999	13684.36	100		    0.00	    0.00	51720.00	21106.73	0.000	0.000
299.00	27173.27	    0.00	72826.73	    0.00	72826.73	0.000	1.187	0.999	13684.36	100		    0.00	    0.00	51720.00	21106.73	0.000	0.000
300.00	27173.27	    0.00	72826.73	    0.00	72826.73	0.000	1.187	0.999	13684.36	100		    0.00	    0.00	51720.00	21106.73	0.000	0.000
301.00	27173.27	    0.00	72826.73	    0.00	72826.73	0.000	1.187	0.999	13684.36	100		    0.00	    0.00	51720.00	21106.73	0.000	0.000
302.00	27173.27	    0.00	72826.73	    0.00	72826.73	0.000	1.187	0.999	13684.36	100		    0.00	    0.00	51720.00	21106.73	0.000	0.000
303.00	27173.27	    0.00	72826.73	    0.00	72826.73	0.000	1.187	0.999	13684.36	100		    0.00	    0.00	51720.00	21106.73	0.000	0.000
304.00	27173.27	    0.00	72826.73	    0.00	72826.73	0.000	1.187	0.999	13684.36	100		    0.00	    0.00	51720.00	21106.73	0.000	0.000
305.00	27173.27	    0.00	72826.73	    0.00	72826.73	0.000	1.187	0.999	13684.36	100		    0.00	    0.00	51720.00	21106.73	0.000	0.000
306.00	27173.27	    0.00	72826.73	    0.00	72826.73	0.000	1.187	0.999	13684.36	100		    0.00	    0.00	51720.00	21106.73	0.000	0.000
307.00	27173.27	    0.00	72826.73	    0.00	72826.73	0.000	1.187	0.999	13684.36	100		    0.00	    0.00	51720.00	21106.73	0.000	0.000
308.00	27173.27	    0.00	72826.73	    0.00	72826.73	0.000	1.187	0.999	13684.36	100		    0.00	    0.00	51720.00	21106.73	0.000	0.000
309.00	27173.27	    0.00	72826.73	    0.00	72826.73	0.000	1.187	0.999	13684.36	100		    0.00	    0.00	51720.00	21106.73	0.000	0.000
310.00	27173.27	    0.00	72826.73	    0.00	72826.73	0.000	1.187	0.999	13684.36	100		    0.00	    0.00	51720.00	21106.73	0.000	0.000
311.00	27173.27	    0.00	72826.73	    0.00	72826.73	0.000	1.187	0.999	13684.36	100		    0.00	    0.00	51720.00	21106.73	0.000	0.000
312.00	27173.27	    0.00	72826.73	    0.00	72826.73	0.000	1.187	0.999	13684.36	100		    0.00	    0.00	51720.00	21106.73	0.000	0.000
313.00	27173.27	    0.00	72826.73	    0.00	72826.73	0.000	1.187	0.999	13684.36	100		    0.00	    0.00	51720.00	21106.73	0.000	0.000
314.00	27173.27	    0.00	72826.73	    0.00	72826.73	0.000	1.187	0.999	13684.36	100		    0.00	    0.00	51720.00	21106.73	0.000	0.000
315.00	27173.27	    0.00	72826.73	    0.00	72826.73	0.000	1.187	0.999	13684.36	100		    0.00	    0.00	51720.00	21106.73	0.000	0.000
316.00	27173.27	    0.00	72826.73	    0.00	72826.73	0.000	1.187	0.999	13684.36	100		    0.00	    0.00	51720.00	21106.73	0.000	0.000
317.00	27173.27	    0.00	72826.73	    0.00	72826.73	0.000	1.187	0.999	13684.36	100		    0.00	    0.00	51720.00	21106.73	0.000	0.000
318.00	27173.27	    0.00	72826.73	    0.00	72826.73	0.000	1.187	0.999	13684.36	100		    0.00	    0.00	51720.00	21106.73	0.000	0.000
319.00	27173.27	    0.00	72826.73	    0.00	72826.73	0.000	1.187	0.999	13684.36	100		    0.00	    0.00	51720.00	21106.73	0.000	0.000
320.00	27173.27	    0.00	72826.73	    0.00	72826.73	0.000	1.187	0.999	13684.36	100		    0.00	    0.00	51720.00	21106.73	0.000	0.000
321.00	27173.27	    0.00	72826.73	    0.00	72826.73	0.000	1.187	0.999	13684.36	100		    0.00	    0.00	51720.00	21106.73	0.000	0.000
322.00	27173.27	    0.00	72826.73	    0.00	72826.73	0.000	1.187	0.999	13684.36	100		    0.00	    0.00	51720.00	21106.73	0.000	0.000
323.00	27173.27	    0.00	72826.73	    0.00	72826.73	0.000	1.187	0.999	13684.36	100		    0.00	    0.00	51720.00	21106.73	0.000	0.000
324.00	27173.27	    0.00	72826.73	    0.00	72826.73	0.000	1.187	0.999	13684.36	100		    0.00	    0.00	51720.00	21106.73	0.000	0.000
325.00	27173.27	    0.00	72826.73	    0.00	72826.73	0.000	1.187	0.999	13684.36	100		    0.00	    0.00	51720.00	21106.73	0.000	0.000
326.00	27173.27	    0.00	72826.73	    0.00	72826.73	0.000	1.187	0.999	13684.36	100		    0.00	    0.00	51720.00	21106.73	0.000	0.000
327.00	27173.27	    0.00	72826.73	    0.00	72826.73	0.000	1.187	0.999	13684.36	100		    0.00	    0.00	51720.00	21106.73	0.000	0.000
328.00	27173.27	    0.00	72826.73	    0.00	72826.73	0.000	1.187	0.999	13684.36	100		    0.00	    0.00	51720.00	21106.73	0.000	0.000
329.00	27173.27	    0.00	72826.73	    0.00	72826.73	0.000	1.187	0.999	13684.36	100		    0.00	    0.00	51720.00	21106.73	0.000	0.000
330.00	27173.27	    0.00	72826.73	    0.00	72826.73	0.000	1.187	0.999	13684.36	100		    0.00	    0.00	51720.00	21106.73	0.000	0.000
331.00	27173.27	    0.00	72826.73	    0.00	72826.73	0.000	1.187	0.999	13684.36	100		    0.00	    0.00	51720.00	21106.73	0.000	0.000
332.00	27173.27	    0.00	72826.73	    0.00	72826.73	0.000	1.187	0.999	13684.36	100		    0.00	    0.00	51720.00	21106.73	0.000	0.000
333.00	27173.27	    0.00	72826.73	    0.00	72826.73	0.000	1.187	0.999	13684.36	100		    0.00	    0.00	51720.00	21106.73	0.000	0.000
334.00	27173.27	    0.00	72826.73	    0.00	72826.73	0.000	1.187	0.999	13684.36	100		    0.00	    0.00	51720.00	21106.73	0.000	0.000
335.00	27173.27	    0.00	72826.73	    0.00	72826.73	0.000	1.187	0.999	13684.36	100		    0.00	    0.00	51720.00	21106.73	0.000	0.000
336.00	27173.27	    0.00	72826.73	    0.00	72826.73	0.000	1.187	0.999	13684.36	100		    0.00	    0.00	51720.00	21106.73	0.000	0.000
337.00	27173.27	    0.00	72826.73	    0.00	72826.73	0.000	1.187	0.999	13684.36	100		    0.00	    0.00	51720.00	21106.73	0.000	0.000
338.00	27173.27	    0.00	72826.73	    0.00	72826.73	0.000	1.187	0.999	13684.36	100		    0.00	    0.00	51720.00	21106.73	0.000	0.000
339.00	27173.27	    0.00	72826.73	    0.00	72826.73	0.000	1.187	0.999	13684.36	100		    0.00	    0.00	51720.00	21106.73	0.000	0.000
340.00	27173.27	    0.00	72826.73	    0.00	72826.73	0.000	1.187	0.999	13684.36	100		    0.00	    0.00	51720.00	21106.73	0.000	0.000
341.00	27173.27	    0.00	72826.73	    0.00	72826.73	0.000	1.187	0.999	13684.36	100		    0.00	    0.00	51720.00	21106.73	0.000	0.000
342.00	27173.27	    0.00	72826.73	    0.00	72826.73	0.000	1.187	0.999	13684.36	100		    0.00	    0.00	51720.00	21106.73	0.000	0.000
343.00	27173.27	    0.00	72826.73	    0.00	72826.73	0.000	1.187	0.999	13684.36	100		    0.00	    0.00	51720.00	21106.73	0.000	0.000
344.00	27173.27	    0.00	72826.73	    0.00	72826.73	0.000	1.187	0.999	13684.36	100		    0.00	    0.00	51720.00	21106.73	0.000	0.000
345.00	27173.27	    0.00	72826.73	    0.00	72826.73	0.000	1.187	0.999	13684.36	100		    0.00	    0.00	51720.00	21106.73	0.000	0.000
346.00	27173.27	    0.00	72826.73	    0.00	72826.73	0.000	1.187	0.999	13684.36	100		    0.00	    0.00	51720.00	21106.73	0.000	0.000
347.00	27173.27	    0.00	72826.73	    0.00	72826.73	0.000	1.187	0.999	13684.36	100		    0.00	    0.00	51720.00	21106.73	0.000	0.000
348.00	27173.27	    0.00	72826.73	    0.00	72826.73	0.000	1.187	0.999	13684.36	100		    0.00	    0.00	51720.00	21106.73	0.000	0.000
349.00	27173.27	    0.00	72826.73	    0.00	72826.73	0.000	1.187	0.999	13684.36	100		    0.00	    0.00	51720.00	21106.73	0.000	0.000
350.00	27173.27	    0.00	72826.73	    0.00	72826.73	0.000	1.187	0.999	13684.36	100		    0.00	    0.00	51720.00	21106.73	0.000	0.000
351.00	27173.27	    0.00	72826.73	    0.00	72826.73	0.000	1.187	0.999	13684.36	100		    0.00	    0.00	51720.00	21106.73	0.000	0.000
352.00	27173.27	    0.00	72826.73	    0.00	72826.73	0.000	1.187	0.999	13684.36	100		    0.00	    0.00	51720.00	21106.73	0.000	0.000
353.00	27173.27	    0.00	72826.73	    0.00	72826.73	0.000	1.187	0.999	13684.36	100		    0.00	    0.00	51720.00	21106.73	0.000	0.000
354.00	27173.27	    0.00	72826.73	    0.00	72826.73	0.000	1.187	0.999	13684.36	100		    0.00	    0.00	51720.00	21106.73	0.000	0.000
355.00	27173.27	    0.00	72826.73	    0.00	72826.73	0.000	1.187	0.999	13684.36	100		    0.00	    0.00	51720.00	21106.73	0.000	0.000
356.00	27173.27	    0.00	72826.73	    0.00	72826.73	0.000	1.187	0.999	13684.36	100		    0.00	    0.00	51720.00	21106.73	0.000	0.000
357.00	27173.27	    0.00	72826.73	    0.00	72826.73	0.000	1.187	0.999	13684.36	100		    0.00	    0.00	51720.00	21106.73	0.000	0.000
358.00	27173.27	    0.00	72826.73	    0.00	72826.73	0.000	1.187	0.999	13684.36	100		    0.00	    0.00	51720.00	21106.73	0.000	0.000
359.00	27173.27	    0.00	72826.73	    0.00	72826.73	0.000	1.187	0.999	13684.36	100		    0.00	    0.00	51720.00	21106.73	0.000	0.000
360.00	27173.27	    0.00	72826.73	    0.00	72826.73	0.000	1.187	0.999	13684.36	100		    0.00	    0.00	51720.00	21106.73	0.000	0.000
361.00	27173.27	    0.00	72826.73	    0.00	72826.73	0.000	1.187	0.999	13684.36	100		    0.00	    0.00	51720.00	21106.73	0.000	0.000
362.00	27173.27	    0.00	72826.73	    0.00	72826.73	0.000	1.187	0.999	13684.36	100		    0.00	    0.00	51720.00	21106.73	0.000	0.000
363.00	27173.27	    0.00	72826.73	    0.00	72826.73	0.000	1.187	0.999	13684.36	100		    0.00	    0.00	51720.00	21106.73	0.000	0.000
364.00	27173.27	    0.00	72826.73	    0.00	72826.73	0.000	1.187	0.999	13684.36	100		    0.00	    0.00	51720.00	21106.73	0.000	0.000
365.00	27173.27	    0.00	72826.73	    0.00	72826.73	0.000	1.187	0.999	13684.36	100		    0.00	    0.00	51720.00	21106.73	0.000	0.000
366.00	27173.27	    0.00	72826.73	    0.00	72826.73	0.000	1.187	0.999	13684.36	100		    0.00	    0.00	51720.00	21106.73	0.000	0.000
367.00	27173.27	    0.00	72826.73	    0.00	72826.73	0.000	1.187	0.999	13684.36	100		    0.00	    0.00	51720.00	21106.73	0.000	0.000
368.00	27173.27	    0.00	72826.73	    0.00	72826.73	0.000	1.187	0.999	13684.36	100		    0.00	    0.00	51720.00	21106.73	0.000	0.000
369.00	27173.27	    0.00	72826.73	    0.00	72826.73	0.000	1.187	0.999	13684.36	100		    0.00	    0.00	51720.00	21106.73	0.000	0.000
370.00	27173.27	    0.00	72826.73	    0.00	72826.73	0.000	1.187	0.999	13684.36	100		    0.00	    0.00	51720.00	21106.73	0.000	0.000
371.00	27173.27	    0.00	72826.73	    0.00	72826.73	0.000	1.187	0.999	13684.36	100		    0.00	    0.00	51720.00	21106.73	0.000	0.000
372.00	27173.27	    0.00	72826.73	    0.00	72826.73	0.000	1.187	0.999	13684.36	100		    0.00	    0.00	51720.00	21106.73	0.000	0.000
373.00	27173.27	    0.00	72826.73	    0.00	72826.73	0.000	1.187	0.999	13684.36	100		    0.00	    0.00	51720.00	21106.73	0.000	0.000
374.00	27173.27	    0.00	72826.73	    0.00	72826.73	0.000	1.187	0.999	13684.36	100		    0.00	    0.00	51720.00	21106.73	0.000	0.000
375.00	27173.27	    0.00	72826.73	    0.00	72826.73	0.000	1.187	0.999	13684.36	100		    0.00	    0.00	51720.00	21106.73	0.000	0.000
376.00	27173.27	    0.00	72826.73	    0.00	72826.73	0.000	1.187	0.999	13684.36	100		    0.00	    0.00	51720.00	21106.73	0.000	0.000
377.00	27173.27	    0.00	72826.73	    0.00	72826.73	0.000	1.187	0.999	13684.36	100		    0.00	    0.00	51720.00	21106.73	0.000	0.000
378.00	27173.27	    0.00	72826.73	    0.00	72826.73	0.000	1.187	0.999	13684.36	100		    0.00	    0.00	51720.00	21106.73	0.000	0.000
379.00	27173.27	    0.00	72826.73	    0.00	72826.73	0.000	1.187	0.999	13684.36	100		    0.00	    0.00	51720.00	21106.73	0.000	0.000
380.00	27173.27	    0.00	72826.73	    0.00	72826.73	0.000	1.187	0.999	13684.36	100		    0.00	    0.00	51720.00	21106.73	0.000	0.000
381.00	27173.27	    0.00	72826.73	    0.00	72826.73	0.000	1.187	0.999	13684.36	100		    0.00	    0.00	51720.00	21106.73	0.000	0.000
382.00	27173.27	    0.00	72826.73	    0.00	72826.73	0.000	1.187	0.999	13684.36	100		    0.00	    0.00	51720.00	21106.73	0.000	0.000
383.00	27173.27	    0.00	72826.73	    0.00	72826.73	0.000	1.187	0.999	13684.36	100		    0.00	    0.00	51720.00	21106.73	0.000	0.000
384.00	27173.27	    0.00	72826.73	    0.00	72826.73	0.000	1.187	0.999	13684.36	100		    0.00	    0.00	51720.00	21106.73	0.000	0.000
385.00	27173.27	    0.00	72826.73	    0.00	72826.73	0.000	1.187	0.999	13684.36	100		    0.00	    0.00	51720.00	21106.73	0.000	0.000
386.00	27173.27	    0.00	72826.73	    0.00	72826.73	0.000	1.187	0.999	13684.36	100		    0.00	    0.00	51720.00	21106.73	0.000	0.000
387.00	27173.27	    0.00	72826.73	    0.00	72826.73	0.000	1.187	0.999	13684.36	100		    0.00	    0.00	51720.00	21106.73	0.000	0.000
388.00	27173.27	    0.00	72826.73	    0.00	72826.73	0.000	1.187	0.999	13684.36	100		    0.00	    0.00	51720.00	21106.73	0.000	0.000
389.00	27173.27	    0.00	72826.73	    0.00	72826.73	0.000	1.187	0.999	13684.36	100		    0.00	    0.00	51720.00	21106.73	0.000	0.000
390.00	27173.27	    0.00	72826.73	    0.00	72826.73	0.000	1.187	0.999	13684.36	100		    0.00	    0.00	51720.00	21106.73	0.000	0.000
391.00	27173.27	    0.00	72826.73	    0.00	72826.73	0.000	1.187	0.999	13684.36	100		    0.00	    0.00	51720.00	21106.73	0.000	0.000
392.00	27173.27	    0.00	72826.73	    0.00	72826.73	0.000	1.187	0.999	13684.36	100		    0.00	    0.00	51720.00	21106.73	0.000	0.000
393.00	27173.27	    0.00	72826.73	    0.00	72826.73	0.000	1.187	0.999	13684.36	100		    0.00	    0.00	51720.00	21106.73	0.000	0.000
394.00	27173.27	    0.00	72826.73	    0.00	72826.73	0.000	1.187	0.999	13684.36	100		    0.00	    0.00	51720.00	21106.73	0.000	0.000
395.00	27173.27	    0.00	72826.73	    0.00	72826.73	0.000	1.187	0.999	13684.36	100		    0.00	    0.00	51720.00	21106.73	0.000	0.000
396.00	27173.27	    0.00	72826.73	    0.00	72826.73	0.000	1.187	0.999	13684.36	100		    0.00	    0.00	51720.00	21106.73	0.000	0.000
397.00	27173.27	    0.00	72826.73	    0.00	72826.73	0.000	1.187	0.999	13684.36	100		    0.00	    0.00	51720.00	21106.73	0.000	0.000
398.00	27173.27	    0.00	72826.73	    0.00	72826.73	0.000	1.187	0.999	13684.36	100		    0.00	    0.00	51720.00	21106.73	0.000	0.000
399.00	27173.27	    0.00	72826.73	    0.00	72826.73	0.000	1.187	0.999	13684.36	100		    0.00	    0.00	51720.00	21106.73	0.000	0.000
400.00	27173.27	    0.00	72826.73	    0.00	72826.73	0.000	1.187	0.999	13684.36	100		    0.00	    0.00	51720.00	21106.73	0.000	0.000
401.00	27173.27	    0.00	72826.73	    0.00	72826.73	0.000	1.187	0.999	13684.36	100		    0.00	    0.00	51720.00	21106.73	0.000	0.000
402.00	27173.27	    0.00	72826.73	    0.00	72826.73	0.000	1.187	0.999	13684.36	100		    0.00	    0.00	51720.00	21106.73	0.000	0.000
403.00	27173.27	    0.00	72826.73	    0.00	72826.73	0.000	1.187	0.999	13684.36	100		    0.00	    0.00	51720.00	21106.73	0.000	0.000
404.00	27173.27	    0.00	72826.73	    0.00	72826.73	0.000	1.187	0.999	13684.36	100		    0.00	    0.00	51720.00	21106.73	0.000	0.000
405.00	27173.27	    0.00	72826.73	    0.00	72826.73	0.000	1.187	0.999	13684.36	100		    0.00	    0.00	51720.00	21106.73	0.000	0.000
406.00	27173.27	    0.00	72826.73	    0.00	72826.73	0.000	1.187	0.999	13684.36	100		    0.00	    0.00	51720.00	21106.73	0.000	0.000
407.00	27173.27	    0.00	72826.73	    0.00	72826.73	0.000	1.187	0.999	13684.36	100		    0.00	    0.00	51720.00	21106.73	0.000	0.000
408.00	27173.27	    0.00	72826.73	    0.00	72826.73	0.000	1.187	0.999	13684.36	100		    0.00	    0.00	51720.00	21106.73	0.000	0.000
409.00	27173.27	    0.00	72826.73	    0.00	72826.73	0.000	1.187	0.999	13684.36	100		    0.00	    0.00	51720.00	21106.73	0.000	0.000
410.00	27173.27	    0.00	72826.73	    0.00	72826.73	0.000	1.187	0.999	13684.36	100		    0.00	    0.00	51720.00	21106.73	0.000	0.000
411.00	27173.27	    0.00	72826.73	    0.00	72826.73	0.000	1.187	0.999	13684.36	100		    0.00	    0.00	51720.00	21106.73	0.000	0.000
412.00	27173.27	    0.00	72826.73	    0.00	72826.73	0.000	1.187	0.999	13684.36	100		    0.00	    0.00	51720.00	21106.73	0.000	0.000
413.00	27173.27	    0.00	72826.73	    0.00	72826.73	0.000	1.187	0.999	13684.36	100		    0.00	    0.00	51720.00	21106.73	0.000	0.000
414.00	27173.27	    0.00	72826.73	    0.00	72826.73	0.000	1.187	0.999	13684.36	100		    0.00	    0.00	51720.00	21106.73	0.000	0.000
415.00	27173.27	    0.00	72826.73	    0.00	72826.73	0.000	1.187	0.999	13684.36	100		    0.00	    0.00	51720.00	21106.73	0.000	0.000
416.00	27173.27	    0.00	72826.73	    0.00	72826.73	0.000	1.187	0.999	13684.36	100		    0.00	    0.00	51720.00	21106.73	0.000	0.000
417.00	27173.27	    0.00	72826.73	    0.00	72826.73	0.000	1.187	0.999	13684.36	100		    0.00	    0.00	51720.00	21106.73	0.000	0.000
418.00	27173.27	    0.00	72826.73	    0.00	72826.73	0.000	1.187	0.999	13684.36	100		    0.00	    0.00	51720.00	21106.73	0.000	0.000
419.00	27173.27	    0.00	72826.73	    0.00	72826.73	0.000	1.187	0.999	13684.36	100		    0.00	    0.00	51720.00	21106.73	0.000	0.000
420.00	27173.27	    0.00	72826.73	    0.00	72826.73	0.000	1.187	0.999	13684.36	100		    0.00	    0.00	51720.00	21106.73	0.000	0.000
421.00	27173.27	    0.00	72826.73	    0.00	72826.73	0.000	1.187	0.999	13684.36	100		    0.00	    0.00	51720.00	21106.73	0.000	0.000
422.00	27173.27	    0.00	72826.73	    0.00	72826.73	0.000	1.187	0.999	13684.36	100		    0.00	    0.00	51720.00	21106.73	0.000	0.000
423.00	27173.27	    0.00	72826.73	    0.00	72826.73	0.000	1.187	0.999	13684.36	100		    0.00	    0.00	51720.00	21106.73	0.000	0.000
424.00	27173.27	    0.00	72826.73	    0.00	72826.73	0.000	1.187	0.999	13684.36	100		    0.00	    0.00	51720.00	21106.73	0.000	0.000
425.00	27173.27	    0.00	72826.73	    0.00	72826.73	0.000	1.187	0.999	13684.36	100		    0.00	    0.00	51720.00	21106.73	0.000	0.000
426.00	27173.27	    0.00	72826.73	    0.00	72826.73	0.000	1.187	0.999	13684.36	100		    0.00	    0.00	51720.00	21106.73	0.000	0.000
427.00	27173.27	    0.00	72826.73	    0.00	72826.73	0.000	1.187	0.999	13684.36	100		    0.00	    0.00	51720.00	21106.73	0.000	0.000
428.00	27173.27	    0.00	72826.73	    0.00	72826.73	0.000	1.187	0.999	13684.36	100		    0.00	    0.00	51720.00	21106.73	0.000	0.000
429.00	27173.27	    0.00	72826.73	    0.00	72826.73	0.000	1.187	0.999	13684.36	100		    0.00	    0.00	51720.00	21106.73	0.000	0.000
430.00	27173.27	    0.00	72826.73	    0.00	72826.73	0.000	1.187	0.999	13684.36	100		    0.00	    0.00	51720.00	21106.73	0.000	0.000
431.00	27173.27	    0.00	72826.73	    0.00	72826.73	0.000	1.187	0.999	13684.36	100		    0.00	    0.00	51720.00	21106.73	0.000	0.000
432.00	27173.27	    0.00	72826.73	    0.00	72826.73	0.000	1.187	0.999	13684.36	100		    0.00	    0.00	51720.00	21106.73	0.000	0.000
433.00	27173.27	    0.00	72826.73	    0.00	72826.73	0.000	1.187	0.999	13684.36	100		    0.00	    0.00	51720.00	21106.73	0.000	0.000
434.00	27173.27	    0.00	72826.73	    0.00	72826.73	0.000	1.187	0.999	13684.36	100		    0.00	    0.00	51720.00	21106.73	0.000	0.000
435.00	27173.27	    0.00	72826.73	    0.00	72826.73	0.000	1.187	0.999	13684.36	100		    0.00	    0.00	51720.00	21106.73	0.000	0.000
436.00	27173.27	    0.00	72826.73	    0.00	72826.73	0.000	1.187	0.999	13684.36	100		    0.00	    0.00	51720.00	21106.73	0.000	0.000
437.00	27173.27	    0.00	72826.73	    0.00	72826.73	0.000	1.187	0.999	13684.36	100		    0.00	    0.00	51720.00	21106.73	0.000	0.000
438.00	27173.27	    0.00	72826.73	    0.00	72826.73	0.000	1.187	0.999	13684.36	100		    0.00	    0.00	51720.00	21106.73	0.000	0.000
439.00	27173.27	    0.00	72826.73	    0.00	72826.73	0.000	1.187	0.999	13684.36	100		    0.00	    0.00	51720.00	21106.73	0.000	0.000
440.00	27173.27	    0.00	72826.73	    0.00	72826.73	0.000	1.187	0.999	13684.36	100		    0.00	    0.00	51720.00	21106.73	0.000	0.000
441.00	27173.27	    0.00	72826.73	    0.00	72826.73	0.000	1.187	0.999	13684.36	100		    0.00	    0.00	51720.00	21106.73	0.000	0.000
442.00	27173.27	    0.00	72826.73	    0.00	72826.73	0.000	1.187	0.999	13684.36	100		    0.00	    0.00	51720.00	21106.73	0.000	0.000
443.00	27173.27	    0.00	72826.73	    0.00	72826.73	0.000	1.187	0.999	13684.36	100		    0.00	    0.00	51720.00	21106.73	0.000	0.000
444.00	27173.27	    0.00	72826.73	    0.00	72826.73	0.000	1.187	0.999	13684.36	100		    0.00	    0.00	51720.00	21106.73	0.000	0.000
445.00	27173.27	    0.00	72826.73	    0.00	72826.73	0.000	1.187	0.999	13684.36	100		    0.00	    0.00	51720.00	21106.73	0.000	0.000
446.00	27173.27	    0.00	72826.73	    0.00	72826.73	0.000	1.187	0.999	13684.36	100		    0.00	    0.00	51720.00	21106.73	0.000	0.000
447.00	27173.27	    0.00	72826.73	    0.00	72826.73	0.000	1.187	0.999	13684.36	100		    0.00	    0.00	51720.00	21106.73	0.000	0.000
448.00	27173.27	    0.00	72826.73	    0.00	72826.73	0.000	1.187	0.999	13684.36	100		    0.00	    0.00	51720.00	21106.73	0.000	0.000
449.00	27173.27	    0.00	72826.73	    0.00	72826.73	0.000	1.187	0.999	13684.36	100		    0.00	    0.00	51720.00	21106.73	0.000	0.000
450.00	27173.27	    0.00	72826.73	    0.00	72826.73	0.000	1.187	0.999	13684.36	100		    0.00	    0.00	51720.00	21106.73	0.000	0.000
451.00	27173.27	    0.00	72826.73	    0.00	72826.73	0.000	1.187	0.999	13684.36	100		    0.00	    0.00	51720.00	21106.73	0.000	0.000
452.00	27173.27	    0.00	72826.73	    0.00	72826.73	0.000	1.187	0.999	13684.36	100		    0.00	    0.00	51720.00	21106.73	0.000	0.000
453.00	27173.27	    0.00	72826.73	    0.00	72826.73	0.000	1.187	0.999	13684.36	100		    0.00	    0.00	51720.00	21106.73	0.000	0.000
454.00	27173.27	    0.00	72826.73	    0.00	72826.73	0.000	1.187	0.999	13684.36	100		    0.00	    0.00	51720.00	21106.73	0.000	0.000
455.00	27173.27	    0.00	72826.73	    0.00	72826.73	0.000	1.187	0.999	13684.36	100		    0.00	    0.00	51720.00	21106.73	0.000	0.000
456.00	27173.27	    0.00	72826.73	    0.00	72826.73	0.000	1.187	0.999	13684.36	100		    0.00	    0.00	51720.00	21106.73	0.000	0.000
457.00	27173.27	    0.00	72826.73	    0.00	72826.73	0.000	1.187	0.999	13684.36	100		    0.00	    0.00	51720.00	21106.73	0.000	0.000
458.00	27173.27	    0.00	72826.73	    0.00	72826.73	0.000	1.187	0.999	13684.36	100		    0.00	    0.00	51720.00	21106.73	0.000	0.000
459.00	27173.27	    0.00	72826.73	    0.00	72826.73	0.000	1.187	0.999	13684.36	100		    0.00	    0.00	51720.00	21106.73	0.000	0.000
460.00	27173.27	    0.00	72826.73	    0.00	72826.73	0.000	1.187	0.999	13684.36	100		    0.00	    0.00	51720.00	21106.73	0.000	0.000
461.00	27173.27	    0.00	72826.73	    0.00	72826.73	0.000	1.187	0.999	13684.36	100		    0.00	    0.00	51720.00	21106.73	0.000	0.000
462.00	27173.27	    0.00	72826.73	    0.00	72826.73	0.000	1.187	0.999	13684.36	100		    0.00	    0.00	51720.00	21106.73	0.000	0.000
463.00	27173.27	    0.00	72826.73	    0.00	72826.73	0.000	1.187	0.999	13684.36	100		    0.00	    0.00	51720.00	21106.73	0.000	0.000
464.00	27173.27	    0.00	72826.73	    0.00	72826.73	0.000	1.187	0.999	13684.36	100		    0.00	    0.00	51720.00	21106.73	0.000	0.000
465.00	27173.27	    0.00	72826.73	    0.00	72826.73	0.000	1.187	0.999	13684.36	100		    0.00	    0.00	51720.00	21106.73	0.000	0.000
466.00	27173.27	    0.00	72826.73	    0.00	72826.73	0.000	1.187	0.999	13684.36	100		    0.00	    0.00	51720.00	21106.73	0.000	0.000
467.00	27173.27	    0.00	72826.73	    0.00	72826.73	0.000	1.187	0.999	13684.36	100		    0.00	    0.00	51720.00	21106.73	0.000	0.000
468.00	27173.27	    0.00	72826.73	    0.00	72826.73	0.000	1.187	0.999	13684.36	100		    0.00	    0.00	51720.00	21106.73	0.000	0.000
469.00	27173.27	    0.00	72826.73	    0.00	72826.73	0.000	1.187	0.999	13684.36	100		    0.00	    0.00	51720.00	21106.73	0.000	0.000
470.00	27173.27	    0.00	72826.73	    0.00	72826.73	0.000	1.187	0.999	13684.36	100		    0.00	    0.00	51720.00	21106.73	0.000	0.000
471.00	27173.27	    0.00	72826.73	    0.00	72826.73	0.000	1.187	0.999	13684.36	100		    0.00	    0.00	51720.00	21106.73	0.000	0.000
472.00	27173.27	    0.00	72826.73	    0.00	72826.73	0.000	1.187	0.999	13684.36	100		    0.00	    0.00	51720.00	21106.73	0.000	0.000
473.00	27173.27	    0.00	72826.73	    0.00	72826.73	0.000	1.187	0.999	13684.36	100		    0.00	    0.00	51720.00	21106.73	0.000	0.000
474.00	27173.27	    0.00	72826.73	    0.00	72826.73	0.000	1.187	0.999	13684.36	100		    0.00	    0.00	51720.00	21106.73	0.000	0.000
475.00	27173.27	    0.00	72826.73	    0.00	72826.73	0.000	1.187	0.999	13684.36	100		    0.00	    0.00	51720.00	21106.73	0.000	0.000
476.00	27173.27	    0.00	72826.73	    0.00	72826.73	0.000	1.187	0.999	13684.36	100		    0.00	    0.00	51720.00	21106.73	0.000	0.000
477.00	27173.27	    0.00	72826.73	    0.00	72826.73	0.000	1.187	0.999	13684.36	100		    0.00	    0.00	51720.00	21106.73	0.000	0.000
478.00	27173.27	    0.00	72826.73	    0.00	72826.73	0.000	1.187	0.999	13684.36	100		    0.00	    0.00	51720.00	21106.73	0.000	0.000
479.00	27173.27	    0.00	72826.73	    0.00	72826.73	0.000	1.187	0.999	13684.36	100		    0.00	    0.00	51720.00	21106.73	0.000	0.000
480.00	27173.27	    0.00	72826.73	    0.00	72826.73	0.000	1.187	0.999	13684.36	100		    0.00	    0.00	51720.00	21106.73	0.000	0.000
481.00	27173.27	    0.00	72826.73	    0.00	72826.73	0.000	1.187	0.999	13684.36	100		    0.00	    0.00	51720.00	21106.73	0.000	0.000
482.00	27173.27	    0.00	72826.73	    0.00	72826.73	0.000	1.187	0.999	13684.36	100		    0.00	    0.00	51720.00	21106.73	0.000	0.000
483.00	27173.27	    0.00	72826.73	    0.00	72826.73	0.000	1.187	0.999	13684.36	100		    0.00	    0.00	51720.00	21106.73	0.000	0.000
484.00	27173.27	    0.00	72826.73	    0.00	72826.73	0.000	1.187	0.999	13684.36	100		    0.00	    0.00	51720.00	21106.73	0.000	0.000
485.00	27173.27	    0.00	72826.73	    0.00	72826.73	0.000	1.187	0.999	13684.36	100		    0.00	    0.00	51720.00	21106.73	0.000	0.000
486.00	27173.27	    0.00	72826.73	    0.00	72826.73	0.000	1.187	0.999	13684.36	100		    0.00	    0.00	51720.00	21106.73	0.000	0.000
487.00	27173.27	    0.00	72826.73	    0.00	72826.73	0.000	1.187	0.999	13684.36	100		    0.00	    0.00	51720.00	21106.73	0.000	0.000
488.00	27173.27	    0.00	72826.73	    0.00	72826.73	0.000	1.187	0.999	13684.36	100		    0.00	    0.00	51720.00	21106.73	0.000	0.000
489.00	27173.27	    0.00	72826.73	    0.00	72826.73	0.000	1.187	0.999	13684.36	100		    0.00	    0.00	51720.00	21106.73	0.000	0.000
490.00	27173.27	    0.00	72826.73	    0.00	72826.73	0.000	1.187	0.999	13684.36	100		    0.00	    0.00	51720.00	21106.73	0.000	0.000
491.00	27173.27	    0.00	72826.73	    0.00	72826.73	0.000	1.187	0.999	13684.36	100		    0.00	    0.00	51720.00	21106.73	0.000	0.000
492.00	27173.27	    0.00	72826.73	    0.00	72826.73	0.000	1.187	0.999	13684.36	100		    0.00	    0.00	51720.00	21106.73	0.000	0.000
493.00	27173.27	    0.00	72826.73	    0.00	72826.73	0.000	1.187	0.999	13684.36	100		    0.00	    0.00	51720.00	21106.73	0.000	0.000
494.00	27173.27	    0.00	72826.73	    0.00	72826.73	0.000	1.187	0.999	13684.36	100		    0.00	    0.00	51720.00	21106.73	0.000	0.000
495.00	27173.27	    0.00	72826.73	    0.00	72826.73	0.000	1.187	0.999	13684.36	100		    0.00	    0.00	51720.00	21106.73	0.000	0.000
496.00	27173.27	    0.00	72826.73	    0.00	72826.73	0.000	1.187	0.999	13684.36	100		    0.00	    0.00	51720.00	21106.73	0.000	0.000
497.00	27173.27	    0.00	72826.73	    0.00	72826.73	0.000	1.187	0.999	13684.36	100		    0.00	    0.00	51720.00	21106.73	0.000	0.000
498.00	27173.27	    0.00	72826.73	    0.00	72826.73	0.000	1.187	0.999	13684.36	100		    0.00	    0.00	51720.00	21106.73	0.000	0.000
499.00	27173.27	    0.00	72826.73	    0.00	72826.73	0.000	1.187	0.999	13684.36	100		    0.00	    0.00	51720.00	21106.73	0.000	0.000
500.00	27173.27	    0.00	72826.73	    0.00	72826.73	0.000	1.187	0.999	13684.36	100		    0.00	    0.00	51720.00	21106.73	0.000	0.000
