0.00	99950.00	   50.00	    0.00	    0.00	   50.00	0.000	1.770	1.770	    0.00	  2		    0.00	    0.00	   23.00	   27.00	0.000	0.000
1.00	99949.88	   50.12	    0.00	    0.12	   50.12	0.000	1.881	1.881	    0.00	 24		    0.08	    0.04	   23.08	   27.04	0.667	0.333
2.00	99949.57	   50.27	    0.16	    0.39	   50.43	1.828	1.953	1.951	    0.09	 77		    0.31	    0.08	   23.34	   27.09	0.800	0.200
3.00	99944.77	   53.15	    2.07	    4.89	   55.23	0.728	1.978	1.976	    0.10	 97		    3.77	    1.11	   27.04	   28.19	0.772	0.228
4.00	99926.03	   66.56	    7.41	   18.90	   73.97	0.271	1.976	1.974	    0.14	100		   14.41	    4.49	   41.33	   32.64	0.762	0.238
5.00	99889.03	   95.23	   15.74	   37.00	  110.97	0.307	1.981	1.979	    0.25	100		   28.81	    8.19	   70.14	   40.83	0.779	0.221
6.00	99843.60	  123.74	   32.66	   45.43	  156.40	0.310	1.986	1.983	    0.46	100		   35.25	   10.18	  105.39	   51.01	0.776	0.224
7.00	99784.33	  158.75	   56.92	   59.27	  215.67	0.256	1.987	1.983	    0.77	100		   46.12	   13.15	  151.51	   64.16	0.778	0.222
8.00	99707.80	  204.59	   87.61	   76.53	  292.20	0.251	1.993	1.989	    1.38	100		   58.71	   17.82	  210.22	   81.98	0.767	0.233
9.00	99611.12	  262.02	  126.86	   96.68	  388.88	0.251	1.997	1.991	    2.13	100		   75.51	   21.17	  285.73	  103.15	0.781	0.219
10.00	99485.51	  337.11	  177.38	  125.61	  514.49	0.250	1.994	1.987	    3.57	100		   96.54	   29.07	  382.27	  132.22	0.769	0.231
11.00	99324.90	  432.13	  242.97	  160.61	  675.10	0.250	1.992	1.983	    5.79	100		  124.48	   36.13	  506.75	  168.35	0.775	0.225
12.00	99118.69	  555.75	  325.56	  206.21	  881.31	0.250	1.990	1.980	    9.19	100		  159.60	   46.61	  666.35	  214.96	0.774	0.226
13.00	98854.96	  710.77	  434.27	  263.73	 1145.04	0.249	1.988	1.975	   15.21	100		  203.51	   60.22	  869.86	  275.18	0.772	0.228
14.00	98516.80	  910.76	  572.44	  338.16	 1483.20	0.247	1.984	1.968	   24.96	100		  260.81	   77.35	 1130.67	  352.53	0.771	0.229
15.00	98084.51	 1166.74	  748.75	  432.29	 1915.49	0.248	1.979	1.957	   41.83	100		  334.09	   98.20	 1464.76	  450.73	0.773	0.227
16.00	97532.07	 1491.73	  976.20	  552.44	 2467.93	0.247	1.973	1.945	   68.94	100		  425.81	  126.63	 1890.57	  577.36	0.771	0.229
17.00	96836.34	 1892.89	 1270.77	  695.73	 3163.66	0.242	1.967	1.932	  111.07	100		  538.56	  157.17	 2429.13	  734.53	0.774	0.226
18.00	95950.79	 2406.94	 1642.27	  885.55	 4049.21	0.239	1.959	1.915	  178.68	100		  684.13	  201.42	 3113.26	  935.95	0.773	0.227
19.00	94840.84	 3036.55	 2122.61	 1109.95	 5159.16	0.236	1.948	1.893	  284.56	100		  857.62	  252.33	 3970.88	 1188.28	0.773	0.227
20.00	93447.23	 3822.18	 2730.59	 1393.61	 6552.77	0.231	1.934	1.866	  445.42	100		 1076.64	  316.97	 5047.52	 1505.25	0.773	0.227
21.00	91717.80	 4777.12	 3505.08	 1729.43	 8282.20	0.227	1.917	1.834	  686.79	100		 1338.56	  390.87	 6386.08	 1896.12	0.774	0.226
22.00	89590.09	 5914.12	 4495.79	 2127.71	10409.91	0.218	1.894	1.794	 1041.20	100		 1647.87	  479.84	 8033.95	 2375.96	0.774	0.226
23.00	87011.23	 7244.75	 5744.02	 2578.86	12988.77	0.208	1.867	1.748	 1548.02	100		 1994.09	  584.77	10028.04	 2960.73	0.773	0.227
24.00	83920.59	 8765.89	 7313.52	 3090.64	16079.41	0.197	1.836	1.697	 2239.60	100		 2390.61	  700.03	12418.65	 3660.76	0.773	0.227
25.00	80288.28	10440.81	 9270.91	 3632.31	19711.72	0.183	1.800	1.640	 3163.19	100		 2805.22	  827.09	15223.87	 4487.85	0.772	0.228
26.00	76119.25	12191.77	11688.98	 4169.03	23880.75	0.165	1.758	1.577	 4323.53	100		 3224.77	  944.26	18448.64	 5432.11	0.774	0.226
27.00	71438.62	13936.02	14625.36	 4680.63	28561.38	0.144	1.712	1.512	 5698.82	100		 3613.26	 1067.37	22061.90	 6499.48	0.772	0.228
28.00	66322.11	15536.16	18141.73	 5116.51	33677.89	0.121	1.661	1.445	 7253.72	100		 3952.65	 1163.86	26014.55	 7663.34	0.773	0.227
29.00	60975.17	16716.90	22307.93	 5346.94	39024.83	0.091	1.608	1.380	 8874.59	100		 4126.39	 1220.55	30140.94	 8883.89	0.772	0.228
30.00	55459.75	17504.62	27035.63	 5515.42	44540.25	0.060	1.553	1.317	10487.12	100		 4263.38	 1252.04	34404.32	10135.93	0.773	0.227
31.00	50106.66	17537.90	32355.44	 5353.09	49893.34	0.024	1.500	1.260	11935.36	100		 4135.09	 1218.00	38539.41	11353.93	0.772	0.228
32.00	45043.69	16928.81	38027.50	 5062.97	54956.31	-0.017	1.449	1.210	13165.88	100		 3907.81	 1155.16	42447.22	12509.09	0.772	0.228
33.00	40441.23	15691.45	43867.32	 4602.46	59558.77	-0.056	1.404	1.166	14141.06	100		 3558.07	 1044.39	46005.29	13553.48	0.773	0.227
34.00	36402.02	13955.57	49642.41	 4039.21	63597.98	-0.097	1.364	1.130	14860.77	100		 3128.04	  911.17	49133.33	14464.65	0.774	0.226
35.00	32975.08	11933.47	55091.45	 3426.94	67024.92	-0.137	1.329	1.100	15360.87	100		 2647.12	  779.82	51780.45	15244.47	0.772	0.228
36.00	30139.02	 9863.04	59997.94	 2836.06	69860.98	-0.174	1.301	1.077	15699.47	100		 2194.42	  641.64	53974.87	15886.11	0.774	0.226
37.00	27855.49	 7901.62	64242.89	 2283.53	72144.51	-0.206	1.279	1.058	15911.66	100		 1764.88	  518.65	55739.75	16404.76	0.773	0.227
38.00	26044.98	 6179.77	67775.25	 1810.51	73955.02	-0.234	1.260	1.044	16043.95	100		 1400.89	  409.62	57140.64	16814.38	0.774	0.226
39.00	24645.77	 4724.97	70629.26	 1399.21	75354.23	-0.257	1.247	1.033	16123.17	100		 1082.43	  316.78	58223.07	17131.16	0.774	0.226
40.00	23566.11	 3577.32	72856.57	 1079.66	76433.89	-0.273	1.236	1.024	16168.73	100		  835.41	  244.25	59058.48	17375.41	0.774	0.226
41.00	22743.49	 2678.07	74578.44	  822.62	77256.51	-0.284	1.228	1.018	16195.44	100		  634.87	  187.75	59693.35	17563.16	0.772	0.228
42.00	22122.22	 1992.93	75884.85	  621.27	77877.78	-0.293	1.221	1.013	16210.26	100		  482.10	  139.17	60175.45	17702.33	0.776	0.224
43.00	21658.07	 1475.23	76866.70	  464.15	78341.93	-0.298	1.217	1.010	16218.49	100		  359.26	  104.89	60534.71	17807.22	0.774	0.226
44.00	21306.64	 1095.99	77597.37	  351.43	78693.36	-0.299	1.213	1.007	16223.12	100		  273.62	   77.81	60808.33	17885.03	0.779	0.221
45.00	21045.49	  808.87	78145.64	  261.15	78954.51	-0.300	1.211	1.005	16225.64	100		  201.11	   60.04	61009.44	17945.07	0.770	0.230
46.00	20850.22	  597.53	78552.25	  195.27	79149.78	-0.303	1.209	1.004	16226.93	100		  150.56	   44.71	61160.00	17989.78	0.771	0.229
47.00	20705.25	  441.39	78853.36	  144.97	79294.75	-0.303	1.207	1.002	16227.70	100		  111.86	   33.11	61271.86	18022.89	0.772	0.228
48.00	20596.68	  327.04	79076.28	  108.57	79403.32	-0.301	1.206	1.002	16228.02	100		   84.35	   24.22	61356.21	18047.11	0.777	0.223
49.00	20517.69	  238.48	79243.83	   78.99	79482.31	-0.308	1.205	1.001	16228.28	100		   61.56	   17.43	61417.77	18064.54	0.779	0.221
50.00	20458.06	  177.94	79364.00	   59.63	79541.94	-0.304	1.205	1.001	16228.38	100		   45.78	   13.85	61463.55	18078.39	0.768	0.232
51.00	20414.16	  131.82	79454.02	   43.90	79585.84	-0.296	1.204	1.000	16228.46	100		   33.63	   10.27	61497.18	18088.66	0.766	0.234
52.00	20382.07	   97.38	79520.55	   32.09	79617.93	-0.301	1.204	1.000	16228.49	100		   25.16	    6.93	61522.34	18095.59	0.784	0.216
53.00	20357.77	   73.08	79569.15	   24.30	79642.23	-0.295	1.204	1.000	16228.52	100		   18.73	    5.57	61541.07	18101.16	0.771	0.229
54.00	20339.06	   54.88	79606.06	   18.71	79660.94	-0.287	1.203	1.000	16228.53	100		   14.21	    4.50	61555.28	18105.66	0.759	0.241
55.00	20325.84	   39.85	79634.31	   13.22	79674.16	-0.303	1.203	1.000	16228.53	100		    9.90	    3.32	61565.18	18108.98	0.749	0.251
56.00	20316.21	   29.08	79654.71	    9.63	79683.79	-0.318	1.203	1.000	16228.54	100		    7.73	    1.90	61572.91	18110.88	0.803	0.197
57.00	20308.87	   21.82	79669.31	    7.34	79691.13	-0.301	1.203	1.000	16228.55	100		    5.89	    1.45	61578.80	18112.33	0.802	0.198
58.00	20303.77	   15.44	79680.79	    5.10	79696.23	-0.317	1.203	0.999	16228.55	100		    4.03	    1.07	61582.83	18113.40	0.790	0.210
59.00	20299.85	   11.74	79688.41	    3.92	79700.15	-0.310	1.203	0.999	16228.55	100		    3.00	    0.92	61585.83	18114.32	0.765	0.235
60.00	20296.94	    8.74	79694.32	    2.91	79703.06	-0.285	1.203	0.999	16228.55	100		    2.20	    0.71	61588.03	18115.03	0.756	0.244
61.00	20294.73	    6.53	79698.74	    2.21	79705.27	-0.293	1.203	0.999	16228.55	100		    1.70	    0.51	61589.73	18115.54	0.769	0.231
62.00	20293.11	    4.84	79702.05	    1.62	79706.89	-0.295	1.203	0.999	16228.55	100		    1.24	    0.38	61590.97	18115.92	0.765	0.235
63.00	20292.01	    3.45	79704.54	    1.10	79707.99	-0.319	1.203	0.999	16228.55	100		    0.85	    0.25	61591.82	18116.17	0.773	0.227
64.00	20291.12	    2.73	79706.15	    0.89	79708.88	-0.286	1.203	0.999	16228.55	100		    0.69	    0.20	61592.51	18116.37	0.775	0.225
65.00	20290.44	    2.15	79707.41	    0.68	79709.56	-0.236	1.203	0.999	16228.55	100		    0.52	    0.16	61593.03	18116.53	0.765	0.235
66.00	20289.92	    1.53	79708.55	    0.52	79710.08	-0.290	1.203	0.999	16228.55	100		    0.39	    0.13	61593.42	18116.66	0.750	0.250
67.00	20289.52	    1.18	79709.30	    0.40	79710.48	-0.300	1.203	0.999	16228.55	100		    0.28	    0.12	61593.70	18116.78	0.700	0.300
68.00	20289.14	    0.97	79709.89	    0.38	79710.86	-0.228	1.203	0.999	16228.55	100		    0.30	    0.08	61594.00	18116.86	0.789	0.211
69.00	20289.03	    0.47	79710.50	    0.11	79710.97	-0.460	1.203	0.999	16228.55	100		    0.07	    0.04	61594.07	18116.90	0.636	0.364
70.00	20288.86	    0.48	79710.66	    0.17	79711.14	-0.352	1.203	0.999	16228.55	100		    0.16	    0.01	61594.23	18116.91	0.941	0.059
71.00	20288.77	    0.29	79710.94	    0.09	79711.23	-0.241	1.203	0.999	16228.55	100		    0.05	    0.04	61594.28	18116.95	0.556	0.444
72.00	20288.72	    0.20	79711.08	    0.05	79711.28	-0.438	1.203	0.999	16228.55	100		    0.03	    0.02	61594.31	18116.97	0.600	0.400
73.00	20288.67	    0.17	79711.16	    0.05	79711.33	-0.267	1.203	0.999	16228.55	100		    0.04	    0.01	61594.35	18116.98	0.800	0.200
74.00	20288.62	    0.12	79711.26	    0.05	79711.38	-0.255	1.203	0.999	16228.55	100		    0.03	    0.02	61594.38	18117.00	0.600	0.400
75.00	20288.61	    0.06	79711.33	    0.01	79711.39	-0.521	1.203	0.999	16228.55	100		    0.01	    0.00	61594.39	18117.00	1.000	0.000
76.00	20288.58	    0.08	79711.34	    0.03	79711.42	-0.203	1.203	0.999	16228.55	100		    0.02	    0.01	61594.41	18117.01	0.667	0.333
77.00	20288.54	    0.10	79711.36	    0.04	79711.46	0.255	1.203	0.999	16228.55	100		    0.03	    0.01	61594.44	18117.02	0.750	0.250
78.00	20288.52	    0.05	79711.43	    0.02	79711.48	-0.235	1.203	0.999	16228.55	100		    0.01	    0.01	61594.45	18117.03	0.500	0.500
79.00	20288.52	    0.03	79711.45	    0.00	79711.48	-0.602	1.203	0.999	16228.55	100		    0.00	    0.00	61594.45	18117.03	0.000	0.000
80.00	20288.49	    0.06	79711.45	    0.03	79711.51	0.091	1.203	0.999	16228.55	100		    0.03	    0.00	61594.48	18117.03	1.000	0.000
81.00	20288.48	    0.03	79711.49	    0.01	79711.52	0.000	1.203	0.999	16228.55	100		    0.01	    0.00	61594.49	18117.03	1.000	0.000
82.00	20288.48	    0.01	79711.51	    0.00	79711.52	-0.896	1.203	0.999	16228.55	100		    0.00	    0.00	61594.49	18117.03	0.000	0.000
83.00	20288.46	    0.03	79711.51	    0.02	79711.54	0.000	1.203	0.999	16228.55	100		    0.01	    0.01	61594.50	18117.04	0.500	0.500
84.00	20288.46	    0.00	79711.54	    0.00	79711.54	0.000	1.203	0.999	16228.55	100		    0.00	    0.00	61594.50	18117.04	0.000	0.000
85.00	20288.46	    0.00	79711.54	    0.00	79711.54	-0.549	1.203	0.999	16228.55	100		    0.00	    0.00	61594.50	18117.04	0.000	0.000
86.00	20288.46	    0.00	79711.54	    0.00	79711.54	0.000	1.203	0.999	16228.55	100		    0.00	    0.00	61594.50	18117.04	0.000	0.000
87.00	20288.46	    0.00	79711.54	    0.00	79711.54	0.000	1.203	0.999	16228.55	100		    0.00	    0.00	61594.50	18117.04	0.000	0.000
88.00	20288.46	    0.00	79711.54	    0.00	79711.54	0.000	1.203	0.999	16228.55	100		    0.00	    0.00	61594.50	18117.04	0.000	0.000
89.00	20288.46	    0.00	79711.54	    0.00	79711.54	0.000	1.203	0.999	16228.55	100		    0.00	    0.00	61594.50	18117.04	0.000	0.000
90.00	20288.46	    0.00	79711.54	    0.00	79711.54	0.000	1.203	0.999	16228.55	100		    0.00	    0.00	61594.50	18117.04	0.000	0.000
91.00	20288.46	    0.00	79711.54	    0.00	79711.54	0.000	1.203	0.999	16228.55	100		    0.00	    0.00	61594.50	18117.04	0.000	0.000
92.00	20288.46	    0.00	79711.54	    0.00	79711.54	0.000	1.203	0.999	16228.55	100		    0.00	    0.00	61594.50	18117.04	0.000	0.000
93.00	20288.46	    0.00	79711.54	    0.00	79711.54	0.000	1.203	0.999	16228.55	100		    0.00	    0.00	61594.50	18117.04	0.000	0.000
94.00	20288.46	    0.00	79711.54	    0.00	79711.54	0.000	1.203	0.999	16228.55	100		    0.00	    0.00	61594.50	18117.04	0.000	0.000
95.00	20288.46	    0.00	79711.54	    0.00	79711.54	0.000	1.203	0.999	16228.55	100		    0.00	    0.00	61594.50	18117.04	0.000	0.000
96.00	20288.46	    0.00	79711.54	    0.00	79711.54	0.000	1.203	0.999	16228.55	100		    0.00	    0.00	61594.50	18117.04	0.000	0.000
97.00	20288.46	    0.00	79711.54	    0.00	79711.54	0.000	1.203	0.999	16228.55	100		    0.00	    0.00	61594.50	18117.04	0.000	0.000
98.00	20288.46	    0.00	79711.54	    0.00	79711.54	0.000	1.203	0.999	16228.55	100		    0.00	    0.00	61594.50	18117.04	0.000	0.000
99.00	20288.46	    0.00	79711.54	    0.00	79711.54	0.000	1.203	0.999	16228.55	100		    0.00	    0.00	61594.50	18117.04	0.000	0.000
100.00	20288.46	    0.00	79711.54	    0.00	79711.54	0.000	1.203	0.999	16228.55	100		    0.00	    0.00	61594.50	18117.04	0.000	0.000
101.00	20288.46	    0.00	79711.54	    0.00	79711.54	0.000	1.203	0.999	16228.55	100		    0.00	    0.00	61594.50	18117.04	0.000	0.000
102.00	20288.46	    0.00	79711.54	    0.00	79711.54	0.000	1.203	0.999	16228.55	100		    0.00	    0.00	61594.50	18117.04	0.000	0.000
103.00	20288.46	    0.00	79711.54	    0.00	79711.54	0.000	1.203	0.999	16228.55	100		    0.00	    0.00	61594.50	18117.04	0.000	0.000
104.00	20288.46	    0.00	79711.54	    0.00	79711.54	0.000	1.203	0.999	16228.55	100		    0.00	    0.00	61594.50	18117.04	0.000	0.000
105.00	20288.46	    0.00	79711.54	    0.00	79711.54	0.000	1.203	0.999	16228.55	100		    0.00	    0.00	61594.50	18117.04	0.000	0.000
106.00	20288.46	    0.00	79711.54	    0.00	79711.54	0.000	1.203	0.999	16228.55	100		    0.00	    0.00	61594.50	18117.04	0.000	0.000
107.00	20288.46	    0.00	79711.54	    0.00	79711.54	0.000	1.203	0.999	16228.55	100		    0.00	    0.00	61594.50	18117.04	0.000	0.000
108.00	20288.46	    0.00	79711.54	    0.00	79711.54	0.000	1.203	0.999	16228.55	100		    0.00	    0.00	61594.50	18117.04	0.000	0.000
109.00	20288.46	    0.00	79711.54	    0.00	79711.54	0.000	1.203	0.999	16228.55	100		    0.00	    0.00	61594.50	18117.04	0.000	0.000
110.00	20288.46	    0.00	79711.54	    0.00	79711.54	0.000	1.203	0.999	16228.55	100		    0.00	    0.00	61594.50	18117.04	0.000	0.000
111.00	20288.46	    0.00	79711.54	    0.00	79711.54	0.000	1.203	0.999	16228.55	100		    0.00	    0.00	61594.50	18117.04	0.000	0.000
112.00	20288.46	    0.00	79711.54	    0.00	79711.54	0.000	1.203	0.999	16228.55	100		    0.00	    0.00	61594.50	18117.04	0.000	0.000
113.00	20288.46	    0.00	79711.54	    0.00	79711.54	0.000	1.203	0.999	16228.55	100		    0.00	    0.00	61594.50	18117.04	0.000	0.000
114.00	20288.46	    0.00	79711.54	    0.00	79711.54	0.000	1.203	0.999	16228.55	100		    0.00	    0.00	61594.50	18117.04	0.000	0.000
115.00	20288.46	    0.00	79711.54	    0.00	79711.54	0.000	1.203	0.999	16228.55	100		    0.00	    0.00	61594.50	18117.04	0.000	0.000
116.00	20288.46	    0.00	79711.54	    0.00	79711.54	0.000	1.203	0.999	16228.55	100		    0.00	    0.00	61594.50	18117.04	0.000	0.000
117.00	20288.46	    0.00	79711.54	    0.00	79711.54	0.000	1.203	0.999	16228.55	100		    0.00	    0.00	61594.50	18117.04	0.000	0.000
118.00	20288.46	    0.00	79711.54	    0.00	79711.54	0.000	1.203	0.999	16228.55	100		    0.00	    0.00	61594.50	18117.04	0.000	0.000
119.00	20288.46	    0.00	79711.54	    0.00	79711.54	0.000	1.203	0.999	16228.55	100		    0.00	    0.00	61594.50	18117.04	0.000	0.000
120.00	20288.46	    0.00	79711.54	    0.00	79711.54	0.000	1.203	0.999	16228.55	100		    0.00	    0.00	61594.50	18117.04	0.000	0.000
121.00	20288.46	    0.00	79711.54	    0.00	79711.54	0.000	1.203	0.999	16228.55	100		    0.00	    0.00	61594.50	18117.04	0.000	0.000
122.00	20288.46	    0.00	79711.54	    0.00	79711.54	0.000	1.203	0.999	16228.55	100		    0.00	    0.00	61594.50	18117.04	0.000	0.000
123.00	20288.46	    0.00	79711.54	    0.00	79711.54	0.000	1.203	0.999	16228.55	100		    0.00	    0.00	61594.50	18117.04	0.000	0.000
124.00	20288.46	    0.00	79711.54	    0.00	79711.54	0.000	1.203	0.999	16228.55	100		    0.00	    0.00	61594.50	18117.04	0.000	0.000
125.00	20288.46	    0.00	79711.54	    0.00	79711.54	0.000	1.203	0.999	16228.55	100		    0.00	    0.00	61594.50	18117.04	0.000	0.000
126.00	20288.46	    0.00	79711.54	    0.00	79711.54	0.000	1.203	0.999	16228.55	100		    0.00	    0.00	61594.50	18117.04	0.000	0.000
127.00	20288.46	    0.00	79711.54	    0.00	79711.54	0.000	1.203	0.999	16228.55	100		    0.00	    0.00	61594.50	18117.04	0.000	0.000
128.00	20288.46	    0.00	79711.54	    0.00	79711.54	0.000	1.203	0.999	16228.55	100		    0.00	    0.00	61594.50	18117.04	0.000	0.000
129.00	20288.46	    0.00	79711.54	    0.00	79711.54	0.000	1.203	0.999	16228.55	100		    0.00	    0.00	61594.50	18117.04	0.000	0.000
130.00	20288.46	    0.00	79711.54	    0.00	79711.54	0.000	1.203	0.999	16228.55	100		    0.00	    0.00	61594.50	18117.04	0.000	0.000
131.00	20288.46	    0.00	79711.54	    0.00	79711.54	0.000	1.203	0.999	16228.55	100		    0.00	    0.00	61594.50	18117.04	0.000	0.000
132.00	20288.46	    0.00	79711.54	    0.00	79711.54	0.000	1.203	0.999	16228.55	100		    0.00	    0.00	61594.50	18117.04	0.000	0.000
133.00	20288.46	    0.00	79711.54	    0.00	79711.54	0.000	1.203	0.999	16228.55	100		    0.00	    0.00	61594.50	18117.04	0.000	0.000
134.00	20288.46	    0.00	79711.54	    0.00	79711.54	0.000	1.203	0.999	16228.55	100		    0.00	    0.00	61594.50	18117.04	0.000	0.000
135.00	20288.46	    0.00	79711.54	    0.00	79711.54	0.000	1.203	0.999	16228.55	100		    0.00	    0.00	61594.50	18117.04	0.000	0.000
136.00	20288.46	    0.00	79711.54	    0.00	79711.54	0.000	1.203	0.999	16228.55	100		    0.00	    0.00	61594.50	18117.04	0.000	0.000
137.00	20288.46	    0.00	79711.54	    0.00	79711.54	0.000	1.203	0.999	16228.55	100		    0.00	    0.00	61594.50	18117.04	0.000	0.000
138.00	20288.46	    0.00	79711.54	    0.00	79711.54	0.000	1.203	0.999	16228.55	100		    0.00	    0.00	61594.50	18117.04	0.000	0.000
139.00	20288.46	    0.00	79711.54	    0.00	79711.54	0.000	1.203	0.999	16228.55	100		    0.00	    0.00	61594.50	18117.04	0.000	0.000
140.00	20288.46	    0.00	79711.54	    0.00	79711.54	0.000	1.203	0.999	16228.55	100		    0.00	    0.00	61594.50	18117.04	0.000	0.000
141.00	20288.46	    0.00	79711.54	    0.00	79711.54	0.000	1.203	0.999	16228.55	100		    0.00	    0.00	61594.50	18117.04	0.000	0.000
142.00	20288.46	    0.00	79711.54	    0.00	79711.54	0.000	1.203	0.999	16228.55	100		    0.00	    0.00	61594.50	18117.04	0.000	0.000
143.00	20288.46	    0.00	79711.54	    0.00	79711.54	0.000	1.203	0.999	16228.55	100		    0.00	    0.00	61594.50	18117.04	0.000	0.000
144.00	20288.46	    0.00	79711.54	    0.00	79711.54	0.000	1.203	0.999	16228.55	100		    0.00	    0.00	61594.50	18117.04	0.000	0.000
145.00	20288.46	    0.00	79711.54	    0.00	79711.54	0.000	1.203	0.999	16228.55	100		    0.00	    0.00	61594.50	18117.04	0.000	0.000
146.00	20288.46	    0.00	79711.54	    0.00	79711.54	0.000	1.203	0.999	16228.55	100		    0.00	    0.00	61594.50	18117.04	0.000	0.000
147.00	20288.46	    0.00	79711.54	    0.00	79711.54	0.000	1.203	0.999	16228.55	100		    0.00	    0.00	61594.50	18117.04	0.000	0.000
148.00	20288.46	    0.00	79711.54	    0.00	79711.54	0.000	1.203	0.999	16228.55	100		    0.00	    0.00	61594.50	18117.04	0.000	0.000
149.00	20288.46	    0.00	79711.54	    0.00	79711.54	0.000	1.203	0.999	16228.55	100		    0.00	    0.00	61594.50	18117.04	0.000	0.000
150.00	20288.46	    0.00	79711.54	    0.00	79711.54	0.000	1.203	0.999	16228.55	100		    0.00	    0.00	61594.50	18117.04	0.000	0.000
151.00	20288.46	    0.00	79711.54	    0.00	79711.54	0.000	1.203	0.999	16228.55	100		    0.00	    0.00	61594.50	18117.04	0.000	0.000
152.00	20288.46	    0.00	79711.54	    0.00	79711.54	0.000	1.203	0.999	16228.55	100		    0.00	    0.00	61594.50	18117.04	0.000	0.000
153.00	20288.46	    0.00	79711.54	    0.00	79711.54	0.000	1.203	0.999	16228.55	100		    0.00	    0.00	61594.50	18117.04	0.000	0.000
154.00	20288.46	    0.00	79711.54	    0.00	79711.54	0.000	1.203	0.999	16228.55	100		    0.00	    0.00	61594.50	18117.04	0.000	0.000
155.00	20288.46	    0.00	79711.54	    0.00	79711.54	0.000	1.203	0.999	16228.55	100		    0.00	    0.00	61594.50	18117.04	0.000	0.000
156.00	20288.46	    0.00	79711.54	    0.00	79711.54	0.000	1.203	0.999	16228.55	100		    0.00	    0.00	61594.50	18117.04	0.000	0.000
157.00	20288.46	    0.00	79711.54	    0.00	79711.54	0.000	1.203	0.999	16228.55	100		    0.00	    0.00	61594.50	18117.04	0.000	0.000
158.00	20288.46	    0.00	79711.54	    0.00	79711.54	0.000	1.203	0.999	16228.55	100		    0.00	    0.00	61594.50	18117.04	0.000	0.000
159.00	20288.46	    0.00	79711.54	    0.00	79711.54	0.000	1.203	0.999	16228.55	100		    0.00	    0.00	61594.50	18117.04	0.000	0.000
160.00	20288.46	    0.00	79711.54	    0.00	79711.54	0.000	1.203	0.999	16228.55	100		    0.00	    0.00	61594.50	18117.04	0.000	0.000
161.00	20288.46	    0.00	79711.54	    0.00	79711.54	0.000	1.203	0.999	16228.55	100		    0.00	    0.00	61594.50	18117.04	0.000	0.000
162.00	20288.46	    0.00	79711.54	    0.00	79711.54	0.000	1.203	0.999	16228.55	100		    0.00	    0.00	61594.50	18117.04	0.000	0.000
163.00	20288.46	    0.00	79711.54	    0.00	79711.54	0.000	1.203	0.999	16228.55	100		    0.00	    0.00	61594.50	18117.04	0.000	0.000
164.00	20288.46	    0.00	79711.54	    0.00	79711.54	0.000	1.203	0.999	16228.55	100		    0.00	    0.00	61594.50	18117.04	0.000	0.000
165.00	20288.46	    0.00	79711.54	    0.00	79711.54	0.000	1.203	0.999	16228.55	100		    0.00	    0.00	61594.50	18117.04	0.000	0.000
166.00	20288.46	    0.00	79711.54	    0.00	79711.54	0.000	1.203	0.999	16228.55	100		    0.00	    0.00	61594.50	18117.04	0.000	0.000
167.00	20288.46	    0.00	79711.54	    0.00	79711.54	0.000	1.203	0.999	16228.55	100		    0.00	    0.00	61594.50	18117.04	0.000	0.000
168.00	20288.46	    0.00	79711.54	    0.00	79711.54	0.000	1.203	0.999	16228.55	100		    0.00	    0.00	61594.50	18117.04	0.000	0.000
169.00	20288.46	    0.00	79711.54	    0.00	79711.54	0.000	1.203	0.999	16228.55	100		    0.00	    0.00	61594.50	18117.04	0.000	0.000
170.00	20288.46	    0.00	79711.54	    0.00	79711.54	0.000	1.203	0.999	16228.55	100		    0.00	    0.00	61594.50	18117.04	0.000	0.000
171.00	20288.46	    0.00	79711.54	    0.00	79711.54	0.000	1.203	0.999	16228.55	100		    0.00	    0.00	61594.50	18117.04	0.000	0.000
172.00	20288.46	    0.00	79711.54	    0.00	79711.54	0.000	1.203	0.999	16228.55	100		    0.00	    0.00	61594.50	18117.04	0.000	0.000
173.00	20288.46	    0.00	79711.54	    0.00	79711.54	0.000	1.203	0.999	16228.55	100		    0.00	    0.00	61594.50	18117.04	0.000	0.000
174.00	20288.46	    0.00	79711.54	    0.00	79711.54	0.000	1.203	0.999	16228.55	100		    0.00	    0.00	61594.50	18117.04	0.000	0.000
175.00	20288.46	    0.00	79711.54	    0.00	79711.54	0.000	1.203	0.999	16228.55	100		    0.00	    0.00	61594.50	18117.04	0.000	0.000
176.00	20288.46	    0.00	79711.54	    0.00	79711.54	0.000	1.203	0.999	16228.55	100		    0.00	    0.00	61594.50	18117.04	0.000	0.000
177.00	20288.46	    0.00	79711.54	    0.00	79711.54	0.000	1.203	0.999	16228.55	100		    0.00	    0.00	61594.50	18117.04	0.000	0.000
178.00	20288.46	    0.00	79711.54	    0.00	79711.54	0.000	1.203	0.999	16228.55	100		    0.00	    0.00	61594.50	18117.04	0.000	0.000
179.00	20288.46	    0.00	79711.54	    0.00	79711.54	0.000	1.203	0.999	16228.55	100		    0.00	    0.00	61594.50	18117.04	0.000	0.000
180.00	20288.46	    0.00	79711.54	    0.00	79711.54	0.000	1.203	0.999	16228.55	100		    0.00	    0.00	61594.50	18117.04	0.000	0.000
181.00	20288.46	    0.00	79711.54	    0.00	79711.54	0.000	1.203	0.999	16228.55	100		    0.00	    0.00	61594.50	18117.04	0.000	0.000
182.00	20288.46	    0.00	79711.54	    0.00	79711.54	0.000	1.203	0.999	16228.55	100		    0.00	    0.00	61594.50	18117.04	0.000	0.000
183.00	20288.46	    0.00	79711.54	    0.00	79711.54	0.000	1.203	0.999	16228.55	100		    0.00	    0.00	61594.50	18117.04	0.000	0.000
184.00	20288.46	    0.00	79711.54	    0.00	79711.54	0.000	1.203	0.999	16228.55	100		    0.00	    0.00	61594.50	18117.04	0.000	0.000
185.00	20288.46	    0.00	79711.54	    0.00	79711.54	0.000	1.203	0.999	16228.55	100		    0.00	    0.00	61594.50	18117.04	0.000	0.000
186.00	20288.46	    0.00	79711.54	    0.00	79711.54	0.000	1.203	0.999	16228.55	100		    0.00	    0.00	61594.50	18117.04	0.000	0.000
187.00	20288.46	    0.00	79711.54	    0.00	79711.54	0.000	1.203	0.999	16228.55	100		    0.00	    0.00	61594.50	18117.04	0.000	0.000
188.00	20288.46	    0.00	79711.54	    0.00	79711.54	0.000	1.203	0.999	16228.55	100		    0.00	    0.00	61594.50	18117.04	0.000	0.000
189.00	20288.46	    0.00	79711.54	    0.00	79711.54	0.000	1.203	0.999	16228.55	100		    0.00	    0.00	61594.50	18117.04	0.000	0.000
190.00	20288.46	    0.00	79711.54	    0.00	79711.54	0.000	1.203	0.999	16228.55	100		    0.00	    0.00	61594.50	18117.04	0.000	0.000
191.00	20288.46	    0.00	79711.54	    0.00	79711.54	0.000	1.203	0.999	16228.55	100		    0.00	    0.00	61594.50	18117.04	0.000	0.000
192.00	20288.46	    0.00	79711.54	    0.00	79711.54	0.000	1.203	0.999	16228.55	100		    0.00	    0.00	61594.50	18117.04	0.000	0.000
193.00	20288.46	    0.00	79711.54	    0.00	79711.54	0.000	1.203	0.999	16228.55	100		    0.00	    0.00	61594.50	18117.04	0.000	0.000
194.00	20288.46	    0.00	79711.54	    0.00	79711.54	0.000	1.203	0.999	16228.55	100		    0.00	    0.00	61594.50	18117.04	0.000	0.000
195.00	20288.46	    0.00	79711.54	    0.00	79711.54	0.000	1.203	0.999	16228.55	100		    0.00	    0.00	61594.50	18117.04	0.000	0.000
196.00	20288.46	    0.00	79711.54	    0.00	79711.54	0.000	1.203	0.999	16228.55	100		    0.00	    0.00	61594.50	18117.04	0.000	0.000
197.00	20288.46	    0.00	79711.54	    0.00	79711.54	0.000	1.203	0.999	16228.55	100		    0.00	    0.00	61594.50	18117.04	0.000	0.000
198.00	20288.46	    0.00	79711.54	    0.00	79711.54	0.000	1.203	0.999	16228.55	100		    0.00	    0.00	61594.50	18117.04	0.000	0.000
199.00	20288.46	    0.00	79711.54	    0.00	79711.54	0.000	1.203	0.999	16228.55	100		    0.00	    0.00	61594.50	18117.04	0.000	0.000
200.00	20288.46	    0.00	79711.54	    0.00	79711.54	0.000	1.203	0.999	16228.55	100		    0.00	    0.00	61594.50	18117.04	0.000	0.000
201.00	20288.46	    0.00	79711.54	    0.00	79711.54	0.000	1.203	0.999	16228.55	100		    0.00	    0.00	61594.50	18117.04	0.000	0.000
202.00	20288.46	    0.00	79711.54	    0.00	79711.54	0.000	1.203	0.999	16228.55	100		    0.00	    0.00	61594.50	18117.04	0.000	0.000
203.00	20288.46	    0.00	79711.54	    0.00	79711.54	0.000	1.203	0.999	16228.55	100		    0.00	    0.00	61594.50	18117.04	0.000	0.000
204.00	20288.46	    0.00	79711.54	    0.00	79711.54	0.000	1.203	0.999	16228.55	100		    0.00	    0.00	61594.50	18117.04	0.000	0.000
205.00	20288.46	    0.00	79711.54	    0.00	79711.54	0.000	1.203	0.999	16228.55	100		    0.00	    0.00	61594.50	18117.04	0.000	0.000
206.00	20288.46	    0.00	79711.54	    0.00	79711.54	0.000	1.203	0.999	16228.55	100		    0.00	    0.00	61594.50	18117.04	0.000	0.000
207.00	20288.46	    0.00	79711.54	    0.00	79711.54	0.000	1.203	0.999	16228.55	100		    0.00	    0.00	61594.50	18117.04	0.000	0.000
208.00	20288.46	    0.00	79711.54	    0.00	79711.54	0.000	1.203	0.999	16228.55	100		    0.00	    0.00	61594.50	18117.04	0.000	0.000
209.00	20288.46	    0.00	79711.54	    0.00	79711.54	0.000	1.203	0.999	16228.55	100		    0.00	    0.00	61594.50	18117.04	0.000	0.000
210.00	20288.46	    0.00	79711.54	    0.00	79711.54	0.000	1.203	0.999	16228.55	100		    0.00	    0.00	61594.50	18117.04	0.000	0.000
211.00	20288.46	    0.00	79711.54	    0.00	79711.54	0.000	1.203	0.999	16228.55	100		    0.00	    0.00	61594.50	18117.04	0.000	0.000
212.00	20288.46	    0.00	79711.54	    0.00	79711.54	0.000	1.203	0.999	16228.55	100		    0.00	    0.00	61594.50	18117.04	0.000	0.000
213.00	20288.46	    0.00	79711.54	    0.00	79711.54	0.000	1.203	0.999	16228.55	100		    0.00	    0.00	61594.50	18117.04	0.000	0.000
214.00	20288.46	    0.00	79711.54	    0.00	79711.54	0.000	1.203	0.999	16228.55	100		    0.00	    0.00	61594.50	18117.04	0.000	0.000
215.00	20288.46	    0.00	79711.54	    0.00	79711.54	0.000	1.203	0.999	16228.55	100		    0.00	    0.00	61594.50	18117.04	0.000	0.000
216.00	20288.46	    0.00	79711.54	    0.00	79711.54	0.000	1.203	0.999	16228.55	100		    0.00	    0.00	61594.50	18117.04	0.000	0.000
217.00	20288.46	    0.00	79711.54	    0.00	79711.54	0.000	1.203	0.999	16228.55	100		    0.00	    0.00	61594.50	18117.04	0.000	0.000
218.00	20288.46	    0.00	79711.54	    0.00	79711.54	0.000	1.203	0.999	16228.55	100		    0.00	    0.00	61594.50	18117.04	0.000	0.000
219.00	20288.46	    0.00	79711.54	    0.00	79711.54	0.000	1.203	0.999	16228.55	100		    0.00	    0.00	61594.50	18117.04	0.000	0.000
220.00	20288.46	    0.00	79711.54	    0.00	79711.54	0.000	1.203	0.999	16228.55	100		    0.00	    0.00	61594.50	18117.04	0.000	0.000
221.00	20288.46	    0.00	79711.54	    0.00	79711.54	0.000	1.203	0.999	16228.55	100		    0.00	    0.00	61594.50	18117.04	0.000	0.000
222.00	20288.46	    0.00	79711.54	    0.00	79711.54	0.000	1.203	0.999	16228.55	100		    0.00	    0.00	61594.50	18117.04	0.000	0.000
223.00	20288.46	    0.00	79711.54	    0.00	79711.54	0.000	1.203	0.999	16228.55	100		    0.00	    0.00	61594.50	18117.04	0.000	0.000
224.00	20288.46	    0.00	79711.54	    0.00	79711.54	0.000	1.203	0.999	16228.55	100		    0.00	    0.00	61594.50	18117.04	0.000	0.000
225.00	20288.46	    0.00	79711.54	    0.00	79711.54	0.000	1.203	0.999	16228.55	100		    0.00	    0.00	61594.50	18117.04	0.000	0.000
226.00	20288.46	    0.00	79711.54	    0.00	79711.54	0.000	1.203	0.999	16228.55	100		    0.00	    0.00	61594.50	18117.04	0.000	0.000
227.00	20288.46	    0.00	79711.54	    0.00	79711.54	0.000	1.203	0.999	16228.55	100		    0.00	    0.00	61594.50	18117.04	0.000	0.000
228.00	20288.46	    0.00	79711.54	    0.00	79711.54	0.000	1.203	0.999	16228.55	100		    0.00	    0.00	61594.50	18117.04	0.000	0.000
229.00	20288.46	    0.00	79711.54	    0.00	79711.54	0.000	1.203	0.999	16228.55	100		    0.00	    0.00	61594.50	18117.04	0.000	0.000
230.00	20288.46	    0.00	79711.54	    0.00	79711.54	0.000	1.203	0.999	16228.55	100		    0.00	    0.00	61594.50	18117.04	0.000	0.000
231.00	20288.46	    0.00	79711.54	    0.00	79711.54	0.000	1.203	0.999	16228.55	100		    0.00	    0.00	61594.50	18117.04	0.000	0.000
232.00	20288.46	    0.00	79711.54	    0.00	79711.54	0.000	1.203	0.999	16228.55	100		    0.00	    0.00	61594.50	18117.04	0.000	0.000
233.00	20288.46	    0.00	79711.54	    0.00	79711.54	0.000	1.203	0.999	16228.55	100		    0.00	    0.00	61594.50	18117.04	0.000	0.000
234.00	20288.46	    0.00	79711.54	    0.00	79711.54	0.000	1.203	0.999	16228.55	100		    0.00	    0.00	61594.50	18117.04	0.000	0.000
235.00	20288.46	    0.00	79711.54	    0.00	79711.54	0.000	1.203	0.999	16228.55	100		    0.00	    0.00	61594.50	18117.04	0.000	0.000
236.00	20288.46	    0.00	79711.54	    0.00	79711.54	0.000	1.203	0.999	16228.55	100		    0.00	    0.00	61594.50	18117.04	0.000	0.000
237.00	20288.46	    0.00	79711.54	    0.00	79711.54	0.000	1.203	0.999	16228.55	100		    0.00	    0.00	61594.50	18117.04	0.000	0.000
238.00	20288.46	    0.00	79711.54	    0.00	79711.54	0.000	1.203	0.999	16228.55	100		    0.00	    0.00	61594.50	18117.04	0.000	0.000
239.00	20288.46	    0.00	79711.54	    0.00	79711.54	0.000	1.203	0.999	16228.55	100		    0.00	    0.00	61594.50	18117.04	0.000	0.000
240.00	20288.46	    0.00	79711.54	    0.00	79711.54	0.000	1.203	0.999	16228.55	100		    0.00	    0.00	61594.50	18117.04	0.000	0.000
241.00	20288.46	    0.00	79711.54	    0.00	79711.54	0.000	1.203	0.999	16228.55	100		    0.00	    0.00	61594.50	18117.04	0.000	0.000
242.00	20288.46	    0.00	79711.54	    0.00	79711.54	0.000	1.203	0.999	16228.55	100		    0.00	    0.00	61594.50	18117.04	0.000	0.000
243.00	20288.46	    0.00	79711.54	    0.00	79711.54	0.000	1.203	0.999	16228.55	100		    0.00	    0.00	61594.50	18117.04	0.000	0.000
244.00	20288.46	    0.00	79711.54	    0.00	79711.54	0.000	1.203	0.999	16228.55	100		    0.00	    0.00	61594.50	18117.04	0.000	0.000
245.00	20288.46	    0.00	79711.54	    0.00	79711.54	0.000	1.203	0.999	16228.55	100		    0.00	    0.00	61594.50	18117.04	0.000	0.000
246.00	20288.46	    0.00	79711.54	    0.00	79711.54	0.000	1.203	0.999	16228.55	100		    0.00	    0.00	61594.50	18117.04	0.000	0.000
247.00	20288.46	    0.00	79711.54	    0.00	79711.54	0.000	1.203	0.999	16228.55	100		    0.00	    0.00	61594.50	18117.04	0.000	0.000
248.00	20288.46	    0.00	79711.54	    0.00	79711.54	0.000	1.203	0.999	16228.55	100		    0.00	    0.00	61594.50	18117.04	0.000	0.000
249.00	20288.46	    0.00	79711.54	    0.00	79711.54	0.000	1.203	0.999	16228.55	100		    0.00	    0.00	61594.50	18117.04	0.000	0.000
250.00	20288.46	    0.00	79711.54	    0.00	79711.54	0.000	1.203	0.999	16228.55	100		    0.00	    0.00	61594.50	18117.04	0.000	0.000
251.00	20288.46	    0.00	79711.54	    0.00	79711.54	0.000	1.203	0.999	16228.55	100		    0.00	    0.00	61594.50	18117.04	0.000	0.000
252.00	20288.46	    0.00	79711.54	    0.00	79711.54	0.000	1.203	0.999	16228.55	100		    0.00	    0.00	61594.50	18117.04	0.000	0.000
253.00	20288.46	    0.00	79711.54	    0.00	79711.54	0.000	1.203	0.999	16228.55	100		    0.00	    0.00	61594.50	18117.04	0.000	0.000
254.00	20288.46	    0.00	79711.54	    0.00	79711.54	0.000	1.203	0.999	16228.55	100		    0.00	    0.00	61594.50	18117.04	0.000	0.000
255.00	20288.46	    0.00	79711.54	    0.00	79711.54	0.000	1.203	0.999	16228.55	100		    0.00	    0.00	61594.50	18117.04	0.000	0.000
256.00	20288.46	    0.00	79711.54	    0.00	79711.54	0.000	1.203	0.999	16228.55	100		    0.00	    0.00	61594.50	18117.04	0.000	0.000
257.00	20288.46	    0.00	79711.54	    0.00	79711.54	0.000	1.203	0.999	16228.55	100		    0.00	    0.00	61594.50	18117.04	0.000	0.000
258.00	20288.46	    0.00	79711.54	    0.00	79711.54	0.000	1.203	0.999	16228.55	100		    0.00	    0.00	61594.50	18117.04	0.000	0.000
259.00	20288.46	    0.00	79711.54	    0.00	79711.54	0.000	1.203	0.999	16228.55	100		    0.00	    0.00	61594.50	18117.04	0.000	0.000
260.00	20288.46	    0.00	79711.54	    0.00	79711.54	0.000	1.203	0.999	16228.55	100		    0.00	    0.00	61594.50	18117.04	0.000	0.000
261.00	20288.46	    0.00	79711.54	    0.00	79711.54	0.000	1.203	0.999	16228.55	100		    0.00	    0.00	61594.50	18117.04	0.000	0.000
262.00	20288.46	    0.00	79711.54	    0.00	79711.54	0.000	1.203	0.999	16228.55	100		    0.00	    0.00	61594.50	18117.04	0.000	0.000
263.00	20288.46	    0.00	79711.54	    0.00	79711.54	0.000	1.203	0.999	16228.55	100		    0.00	    0.00	61594.50	18117.04	0.000	0.000
264.00	20288.46	    0.00	79711.54	    0.00	79711.54	0.000	1.203	0.999	16228.55	100		    0.00	    0.00	61594.50	18117.04	0.000	0.000
265.00	20288.46	    0.00	79711.54	    0.00	79711.54	0.000	1.203	0.999	16228.55	100		    0.00	    0.00	61594.50	18117.04	0.000	0.000
266.00	20288.46	    0.00	79711.54	    0.00	79711.54	0.000	1.203	0.999	16228.55	100		    0.00	    0.00	61594.50	18117.04	0.000	0.000
267.00	20288.46	    0.00	79711.54	    0.00	79711.54	0.000	1.203	0.999	16228.55	100		    0.00	    0.00	61594.50	18117.04	0.000	0.000
268.00	20288.46	    0.00	79711.54	    0.00	79711.54	0.000	1.203	0.999	16228.55	100		    0.00	    0.00	61594.50	18117.04	0.000	0.000
269.00	20288.46	    0.00	79711.54	    0.00	79711.54	0.000	1.203	0.999	16228.55	100		    0.00	    0.00	61594.50	18117.04	0.000	0.000
270.00	20288.46	    0.00	79711.54	    0.00	79711.54	0.000	1.203	0.999	16228.55	100		    0.00	    0.00	61594.50	18117.04	0.000	0.000
271.00	20288.46	    0.00	79711.54	    0.00	79711.54	0.000	1.203	0.999	16228.55	100		    0.00	    0.00	61594.50	18117.04	0.000	0.000
272.00	20288.46	    0.00	79711.54	    0.00	79711.54	0.000	1.203	0.999	16228.55	100		    0.00	    0.00	61594.50	18117.04	0.000	0.000
273.00	20288.46	    0.00	79711.54	    0.00	79711.54	0.000	1.203	0.999	16228.55	100		    0.00	    0.00	61594.50	18117.04	0.000	0.000
274.00	20288.46	    0.00	79711.54	    0.00	79711.54	0.000	1.203	0.999	16228.55	100		    0.00	    0.00	61594.50	18117.04	0.000	0.000
275.00	20288.46	    0.00	79711.54	    0.00	79711.54	0.000	1.203	0.999	16228.55	100		    0.00	    0.00	61594.50	18117.04	0.000	0.000
276.00	20288.46	    0.00	79711.54	    0.00	79711.54	0.000	1.203	0.999	16228.55	100		    0.00	    0.00	61594.50	18117.04	0.000	0.000
277.00	20288.46	    0.00	79711.54	    0.00	79711.54	0.000	1.203	0.999	16228.55	100		    0.00	    0.00	61594.50	18117.04	0.000	0.000
278.00	20288.46	    0.00	79711.54	    0.00	79711.54	0.000	1.203	0.999	16228.55	100		    0.00	    0.00	61594.50	18117.04	0.000	0.000
279.00	20288.46	    0.00	79711.54	    0.00	79711.54	0.000	1.203	0.999	16228.55	100		    0.00	    0.00	61594.50	18117.04	0.000	0.000
280.00	20288.46	    0.00	79711.54	    0.00	79711.54	0.000	1.203	0.999	16228.55	100		    0.00	    0.00	61594.50	18117.04	0.000	0.000
281.00	20288.46	    0.00	79711.54	    0.00	79711.54	0.000	1.203	0.999	16228.55	100		    0.00	    0.00	61594.50	18117.04	0.000	0.000
282.00	20288.46	    0.00	79711.54	    0.00	79711.54	0.000	1.203	0.999	16228.55	100		    0.00	    0.00	61594.50	18117.04	0.000	0.000
283.00	20288.46	    0.00	79711.54	    0.00	79711.54	0.000	1.203	0.999	16228.55	100		    0.00	    0.00	61594.50	18117.04	0.000	0.000
284.00	20288.46	    0.00	79711.54	    0.00	79711.54	0.000	1.203	0.999	16228.55	100		    0.00	    0.00	61594.50	18117.04	0.000	0.000
285.00	20288.46	    0.00	79711.54	    0.00	79711.54	0.000	1.203	0.999	16228.55	100		    0.00	    0.00	61594.50	18117.04	0.000	0.000
286.00	20288.46	    0.00	79711.54	    0.00	79711.54	0.000	1.203	0.999	16228.55	100		    0.00	    0.00	61594.50	18117.04	0.000	0.000
287.00	20288.46	    0.00	79711.54	    0.00	79711.54	0.000	1.203	0.999	16228.55	100		    0.00	    0.00	61594.50	18117.04	0.000	0.000
288.00	20288.46	    0.00	79711.54	    0.00	79711.54	0.000	1.203	0.999	16228.55	100		    0.00	    0.00	61594.50	18117.04	0.000	0.000
289.00	20288.46	    0.00	79711.54	    0.00	79711.54	0.000	1.203	0.999	16228.55	100		    0.00	    0.00	61594.50	18117.04	0.000	0.000
290.00	20288.46	    0.00	79711.54	    0.00	79711.54	0.000	1.203	0.999	16228.55	100		    0.00	    0.00	61594.50	18117.04	0.000	0.000
291.00	20288.46	    0.00	79711.54	    0.00	79711.54	0.000	1.203	0.999	16228.55	100		    0.00	    0.00	61594.50	18117.04	0.000	0.000
292.00	20288.46	    0.00	79711.54	    0.00	79711.54	0.000	1.203	0.999	16228.55	100		    0.00	    0.00	61594.50	18117.04	0.000	0.000
293.00	20288.46	    0.00	79711.54	    0.00	79711.54	0.000	1.203	0.999	16228.55	100		    0.00	    0.00	61594.50	18117.04	0.000	0.000
294.00	20288.46	    0.00	79711.54	    0.00	79711.54	0.000	1.203	0.999	16228.55	100		    0.00	    0.00	61594.50	18117.04	0.000	0.000
295.00	20288.46	    0.00	79711.54	    0.00	79711.54	0.000	1.203	0.999	16228.55	100		    0.00	    0.00	61594.50	18117.04	0.000	0.000
296.00	20288.46	    0.00	79711.54	    0.00	79711.54	0.000	1.203	0.999	16228.55	100		    0.00	    0.00	61594.50	18117.04	0.000	0.000
297.00	20288.46	    0.00	79711.54	    0.00	79711.54	0.000	1.203	0.999	16228.55	100		    0.00	    0.00	61594.50	18117.04	0.000	0.000
298.00	20288.46	    0.00	79711.54	    0.00	79711.54	0.000	1.203	0.999	16228.55	100		    0.00	    0.00	61594.50	18117.04	0.000	0.000
299.00	20288.46	    0.00	79711.54	    0.00	79711.54	0.000	1.203	0.999	16228.55	100		    0.00	    0.00	61594.50	18117.04	0.000	0.000
300.00	20288.46	    0.00	79711.54	    0.00	79711.54	0.000	1.203	0.999	16228.55	100		    0.00	    0.00	61594.50	18117.04	0.000	0.000
301.00	20288.46	    0.00	79711.54	    0.00	79711.54	0.000	1.203	0.999	16228.55	100		    0.00	    0.00	61594.50	18117.04	0.000	0.000
302.00	20288.46	    0.00	79711.54	    0.00	79711.54	0.000	1.203	0.999	16228.55	100		    0.00	    0.00	61594.50	18117.04	0.000	0.000
303.00	20288.46	    0.00	79711.54	    0.00	79711.54	0.000	1.203	0.999	16228.55	100		    0.00	    0.00	61594.50	18117.04	0.000	0.000
304.00	20288.46	    0.00	79711.54	    0.00	79711.54	0.000	1.203	0.999	16228.55	100		    0.00	    0.00	61594.50	18117.04	0.000	0.000
305.00	20288.46	    0.00	79711.54	    0.00	79711.54	0.000	1.203	0.999	16228.55	100		    0.00	    0.00	61594.50	18117.04	0.000	0.000
306.00	20288.46	    0.00	79711.54	    0.00	79711.54	0.000	1.203	0.999	16228.55	100		    0.00	    0.00	61594.50	18117.04	0.000	0.000
307.00	20288.46	    0.00	79711.54	    0.00	79711.54	0.000	1.203	0.999	16228.55	100		    0.00	    0.00	61594.50	18117.04	0.000	0.000
308.00	20288.46	    0.00	79711.54	    0.00	79711.54	0.000	1.203	0.999	16228.55	100		    0.00	    0.00	61594.50	18117.04	0.000	0.000
309.00	20288.46	    0.00	79711.54	    0.00	79711.54	0.000	1.203	0.999	16228.55	100		    0.00	    0.00	61594.50	18117.04	0.000	0.000
310.00	20288.46	    0.00	79711.54	    0.00	79711.54	0.000	1.203	0.999	16228.55	100		    0.00	    0.00	61594.50	18117.04	0.000	0.000
311.00	20288.46	    0.00	79711.54	    0.00	79711.54	0.000	1.203	0.999	16228.55	100		    0.00	    0.00	61594.50	18117.04	0.000	0.000
312.00	20288.46	    0.00	79711.54	    0.00	79711.54	0.000	1.203	0.999	16228.55	100		    0.00	    0.00	61594.50	18117.04	0.000	0.000
313.00	20288.46	    0.00	79711.54	    0.00	79711.54	0.000	1.203	0.999	16228.55	100		    0.00	    0.00	61594.50	18117.04	0.000	0.000
314.00	20288.46	    0.00	79711.54	    0.00	79711.54	0.000	1.203	0.999	16228.55	100		    0.00	    0.00	61594.50	18117.04	0.000	0.000
315.00	20288.46	    0.00	79711.54	    0.00	79711.54	0.000	1.203	0.999	16228.55	100		    0.00	    0.00	61594.50	18117.04	0.000	0.000
316.00	20288.46	    0.00	79711.54	    0.00	79711.54	0.000	1.203	0.999	16228.55	100		    0.00	    0.00	61594.50	18117.04	0.000	0.000
317.00	20288.46	    0.00	79711.54	    0.00	79711.54	0.000	1.203	0.999	16228.55	100		    0.00	    0.00	61594.50	18117.04	0.000	0.000
318.00	20288.46	    0.00	79711.54	    0.00	79711.54	0.000	1.203	0.999	16228.55	100		    0.00	    0.00	61594.50	18117.04	0.000	0.000
319.00	20288.46	    0.00	79711.54	    0.00	79711.54	0.000	1.203	0.999	16228.55	100		    0.00	    0.00	61594.50	18117.04	0.000	0.000
320.00	20288.46	    0.00	79711.54	    0.00	79711.54	0.000	1.203	0.999	16228.55	100		    0.00	    0.00	61594.50	18117.04	0.000	0.000
321.00	20288.46	    0.00	79711.54	    0.00	79711.54	0.000	1.203	0.999	16228.55	100		    0.00	    0.00	61594.50	18117.04	0.000	0.000
322.00	20288.46	    0.00	79711.54	    0.00	79711.54	0.000	1.203	0.999	16228.55	100		    0.00	    0.00	61594.50	18117.04	0.000	0.000
323.00	20288.46	    0.00	79711.54	    0.00	79711.54	0.000	1.203	0.999	16228.55	100		    0.00	    0.00	61594.50	18117.04	0.000	0.000
324.00	20288.46	    0.00	79711.54	    0.00	79711.54	0.000	1.203	0.999	16228.55	100		    0.00	    0.00	61594.50	18117.04	0.000	0.000
325.00	20288.46	    0.00	79711.54	    0.00	79711.54	0.000	1.203	0.999	16228.55	100		    0.00	    0.00	61594.50	18117.04	0.000	0.000
326.00	20288.46	    0.00	79711.54	    0.00	79711.54	0.000	1.203	0.999	16228.55	100		    0.00	    0.00	61594.50	18117.04	0.000	0.000
327.00	20288.46	    0.00	79711.54	    0.00	79711.54	0.000	1.203	0.999	16228.55	100		    0.00	    0.00	61594.50	18117.04	0.000	0.000
328.00	20288.46	    0.00	79711.54	    0.00	79711.54	0.000	1.203	0.999	16228.55	100		    0.00	    0.00	61594.50	18117.04	0.000	0.000
329.00	20288.46	    0.00	79711.54	    0.00	79711.54	0.000	1.203	0.999	16228.55	100		    0.00	    0.00	61594.50	18117.04	0.000	0.000
330.00	20288.46	    0.00	79711.54	    0.00	79711.54	0.000	1.203	0.999	16228.55	100		    0.00	    0.00	61594.50	18117.04	0.000	0.000
331.00	20288.46	    0.00	79711.54	    0.00	79711.54	0.000	1.203	0.999	16228.55	100		    0.00	    0.00	61594.50	18117.04	0.000	0.000
332.00	20288.46	    0.00	79711.54	    0.00	79711.54	0.000	1.203	0.999	16228.55	100		    0.00	    0.00	61594.50	18117.04	0.000	0.000
333.00	20288.46	    0.00	79711.54	    0.00	79711.54	0.000	1.203	0.999	16228.55	100		    0.00	    0.00	61594.50	18117.04	0.000	0.000
334.00	20288.46	    0.00	79711.54	    0.00	79711.54	0.000	1.203	0.999	16228.55	100		    0.00	    0.00	61594.50	18117.04	0.000	0.000
335.00	20288.46	    0.00	79711.54	    0.00	79711.54	0.000	1.203	0.999	16228.55	100		    0.00	    0.00	61594.50	18117.04	0.000	0.000
336.00	20288.46	    0.00	79711.54	    0.00	79711.54	0.000	1.203	0.999	16228.55	100		    0.00	    0.00	61594.50	18117.04	0.000	0.000
337.00	20288.46	    0.00	79711.54	    0.00	79711.54	0.000	1.203	0.999	16228.55	100		    0.00	    0.00	61594.50	18117.04	0.000	0.000
338.00	20288.46	    0.00	79711.54	    0.00	79711.54	0.000	1.203	0.999	16228.55	100		    0.00	    0.00	61594.50	18117.04	0.000	0.000
339.00	20288.46	    0.00	79711.54	    0.00	79711.54	0.000	1.203	0.999	16228.55	100		    0.00	    0.00	61594.50	18117.04	0.000	0.000
340.00	20288.46	    0.00	79711.54	    0.00	79711.54	0.000	1.203	0.999	16228.55	100		    0.00	    0.00	61594.50	18117.04	0.000	0.000
341.00	20288.46	    0.00	79711.54	    0.00	79711.54	0.000	1.203	0.999	16228.55	100		    0.00	    0.00	61594.50	18117.04	0.000	0.000
342.00	20288.46	    0.00	79711.54	    0.00	79711.54	0.000	1.203	0.999	16228.55	100		    0.00	    0.00	61594.50	18117.04	0.000	0.000
343.00	20288.46	    0.00	79711.54	    0.00	79711.54	0.000	1.203	0.999	16228.55	100		    0.00	    0.00	61594.50	18117.04	0.000	0.000
344.00	20288.46	    0.00	79711.54	    0.00	79711.54	0.000	1.203	0.999	16228.55	100		    0.00	    0.00	61594.50	18117.04	0.000	0.000
345.00	20288.46	    0.00	79711.54	    0.00	79711.54	0.000	1.203	0.999	16228.55	100		    0.00	    0.00	61594.50	18117.04	0.000	0.000
346.00	20288.46	    0.00	79711.54	    0.00	79711.54	0.000	1.203	0.999	16228.55	100		    0.00	    0.00	61594.50	18117.04	0.000	0.000
347.00	20288.46	    0.00	79711.54	    0.00	79711.54	0.000	1.203	0.999	16228.55	100		    0.00	    0.00	61594.50	18117.04	0.000	0.000
348.00	20288.46	    0.00	79711.54	    0.00	79711.54	0.000	1.203	0.999	16228.55	100		    0.00	    0.00	61594.50	18117.04	0.000	0.000
349.00	20288.46	    0.00	79711.54	    0.00	79711.54	0.000	1.203	0.999	16228.55	100		    0.00	    0.00	61594.50	18117.04	0.000	0.000
350.00	20288.46	    0.00	79711.54	    0.00	79711.54	0.000	1.203	0.999	16228.55	100		    0.00	    0.00	61594.50	18117.04	0.000	0.000
351.00	20288.46	    0.00	79711.54	    0.00	79711.54	0.000	1.203	0.999	16228.55	100		    0.00	    0.00	61594.50	18117.04	0.000	0.000
352.00	20288.46	    0.00	79711.54	    0.00	79711.54	0.000	1.203	0.999	16228.55	100		    0.00	    0.00	61594.50	18117.04	0.000	0.000
353.00	20288.46	    0.00	79711.54	    0.00	79711.54	0.000	1.203	0.999	16228.55	100		    0.00	    0.00	61594.50	18117.04	0.000	0.000
354.00	20288.46	    0.00	79711.54	    0.00	79711.54	0.000	1.203	0.999	16228.55	100		    0.00	    0.00	61594.50	18117.04	0.000	0.000
355.00	20288.46	    0.00	79711.54	    0.00	79711.54	0.000	1.203	0.999	16228.55	100		    0.00	    0.00	61594.50	18117.04	0.000	0.000
356.00	20288.46	    0.00	79711.54	    0.00	79711.54	0.000	1.203	0.999	16228.55	100		    0.00	    0.00	61594.50	18117.04	0.000	0.000
357.00	20288.46	    0.00	79711.54	    0.00	79711.54	0.000	1.203	0.999	16228.55	100		    0.00	    0.00	61594.50	18117.04	0.000	0.000
358.00	20288.46	    0.00	79711.54	    0.00	79711.54	0.000	1.203	0.999	16228.55	100		    0.00	    0.00	61594.50	18117.04	0.000	0.000
359.00	20288.46	    0.00	79711.54	    0.00	79711.54	0.000	1.203	0.999	16228.55	100		    0.00	    0.00	61594.50	18117.04	0.000	0.000
360.00	20288.46	    0.00	79711.54	    0.00	79711.54	0.000	1.203	0.999	16228.55	100		    0.00	    0.00	61594.50	18117.04	0.000	0.000
361.00	20288.46	    0.00	79711.54	    0.00	79711.54	0.000	1.203	0.999	16228.55	100		    0.00	    0.00	61594.50	18117.04	0.000	0.000
362.00	20288.46	    0.00	79711.54	    0.00	79711.54	0.000	1.203	0.999	16228.55	100		    0.00	    0.00	61594.50	18117.04	0.000	0.000
363.00	20288.46	    0.00	79711.54	    0.00	79711.54	0.000	1.203	0.999	16228.55	100		    0.00	    0.00	61594.50	18117.04	0.000	0.000
364.00	20288.46	    0.00	79711.54	    0.00	79711.54	0.000	1.203	0.999	16228.55	100		    0.00	    0.00	61594.50	18117.04	0.000	0.000
365.00	20288.46	    0.00	79711.54	    0.00	79711.54	0.000	1.203	0.999	16228.55	100		    0.00	    0.00	61594.50	18117.04	0.000	0.000
366.00	20288.46	    0.00	79711.54	    0.00	79711.54	0.000	1.203	0.999	16228.55	100		    0.00	    0.00	61594.50	18117.04	0.000	0.000
367.00	20288.46	    0.00	79711.54	    0.00	79711.54	0.000	1.203	0.999	16228.55	100		    0.00	    0.00	61594.50	18117.04	0.000	0.000
368.00	20288.46	    0.00	79711.54	    0.00	79711.54	0.000	1.203	0.999	16228.55	100		    0.00	    0.00	61594.50	18117.04	0.000	0.000
369.00	20288.46	    0.00	79711.54	    0.00	79711.54	0.000	1.203	0.999	16228.55	100		    0.00	    0.00	61594.50	18117.04	0.000	0.000
370.00	20288.46	    0.00	79711.54	    0.00	79711.54	0.000	1.203	0.999	16228.55	100		    0.00	    0.00	61594.50	18117.04	0.000	0.000
371.00	20288.46	    0.00	79711.54	    0.00	79711.54	0.000	1.203	0.999	16228.55	100		    0.00	    0.00	61594.50	18117.04	0.000	0.000
372.00	20288.46	    0.00	79711.54	    0.00	79711.54	0.000	1.203	0.999	16228.55	100		    0.00	    0.00	61594.50	18117.04	0.000	0.000
373.00	20288.46	    0.00	79711.54	    0.00	79711.54	0.000	1.203	0.999	16228.55	100		    0.00	    0.00	61594.50	18117.04	0.000	0.000
374.00	20288.46	    0.00	79711.54	    0.00	79711.54	0.000	1.203	0.999	16228.55	100		    0.00	    0.00	61594.50	18117.04	0.000	0.000
375.00	20288.46	    0.00	79711.54	    0.00	79711.54	0.000	1.203	0.999	16228.55	100		    0.00	    0.00	61594.50	18117.04	0.000	0.000
376.00	20288.46	    0.00	79711.54	    0.00	79711.54	0.000	1.203	0.999	16228.55	100		    0.00	    0.00	61594.50	18117.04	0.000	0.000
377.00	20288.46	    0.00	79711.54	    0.00	79711.54	0.000	1.203	0.999	16228.55	100		    0.00	    0.00	61594.50	18117.04	0.000	0.000
378.00	20288.46	    0.00	79711.54	    0.00	79711.54	0.000	1.203	0.999	16228.55	100		    0.00	    0.00	61594.50	18117.04	0.000	0.000
379.00	20288.46	    0.00	79711.54	    0.00	79711.54	0.000	1.203	0.999	16228.55	100		    0.00	    0.00	61594.50	18117.04	0.000	0.000
380.00	20288.46	    0.00	79711.54	    0.00	79711.54	0.000	1.203	0.999	16228.55	100		    0.00	    0.00	61594.50	18117.04	0.000	0.000
381.00	20288.46	    0.00	79711.54	    0.00	79711.54	0.000	1.203	0.999	16228.55	100		    0.00	    0.00	61594.50	18117.04	0.000	0.000
382.00	20288.46	    0.00	79711.54	    0.00	79711.54	0.000	1.203	0.999	16228.55	100		    0.00	    0.00	61594.50	18117.04	0.000	0.000
383.00	20288.46	    0.00	79711.54	    0.00	79711.54	0.000	1.203	0.999	16228.55	100		    0.00	    0.00	61594.50	18117.04	0.000	0.000
384.00	20288.46	    0.00	79711.54	    0.00	79711.54	0.000	1.203	0.999	16228.55	100		    0.00	    0.00	61594.50	18117.04	0.000	0.000
385.00	20288.46	    0.00	79711.54	    0.00	79711.54	0.000	1.203	0.999	16228.55	100		    0.00	    0.00	61594.50	18117.04	0.000	0.000
386.00	20288.46	    0.00	79711.54	    0.00	79711.54	0.000	1.203	0.999	16228.55	100		    0.00	    0.00	61594.50	18117.04	0.000	0.000
387.00	20288.46	    0.00	79711.54	    0.00	79711.54	0.000	1.203	0.999	16228.55	100		    0.00	    0.00	61594.50	18117.04	0.000	0.000
388.00	20288.46	    0.00	79711.54	    0.00	79711.54	0.000	1.203	0.999	16228.55	100		    0.00	    0.00	61594.50	18117.04	0.000	0.000
389.00	20288.46	    0.00	79711.54	    0.00	79711.54	0.000	1.203	0.999	16228.55	100		    0.00	    0.00	61594.50	18117.04	0.000	0.000
390.00	20288.46	    0.00	79711.54	    0.00	79711.54	0.000	1.203	0.999	16228.55	100		    0.00	    0.00	61594.50	18117.04	0.000	0.000
391.00	20288.46	    0.00	79711.54	    0.00	79711.54	0.000	1.203	0.999	16228.55	100		    0.00	    0.00	61594.50	18117.04	0.000	0.000
392.00	20288.46	    0.00	79711.54	    0.00	79711.54	0.000	1.203	0.999	16228.55	100		    0.00	    0.00	61594.50	18117.04	0.000	0.000
393.00	20288.46	    0.00	79711.54	    0.00	79711.54	0.000	1.203	0.999	16228.55	100		    0.00	    0.00	61594.50	18117.04	0.000	0.000
394.00	20288.46	    0.00	79711.54	    0.00	79711.54	0.000	1.203	0.999	16228.55	100		    0.00	    0.00	61594.50	18117.04	0.000	0.000
395.00	20288.46	    0.00	79711.54	    0.00	79711.54	0.000	1.203	0.999	16228.55	100		    0.00	    0.00	61594.50	18117.04	0.000	0.000
396.00	20288.46	    0.00	79711.54	    0.00	79711.54	0.000	1.203	0.999	16228.55	100		    0.00	    0.00	61594.50	18117.04	0.000	0.000
397.00	20288.46	    0.00	79711.54	    0.00	79711.54	0.000	1.203	0.999	16228.55	100		    0.00	    0.00	61594.50	18117.04	0.000	0.000
398.00	20288.46	    0.00	79711.54	    0.00	79711.54	0.000	1.203	0.999	16228.55	100		    0.00	    0.00	61594.50	18117.04	0.000	0.000
399.00	20288.46	    0.00	79711.54	    0.00	79711.54	0.000	1.203	0.999	16228.55	100		    0.00	    0.00	61594.50	18117.04	0.000	0.000
400.00	20288.46	    0.00	79711.54	    0.00	79711.54	0.000	1.203	0.999	16228.55	100		    0.00	    0.00	61594.50	18117.04	0.000	0.000
401.00	20288.46	    0.00	79711.54	    0.00	79711.54	0.000	1.203	0.999	16228.55	100		    0.00	    0.00	61594.50	18117.04	0.000	0.000
402.00	20288.46	    0.00	79711.54	    0.00	79711.54	0.000	1.203	0.999	16228.55	100		    0.00	    0.00	61594.50	18117.04	0.000	0.000
403.00	20288.46	    0.00	79711.54	    0.00	79711.54	0.000	1.203	0.999	16228.55	100		    0.00	    0.00	61594.50	18117.04	0.000	0.000
404.00	20288.46	    0.00	79711.54	    0.00	79711.54	0.000	1.203	0.999	16228.55	100		    0.00	    0.00	61594.50	18117.04	0.000	0.000
405.00	20288.46	    0.00	79711.54	    0.00	79711.54	0.000	1.203	0.999	16228.55	100		    0.00	    0.00	61594.50	18117.04	0.000	0.000
406.00	20288.46	    0.00	79711.54	    0.00	79711.54	0.000	1.203	0.999	16228.55	100		    0.00	    0.00	61594.50	18117.04	0.000	0.000
407.00	20288.46	    0.00	79711.54	    0.00	79711.54	0.000	1.203	0.999	16228.55	100		    0.00	    0.00	61594.50	18117.04	0.000	0.000
408.00	20288.46	    0.00	79711.54	    0.00	79711.54	0.000	1.203	0.999	16228.55	100		    0.00	    0.00	61594.50	18117.04	0.000	0.000
409.00	20288.46	    0.00	79711.54	    0.00	79711.54	0.000	1.203	0.999	16228.55	100		    0.00	    0.00	61594.50	18117.04	0.000	0.000
410.00	20288.46	    0.00	79711.54	    0.00	79711.54	0.000	1.203	0.999	16228.55	100		    0.00	    0.00	61594.50	18117.04	0.000	0.000
411.00	20288.46	    0.00	79711.54	    0.00	79711.54	0.000	1.203	0.999	16228.55	100		    0.00	    0.00	61594.50	18117.04	0.000	0.000
412.00	20288.46	    0.00	79711.54	    0.00	79711.54	0.000	1.203	0.999	16228.55	100		    0.00	    0.00	61594.50	18117.04	0.000	0.000
413.00	20288.46	    0.00	79711.54	    0.00	79711.54	0.000	1.203	0.999	16228.55	100		    0.00	    0.00	61594.50	18117.04	0.000	0.000
414.00	20288.46	    0.00	79711.54	    0.00	79711.54	0.000	1.203	0.999	16228.55	100		    0.00	    0.00	61594.50	18117.04	0.000	0.000
415.00	20288.46	    0.00	79711.54	    0.00	79711.54	0.000	1.203	0.999	16228.55	100		    0.00	    0.00	61594.50	18117.04	0.000	0.000
416.00	20288.46	    0.00	79711.54	    0.00	79711.54	0.000	1.203	0.999	16228.55	100		    0.00	    0.00	61594.50	18117.04	0.000	0.000
417.00	20288.46	    0.00	79711.54	    0.00	79711.54	0.000	1.203	0.999	16228.55	100		    0.00	    0.00	61594.50	18117.04	0.000	0.000
418.00	20288.46	    0.00	79711.54	    0.00	79711.54	0.000	1.203	0.999	16228.55	100		    0.00	    0.00	61594.50	18117.04	0.000	0.000
419.00	20288.46	    0.00	79711.54	    0.00	79711.54	0.000	1.203	0.999	16228.55	100		    0.00	    0.00	61594.50	18117.04	0.000	0.000
420.00	20288.46	    0.00	79711.54	    0.00	79711.54	0.000	1.203	0.999	16228.55	100		    0.00	    0.00	61594.50	18117.04	0.000	0.000
421.00	20288.46	    0.00	79711.54	    0.00	79711.54	0.000	1.203	0.999	16228.55	100		    0.00	    0.00	61594.50	18117.04	0.000	0.000
422.00	20288.46	    0.00	79711.54	    0.00	79711.54	0.000	1.203	0.999	16228.55	100		    0.00	    0.00	61594.50	18117.04	0.000	0.000
423.00	20288.46	    0.00	79711.54	    0.00	79711.54	0.000	1.203	0.999	16228.55	100		    0.00	    0.00	61594.50	18117.04	0.000	0.000
424.00	20288.46	    0.00	79711.54	    0.00	79711.54	0.000	1.203	0.999	16228.55	100		    0.00	    0.00	61594.50	18117.04	0.000	0.000
425.00	20288.46	    0.00	79711.54	    0.00	79711.54	0.000	1.203	0.999	16228.55	100		    0.00	    0.00	61594.50	18117.04	0.000	0.000
426.00	20288.46	    0.00	79711.54	    0.00	79711.54	0.000	1.203	0.999	16228.55	100		    0.00	    0.00	61594.50	18117.04	0.000	0.000
427.00	20288.46	    0.00	79711.54	    0.00	79711.54	0.000	1.203	0.999	16228.55	100		    0.00	    0.00	61594.50	18117.04	0.000	0.000
428.00	20288.46	    0.00	79711.54	    0.00	79711.54	0.000	1.203	0.999	16228.55	100		    0.00	    0.00	61594.50	18117.04	0.000	0.000
429.00	20288.46	    0.00	79711.54	    0.00	79711.54	0.000	1.203	0.999	16228.55	100		    0.00	    0.00	61594.50	18117.04	0.000	0.000
430.00	20288.46	    0.00	79711.54	    0.00	79711.54	0.000	1.203	0.999	16228.55	100		    0.00	    0.00	61594.50	18117.04	0.000	0.000
431.00	20288.46	    0.00	79711.54	    0.00	79711.54	0.000	1.203	0.999	16228.55	100		    0.00	    0.00	61594.50	18117.04	0.000	0.000
432.00	20288.46	    0.00	79711.54	    0.00	79711.54	0.000	1.203	0.999	16228.55	100		    0.00	    0.00	61594.50	18117.04	0.000	0.000
433.00	20288.46	    0.00	79711.54	    0.00	79711.54	0.000	1.203	0.999	16228.55	100		    0.00	    0.00	61594.50	18117.04	0.000	0.000
434.00	20288.46	    0.00	79711.54	    0.00	79711.54	0.000	1.203	0.999	16228.55	100		    0.00	    0.00	61594.50	18117.04	0.000	0.000
435.00	20288.46	    0.00	79711.54	    0.00	79711.54	0.000	1.203	0.999	16228.55	100		    0.00	    0.00	61594.50	18117.04	0.000	0.000
436.00	20288.46	    0.00	79711.54	    0.00	79711.54	0.000	1.203	0.999	16228.55	100		    0.00	    0.00	61594.50	18117.04	0.000	0.000
437.00	20288.46	    0.00	79711.54	    0.00	79711.54	0.000	1.203	0.999	16228.55	100		    0.00	    0.00	61594.50	18117.04	0.000	0.000
438.00	20288.46	    0.00	79711.54	    0.00	79711.54	0.000	1.203	0.999	16228.55	100		    0.00	    0.00	61594.50	18117.04	0.000	0.000
439.00	20288.46	    0.00	79711.54	    0.00	79711.54	0.000	1.203	0.999	16228.55	100		    0.00	    0.00	61594.50	18117.04	0.000	0.000
440.00	20288.46	    0.00	79711.54	    0.00	79711.54	0.000	1.203	0.999	16228.55	100		    0.00	    0.00	61594.50	18117.04	0.000	0.000
441.00	20288.46	    0.00	79711.54	    0.00	79711.54	0.000	1.203	0.999	16228.55	100		    0.00	    0.00	61594.50	18117.04	0.000	0.000
442.00	20288.46	    0.00	79711.54	    0.00	79711.54	0.000	1.203	0.999	16228.55	100		    0.00	    0.00	61594.50	18117.04	0.000	0.000
443.00	20288.46	    0.00	79711.54	    0.00	79711.54	0.000	1.203	0.999	16228.55	100		    0.00	    0.00	61594.50	18117.04	0.000	0.000
444.00	20288.46	    0.00	79711.54	    0.00	79711.54	0.000	1.203	0.999	16228.55	100		    0.00	    0.00	61594.50	18117.04	0.000	0.000
445.00	20288.46	    0.00	79711.54	    0.00	79711.54	0.000	1.203	0.999	16228.55	100		    0.00	    0.00	61594.50	18117.04	0.000	0.000
446.00	20288.46	    0.00	79711.54	    0.00	79711.54	0.000	1.203	0.999	16228.55	100		    0.00	    0.00	61594.50	18117.04	0.000	0.000
447.00	20288.46	    0.00	79711.54	    0.00	79711.54	0.000	1.203	0.999	16228.55	100		    0.00	    0.00	61594.50	18117.04	0.000	0.000
448.00	20288.46	    0.00	79711.54	    0.00	79711.54	0.000	1.203	0.999	16228.55	100		    0.00	    0.00	61594.50	18117.04	0.000	0.000
449.00	20288.46	    0.00	79711.54	    0.00	79711.54	0.000	1.203	0.999	16228.55	100		    0.00	    0.00	61594.50	18117.04	0.000	0.000
450.00	20288.46	    0.00	79711.54	    0.00	79711.54	0.000	1.203	0.999	16228.55	100		    0.00	    0.00	61594.50	18117.04	0.000	0.000
451.00	20288.46	    0.00	79711.54	    0.00	79711.54	0.000	1.203	0.999	16228.55	100		    0.00	    0.00	61594.50	18117.04	0.000	0.000
452.00	20288.46	    0.00	79711.54	    0.00	79711.54	0.000	1.203	0.999	16228.55	100		    0.00	    0.00	61594.50	18117.04	0.000	0.000
453.00	20288.46	    0.00	79711.54	    0.00	79711.54	0.000	1.203	0.999	16228.55	100		    0.00	    0.00	61594.50	18117.04	0.000	0.000
454.00	20288.46	    0.00	79711.54	    0.00	79711.54	0.000	1.203	0.999	16228.55	100		    0.00	    0.00	61594.50	18117.04	0.000	0.000
455.00	20288.46	    0.00	79711.54	    0.00	79711.54	0.000	1.203	0.999	16228.55	100		    0.00	    0.00	61594.50	18117.04	0.000	0.000
456.00	20288.46	    0.00	79711.54	    0.00	79711.54	0.000	1.203	0.999	16228.55	100		    0.00	    0.00	61594.50	18117.04	0.000	0.000
457.00	20288.46	    0.00	79711.54	    0.00	79711.54	0.000	1.203	0.999	16228.55	100		    0.00	    0.00	61594.50	18117.04	0.000	0.000
458.00	20288.46	    0.00	79711.54	    0.00	79711.54	0.000	1.203	0.999	16228.55	100		    0.00	    0.00	61594.50	18117.04	0.000	0.000
459.00	20288.46	    0.00	79711.54	    0.00	79711.54	0.000	1.203	0.999	16228.55	100		    0.00	    0.00	61594.50	18117.04	0.000	0.000
460.00	20288.46	    0.00	79711.54	    0.00	79711.54	0.000	1.203	0.999	16228.55	100		    0.00	    0.00	61594.50	18117.04	0.000	0.000
461.00	20288.46	    0.00	79711.54	    0.00	79711.54	0.000	1.203	0.999	16228.55	100		    0.00	    0.00	61594.50	18117.04	0.000	0.000
462.00	20288.46	    0.00	79711.54	    0.00	79711.54	0.000	1.203	0.999	16228.55	100		    0.00	    0.00	61594.50	18117.04	0.000	0.000
463.00	20288.46	    0.00	79711.54	    0.00	79711.54	0.000	1.203	0.999	16228.55	100		    0.00	    0.00	61594.50	18117.04	0.000	0.000
464.00	20288.46	    0.00	79711.54	    0.00	79711.54	0.000	1.203	0.999	16228.55	100		    0.00	    0.00	61594.50	18117.04	0.000	0.000
465.00	20288.46	    0.00	79711.54	    0.00	79711.54	0.000	1.203	0.999	16228.55	100		    0.00	    0.00	61594.50	18117.04	0.000	0.000
466.00	20288.46	    0.00	79711.54	    0.00	79711.54	0.000	1.203	0.999	16228.55	100		    0.00	    0.00	61594.50	18117.04	0.000	0.000
467.00	20288.46	    0.00	79711.54	    0.00	79711.54	0.000	1.203	0.999	16228.55	100		    0.00	    0.00	61594.50	18117.04	0.000	0.000
468.00	20288.46	    0.00	79711.54	    0.00	79711.54	0.000	1.203	0.999	16228.55	100		    0.00	    0.00	61594.50	18117.04	0.000	0.000
469.00	20288.46	    0.00	79711.54	    0.00	79711.54	0.000	1.203	0.999	16228.55	100		    0.00	    0.00	61594.50	18117.04	0.000	0.000
470.00	20288.46	    0.00	79711.54	    0.00	79711.54	0.000	1.203	0.999	16228.55	100		    0.00	    0.00	61594.50	18117.04	0.000	0.000
471.00	20288.46	    0.00	79711.54	    0.00	79711.54	0.000	1.203	0.999	16228.55	100		    0.00	    0.00	61594.50	18117.04	0.000	0.000
472.00	20288.46	    0.00	79711.54	    0.00	79711.54	0.000	1.203	0.999	16228.55	100		    0.00	    0.00	61594.50	18117.04	0.000	0.000
473.00	20288.46	    0.00	79711.54	    0.00	79711.54	0.000	1.203	0.999	16228.55	100		    0.00	    0.00	61594.50	18117.04	0.000	0.000
474.00	20288.46	    0.00	79711.54	    0.00	79711.54	0.000	1.203	0.999	16228.55	100		    0.00	    0.00	61594.50	18117.04	0.000	0.000
475.00	20288.46	    0.00	79711.54	    0.00	79711.54	0.000	1.203	0.999	16228.55	100		    0.00	    0.00	61594.50	18117.04	0.000	0.000
476.00	20288.46	    0.00	79711.54	    0.00	79711.54	0.000	1.203	0.999	16228.55	100		    0.00	    0.00	61594.50	18117.04	0.000	0.000
477.00	20288.46	    0.00	79711.54	    0.00	79711.54	0.000	1.203	0.999	16228.55	100		    0.00	    0.00	61594.50	18117.04	0.000	0.000
478.00	20288.46	    0.00	79711.54	    0.00	79711.54	0.000	1.203	0.999	16228.55	100		    0.00	    0.00	61594.50	18117.04	0.000	0.000
479.00	20288.46	    0.00	79711.54	    0.00	79711.54	0.000	1.203	0.999	16228.55	100		    0.00	    0.00	61594.50	18117.04	0.000	0.000
480.00	20288.46	    0.00	79711.54	    0.00	79711.54	0.000	1.203	0.999	16228.55	100		    0.00	    0.00	61594.50	18117.04	0.000	0.000
481.00	20288.46	    0.00	79711.54	    0.00	79711.54	0.000	1.203	0.999	16228.55	100		    0.00	    0.00	61594.50	18117.04	0.000	0.000
482.00	20288.46	    0.00	79711.54	    0.00	79711.54	0.000	1.203	0.999	16228.55	100		    0.00	    0.00	61594.50	18117.04	0.000	0.000
483.00	20288.46	    0.00	79711.54	    0.00	79711.54	0.000	1.203	0.999	16228.55	100		    0.00	    0.00	61594.50	18117.04	0.000	0.000
484.00	20288.46	    0.00	79711.54	    0.00	79711.54	0.000	1.203	0.999	16228.55	100		    0.00	    0.00	61594.50	18117.04	0.000	0.000
485.00	20288.46	    0.00	79711.54	    0.00	79711.54	0.000	1.203	0.999	16228.55	100		    0.00	    0.00	61594.50	18117.04	0.000	0.000
486.00	20288.46	    0.00	79711.54	    0.00	79711.54	0.000	1.203	0.999	16228.55	100		    0.00	    0.00	61594.50	18117.04	0.000	0.000
487.00	20288.46	    0.00	79711.54	    0.00	79711.54	0.000	1.203	0.999	16228.55	100		    0.00	    0.00	61594.50	18117.04	0.000	0.000
488.00	20288.46	    0.00	79711.54	    0.00	79711.54	0.000	1.203	0.999	16228.55	100		    0.00	    0.00	61594.50	18117.04	0.000	0.000
489.00	20288.46	    0.00	79711.54	    0.00	79711.54	0.000	1.203	0.999	16228.55	100		    0.00	    0.00	61594.50	18117.04	0.000	0.000
490.00	20288.46	    0.00	79711.54	    0.00	79711.54	0.000	1.203	0.999	16228.55	100		    0.00	    0.00	61594.50	18117.04	0.000	0.000
491.00	20288.46	    0.00	79711.54	    0.00	79711.54	0.000	1.203	0.999	16228.55	100		    0.00	    0.00	61594.50	18117.04	0.000	0.000
492.00	20288.46	    0.00	79711.54	    0.00	79711.54	0.000	1.203	0.999	16228.55	100		    0.00	    0.00	61594.50	18117.04	0.000	0.000
493.00	20288.46	    0.00	79711.54	    0.00	79711.54	0.000	1.203	0.999	16228.55	100		    0.00	    0.00	61594.50	18117.04	0.000	0.000
494.00	20288.46	    0.00	79711.54	    0.00	79711.54	0.000	1.203	0.999	16228.55	100		    0.00	    0.00	61594.50	18117.04	0.000	0.000
495.00	20288.46	    0.00	79711.54	    0.00	79711.54	0.000	1.203	0.999	16228.55	100		    0.00	    0.00	61594.50	18117.04	0.000	0.000
496.00	20288.46	    0.00	79711.54	    0.00	79711.54	0.000	1.203	0.999	16228.55	100		    0.00	    0.00	61594.50	18117.04	0.000	0.000
497.00	20288.46	    0.00	79711.54	    0.00	79711.54	0.000	1.203	0.999	16228.55	100		    0.00	    0.00	61594.50	18117.04	0.000	0.000
498.00	20288.46	    0.00	79711.54	    0.00	79711.54	0.000	1.203	0.999	16228.55	100		    0.00	    0.00	61594.50	18117.04	0.000	0.000
499.00	20288.46	    0.00	79711.54	    0.00	79711.54	0.000	1.203	0.999	16228.55	100		    0.00	    0.00	61594.50	18117.04	0.000	0.000
500.00	20288.46	    0.00	79711.54	    0.00	79711.54	0.000	1.203	0.999	16228.55	100		    0.00	    0.00	61594.50	18117.04	0.000	0.000
