0.00	99950.00	   50.00	    0.00	    0.00	   50.00	0.000	2.000	2.000	    0.00	  1		    0.00	    0.00	   23.00	   27.00	0.000	0.000
1.00	99949.94	   50.06	    0.00	    0.06	   50.06	0.000	1.902	1.901	    0.06	 17		    0.06	    0.00	   23.06	   27.00	1.000	0.000
2.00	99949.60	   50.30	    0.11	    0.39	   50.40	2.024	1.976	1.976	    0.04	 57		    0.26	    0.12	   23.28	   27.12	0.682	0.318
3.00	99946.35	   52.27	    1.39	    3.42	   53.65	0.897	2.025	2.024	    0.05	 98		    2.68	    0.73	   25.85	   27.81	0.785	0.215
4.00	99931.93	   62.82	    5.25	   14.49	   68.07	0.392	2.019	2.019	    0.06	100		   11.01	    3.48	   36.80	   31.27	0.760	0.240
5.00	99899.36	   87.63	   13.01	   32.57	  100.64	0.268	2.020	2.018	    0.18	100		   24.69	    7.88	   61.49	   39.15	0.758	0.242
6.00	99852.73	  120.05	   27.22	   46.63	  147.27	0.324	2.014	2.012	    0.33	100		   35.48	   11.15	   96.97	   50.30	0.761	0.239
7.00	99796.68	  152.82	   50.50	   56.05	  203.32	0.278	2.013	2.010	    0.59	100		   42.70	   13.35	  139.67	   63.65	0.762	0.238
8.00	99722.05	  198.64	   79.31	   74.63	  277.95	0.252	2.007	2.003	    0.99	100		   57.10	   17.53	  196.77	   81.18	0.765	0.235
9.00	99626.87	  255.84	  117.29	   95.18	  373.13	0.258	2.002	1.997	    1.61	100		   73.27	   21.91	  270.04	  103.09	0.770	0.230
10.00	99506.68	  326.76	  166.56	  120.19	  493.32	0.249	2.004	1.999	    2.63	100		   92.08	   28.11	  362.12	  131.20	0.766	0.234
11.00	99348.25	  423.63	  228.12	  158.43	  651.75	0.252	1.998	1.991	    4.44	100		  121.32	   37.11	  483.44	  168.31	0.766	0.234
12.00	99148.22	  540.65	  311.13	  200.03	  851.78	0.252	1.997	1.988	    7.73	100		  153.50	   46.53	  636.94	  214.84	0.767	0.233
13.00	98889.27	  695.02	  415.71	  258.95	 1110.73	0.248	1.994	1.982	   13.31	100		  198.42	   60.53	  835.36	  275.37	0.766	0.234
14.00	98558.40	  891.15	  550.45	  330.87	 1441.60	0.250	1.991	1.975	   22.00	100		  253.62	   77.25	 1088.98	  352.62	0.767	0.233
15.00	98135.94	 1142.42	  721.64	  422.46	 1864.06	0.248	1.988	1.969	   35.89	100		  323.71	   98.75	 1412.69	  451.37	0.766	0.234
16.00	97594.72	 1462.69	  942.59	  541.22	 2405.28	0.248	1.981	1.957	   57.76	100		  415.21	  126.01	 1827.90	  577.38	0.767	0.233
17.00	96907.56	 1861.40	 1231.04	  687.16	 3092.44	0.244	1.973	1.943	   93.04	100		  527.08	  160.08	 2354.98	  737.46	0.767	0.233
18.00	96035.64	 2368.62	 1595.74	  871.92	 3964.36	0.241	1.964	1.926	  150.09	100		  668.28	  203.64	 3023.26	  941.10	0.766	0.234
19.00	94937.09	 2999.84	 2063.07	 1098.55	 5062.91	0.239	1.953	1.906	  237.25	100		  842.64	  255.91	 3865.90	 1197.01	0.767	0.233
20.00	93561.22	 3773.72	 2665.06	 1375.87	 6438.78	0.233	1.938	1.879	  374.44	100		 1054.49	  321.38	 4920.39	 1518.39	0.766	0.234
21.00	91847.83	 4720.50	 3431.67	 1713.39	 8152.17	0.227	1.920	1.848	  581.90	100		 1316.46	  396.93	 6236.85	 1915.32	0.768	0.232
22.00	89741.64	 5850.29	 4408.07	 2106.19	10258.36	0.219	1.898	1.812	  889.05	100		 1616.76	  489.43	 7853.61	 2404.75	0.768	0.232
23.00	87177.90	 7181.15	 5640.95	 2563.74	12822.10	0.210	1.872	1.769	 1325.54	100		 1966.68	  597.06	 9820.29	 3001.81	0.767	0.233
24.00	84093.93	 8720.76	 7185.31	 3083.97	15906.07	0.200	1.841	1.720	 1933.08	100		 2363.73	  720.24	12184.02	 3722.05	0.766	0.234
25.00	80480.31	10398.93	 9120.76	 3613.62	19519.69	0.185	1.806	1.666	 2734.69	100		 2771.62	  842.00	14955.64	 4564.05	0.767	0.233
26.00	76306.01	12185.39	11508.60	 4174.30	23693.99	0.167	1.764	1.606	 3752.84	100		 3210.46	  963.84	18166.10	 5527.89	0.769	0.231
27.00	71608.25	13963.42	14428.33	 4697.76	28391.75	0.147	1.718	1.543	 4968.72	100		 3611.81	 1085.95	21777.91	 6613.84	0.769	0.231
28.00	66483.56	15573.04	17943.40	 5124.69	33516.44	0.123	1.668	1.479	 6347.27	100		 3938.61	 1186.08	25716.52	 7799.92	0.769	0.231
29.00	61079.21	16847.30	22073.49	 5404.35	38920.79	0.094	1.615	1.415	 7800.12	100		 4158.90	 1245.45	29875.42	 9045.37	0.770	0.230
30.00	55495.41	17694.93	26809.66	 5583.80	44504.59	0.064	1.560	1.352	 9246.62	100		 4306.67	 1277.13	34182.09	10322.50	0.771	0.229
31.00	50075.51	17778.24	32146.25	 5419.90	49924.49	0.027	1.507	1.295	10545.51	100		 4182.44	 1237.46	38364.53	11559.96	0.772	0.228
32.00	44917.30	17229.22	37853.48	 5158.21	55082.70	-0.013	1.456	1.244	11656.11	100		 3980.46	 1177.75	42344.99	12737.71	0.772	0.228
33.00	40214.78	16011.44	43773.78	 4702.52	59785.22	-0.052	1.410	1.200	12540.57	100		 3634.94	 1067.58	45979.93	13805.29	0.773	0.227
34.00	36089.69	14271.91	49638.40	 4125.09	63910.31	-0.094	1.369	1.162	13204.32	100		 3186.32	  938.77	49166.25	14744.06	0.772	0.228
35.00	32581.16	12244.17	55174.67	 3508.53	67418.84	-0.134	1.334	1.132	13662.09	100		 2713.05	  795.48	51879.30	15539.54	0.773	0.227
36.00	29673.94	10136.26	60189.80	 2907.22	70326.06	-0.171	1.305	1.107	13967.93	100		 2252.80	  654.42	54132.10	16193.96	0.775	0.225
37.00	27336.55	 8117.92	64545.53	 2337.39	72663.45	-0.205	1.282	1.087	14160.51	100		 1812.55	  524.84	55944.65	16718.80	0.775	0.225
38.00	25491.48	 6336.09	68172.43	 1845.07	74508.52	-0.235	1.264	1.072	14280.69	100		 1427.98	  417.09	57372.63	17135.89	0.774	0.226
39.00	24056.75	 4849.34	71093.91	 1434.73	75943.25	-0.258	1.250	1.061	14352.05	100		 1112.96	  321.77	58485.59	17457.66	0.776	0.224
40.00	22952.02	 3666.16	73381.82	 1104.73	77047.98	-0.274	1.239	1.052	14393.48	100		  854.58	  250.15	59340.17	17707.81	0.774	0.226
41.00	22114.58	 2737.08	75148.34	  837.44	77885.42	-0.286	1.230	1.045	14417.73	100		  648.03	  189.41	59988.20	17897.22	0.774	0.226
42.00	21478.83	 2037.48	76483.69	  635.75	78521.17	-0.294	1.224	1.040	14430.47	100		  493.49	  142.26	60481.69	18039.48	0.776	0.224
43.00	21005.07	 1503.39	77491.54	  473.76	78994.93	-0.300	1.219	1.037	14437.98	100		  368.19	  105.57	60849.88	18145.05	0.777	0.223
44.00	20648.58	 1112.13	78239.29	  356.49	79351.42	-0.303	1.216	1.034	14442.17	100		  277.49	   79.00	61127.37	18224.05	0.778	0.222
45.00	20382.91	  818.71	78798.38	  265.67	79617.09	-0.304	1.213	1.032	14444.44	100		  206.38	   59.29	61333.75	18283.34	0.777	0.223
46.00	20188.70	  600.41	79210.89	  194.21	79811.30	-0.308	1.211	1.030	14445.66	100		  150.31	   43.90	61484.06	18327.24	0.774	0.226
47.00	20041.62	  447.05	79511.33	  147.08	79958.38	-0.303	1.210	1.029	14446.28	100		  113.99	   33.09	61598.05	18360.33	0.775	0.225
48.00	19931.80	  330.73	79737.47	  109.82	80068.20	-0.298	1.209	1.028	14446.65	100		   85.12	   24.70	61683.17	18385.03	0.775	0.225
49.00	19851.58	  242.95	79905.47	   80.22	80148.42	-0.305	1.208	1.028	14446.83	100		   62.01	   18.21	61745.18	18403.24	0.773	0.227
50.00	19792.45	  179.82	80027.73	   59.13	80207.55	-0.305	1.207	1.027	14446.95	100		   46.15	   12.98	61791.33	18416.22	0.780	0.220
51.00	19746.76	  135.20	80118.04	   45.69	80253.24	-0.293	1.207	1.027	14446.99	100		   35.45	   10.24	61826.78	18426.46	0.776	0.224
52.00	19714.24	   98.15	80187.61	   32.52	80285.76	-0.303	1.207	1.027	14447.01	100		   25.34	    7.18	61852.12	18433.64	0.779	0.221
53.00	19689.95	   72.73	80237.32	   24.29	80310.05	-0.310	1.206	1.026	14447.01	100		   18.84	    5.45	61870.96	18439.09	0.776	0.224
54.00	19672.17	   53.31	80274.52	   17.78	80327.83	-0.305	1.206	1.026	14447.02	100		   13.86	    3.92	61884.82	18443.01	0.780	0.220
55.00	19659.18	   39.39	80301.43	   12.99	80340.82	-0.307	1.206	1.026	14447.03	100		   10.24	    2.75	61895.06	18445.76	0.788	0.212
56.00	19649.08	   29.66	80321.26	   10.10	80350.92	-0.293	1.206	1.026	14447.03	100		    7.79	    2.31	61902.85	18448.07	0.771	0.229
57.00	19642.66	   20.76	80336.58	    6.42	80357.34	-0.320	1.206	1.026	14447.03	100		    5.10	    1.32	61907.95	18449.39	0.794	0.206
58.00	19636.90	   16.94	80346.16	    5.76	80363.10	-0.280	1.206	1.026	14447.04	100		    4.46	    1.30	61912.41	18450.69	0.774	0.226
59.00	19632.87	   12.42	80354.71	    4.03	80367.13	-0.257	1.206	1.026	14447.04	100		    3.04	    0.99	61915.45	18451.68	0.754	0.246
60.00	19629.74	    9.56	80360.70	    3.13	80370.26	-0.286	1.206	1.026	14447.04	100		    2.46	    0.67	61917.91	18452.35	0.786	0.214
61.00	19627.37	    7.17	80365.46	    2.37	80372.63	-0.275	1.206	1.026	14447.04	100		    1.89	    0.48	61919.80	18452.83	0.797	0.203
62.00	19625.42	    5.51	80369.07	    1.95	80374.58	-0.276	1.206	1.026	14447.04	100		    1.54	    0.41	61921.34	18453.24	0.790	0.210
63.00	19624.30	    3.59	80372.11	    1.12	80375.70	-0.346	1.206	1.026	14447.04	100		    0.74	    0.38	61922.08	18453.62	0.661	0.339
64.00	19623.27	    2.88	80373.85	    1.03	80376.73	-0.324	1.206	1.026	14447.04	100		    0.82	    0.21	61922.90	18453.83	0.796	0.204
65.00	19622.59	    1.95	80375.46	    0.68	80377.41	-0.305	1.206	1.026	14447.04	100		    0.49	    0.19	61923.39	18454.02	0.721	0.279
66.00	19622.16	    1.34	80376.50	    0.43	80377.84	-0.383	1.206	1.026	14447.04	100		    0.36	    0.07	61923.75	18454.09	0.837	0.163
67.00	19621.78	    1.05	80377.17	    0.38	80378.22	-0.310	1.206	1.026	14447.04	100		    0.24	    0.14	61923.99	18454.23	0.632	0.368
68.00	19621.50	    0.74	80377.76	    0.28	80378.50	-0.297	1.206	1.026	14447.04	100		    0.24	    0.04	61924.23	18454.27	0.857	0.143
69.00	19621.39	    0.45	80378.16	    0.11	80378.61	-0.424	1.206	1.026	14447.04	100		    0.10	    0.01	61924.33	18454.28	0.909	0.091
70.00	19621.25	    0.43	80378.32	    0.14	80378.75	-0.271	1.206	1.026	14447.04	100		    0.12	    0.02	61924.45	18454.30	0.857	0.143
71.00	19621.15	    0.33	80378.52	    0.10	80378.85	-0.155	1.206	1.026	14447.04	100		    0.08	    0.02	61924.53	18454.32	0.800	0.200
72.00	19621.08	    0.27	80378.65	    0.07	80378.92	-0.233	1.206	1.026	14447.04	100		    0.04	    0.03	61924.57	18454.35	0.571	0.429
73.00	19620.99	    0.28	80378.73	    0.09	80379.01	-0.082	1.206	1.026	14447.04	100		    0.07	    0.02	61924.64	18454.37	0.778	0.222
74.00	19620.92	    0.20	80378.88	    0.07	80379.08	-0.150	1.206	1.026	14447.04	100		    0.07	    0.00	61924.71	18454.37	1.000	0.000
75.00	19620.87	    0.15	80378.98	    0.05	80379.13	-0.312	1.206	1.026	14447.04	100		    0.02	    0.03	61924.73	18454.40	0.400	0.600
76.00	19620.82	    0.15	80379.03	    0.05	80379.18	-0.144	1.206	1.026	14447.04	100		    0.03	    0.02	61924.76	18454.42	0.600	0.400
77.00	19620.78	    0.11	80379.11	    0.04	80379.22	-0.155	1.206	1.026	14447.04	100		    0.04	    0.00	61924.80	18454.42	1.000	0.000
78.00	19620.76	    0.06	80379.18	    0.02	80379.24	-0.458	1.206	1.026	14447.04	100		    0.01	    0.01	61924.81	18454.43	0.500	0.500
79.00	19620.75	    0.04	80379.21	    0.01	80379.25	-0.506	1.206	1.026	14447.04	100		    0.00	    0.01	61924.81	18454.44	0.000	1.000
80.00	19620.74	    0.04	80379.22	    0.01	80379.26	-0.203	1.206	1.026	14447.04	100		    0.01	    0.00	61924.82	18454.44	1.000	0.000
81.00	19620.73	    0.03	80379.24	    0.01	80379.27	-0.144	1.206	1.026	14447.04	100		    0.00	    0.01	61924.82	18454.45	0.000	1.000
82.00	19620.72	    0.02	80379.26	    0.01	80379.28	-0.347	1.206	1.026	14447.04	100		    0.01	    0.00	61924.83	18454.45	1.000	0.000
83.00	19620.72	    0.00	80379.28	    0.00	80379.28	-0.549	1.206	1.026	14447.04	100		    0.00	    0.00	61924.83	18454.45	0.000	0.000
84.00	19620.72	    0.00	80379.28	    0.00	80379.28	-0.347	1.206	1.026	14447.04	100		    0.00	    0.00	61924.83	18454.45	0.000	0.000
85.00	19620.72	    0.00	80379.28	    0.00	80379.28	0.000	1.206	1.026	14447.04	100		    0.00	    0.00	61924.83	18454.45	0.000	0.000
86.00	19620.72	    0.00	80379.28	    0.00	80379.28	0.000	1.206	1.026	14447.04	100		    0.00	    0.00	61924.83	18454.45	0.000	0.000
87.00	19620.72	    0.00	80379.28	    0.00	80379.28	0.000	1.206	1.026	14447.04	100		    0.00	    0.00	61924.83	18454.45	0.000	0.000
88.00	19620.72	    0.00	80379.28	    0.00	80379.28	0.000	1.206	1.026	14447.04	100		    0.00	    0.00	61924.83	18454.45	0.000	0.000
89.00	19620.72	    0.00	80379.28	    0.00	80379.28	0.000	1.206	1.026	14447.04	100		    0.00	    0.00	61924.83	18454.45	0.000	0.000
90.00	19620.72	    0.00	80379.28	    0.00	80379.28	0.000	1.206	1.026	14447.04	100		    0.00	    0.00	61924.83	18454.45	0.000	0.000
91.00	19620.72	    0.00	80379.28	    0.00	80379.28	0.000	1.206	1.026	14447.04	100		    0.00	    0.00	61924.83	18454.45	0.000	0.000
92.00	19620.72	    0.00	80379.28	    0.00	80379.28	0.000	1.206	1.026	14447.04	100		    0.00	    0.00	61924.83	18454.45	0.000	0.000
93.00	19620.72	    0.00	80379.28	    0.00	80379.28	0.000	1.206	1.026	14447.04	100		    0.00	    0.00	61924.83	18454.45	0.000	0.000
94.00	19620.72	    0.00	80379.28	    0.00	80379.28	0.000	1.206	1.026	14447.04	100		    0.00	    0.00	61924.83	18454.45	0.000	0.000
95.00	19620.72	    0.00	80379.28	    0.00	80379.28	0.000	1.206	1.026	14447.04	100		    0.00	    0.00	61924.83	18454.45	0.000	0.000
96.00	19620.72	    0.00	80379.28	    0.00	80379.28	0.000	1.206	1.026	14447.04	100		    0.00	    0.00	61924.83	18454.45	0.000	0.000
97.00	19620.72	    0.00	80379.28	    0.00	80379.28	0.000	1.206	1.026	14447.04	100		    0.00	    0.00	61924.83	18454.45	0.000	0.000
98.00	19620.72	    0.00	80379.28	    0.00	80379.28	0.000	1.206	1.026	14447.04	100		    0.00	    0.00	61924.83	18454.45	0.000	0.000
99.00	19620.72	    0.00	80379.28	    0.00	80379.28	0.000	1.206	1.026	14447.04	100		    0.00	    0.00	61924.83	18454.45	0.000	0.000
100.00	19620.72	    0.00	80379.28	    0.00	80379.28	0.000	1.206	1.026	14447.04	100		    0.00	    0.00	61924.83	18454.45	0.000	0.000
101.00	19620.72	    0.00	80379.28	    0.00	80379.28	0.000	1.206	1.026	14447.04	100		    0.00	    0.00	61924.83	18454.45	0.000	0.000
102.00	19620.72	    0.00	80379.28	    0.00	80379.28	0.000	1.206	1.026	14447.04	100		    0.00	    0.00	61924.83	18454.45	0.000	0.000
103.00	19620.72	    0.00	80379.28	    0.00	80379.28	0.000	1.206	1.026	14447.04	100		    0.00	    0.00	61924.83	18454.45	0.000	0.000
104.00	19620.72	    0.00	80379.28	    0.00	80379.28	0.000	1.206	1.026	14447.04	100		    0.00	    0.00	61924.83	18454.45	0.000	0.000
105.00	19620.72	    0.00	80379.28	    0.00	80379.28	0.000	1.206	1.026	14447.04	100		    0.00	    0.00	61924.83	18454.45	0.000	0.000
106.00	19620.72	    0.00	80379.28	    0.00	80379.28	0.000	1.206	1.026	14447.04	100		    0.00	    0.00	61924.83	18454.45	0.000	0.000
107.00	19620.72	    0.00	80379.28	    0.00	80379.28	0.000	1.206	1.026	14447.04	100		    0.00	    0.00	61924.83	18454.45	0.000	0.000
108.00	19620.72	    0.00	80379.28	    0.00	80379.28	0.000	1.206	1.026	14447.04	100		    0.00	    0.00	61924.83	18454.45	0.000	0.000
109.00	19620.72	    0.00	80379.28	    0.00	80379.28	0.000	1.206	1.026	14447.04	100		    0.00	    0.00	61924.83	18454.45	0.000	0.000
110.00	19620.72	    0.00	80379.28	    0.00	80379.28	0.000	1.206	1.026	14447.04	100		    0.00	    0.00	61924.83	18454.45	0.000	0.000
111.00	19620.72	    0.00	80379.28	    0.00	80379.28	0.000	1.206	1.026	14447.04	100		    0.00	    0.00	61924.83	18454.45	0.000	0.000
112.00	19620.72	    0.00	80379.28	    0.00	80379.28	0.000	1.206	1.026	14447.04	100		    0.00	    0.00	61924.83	18454.45	0.000	0.000
113.00	19620.72	    0.00	80379.28	    0.00	80379.28	0.000	1.206	1.026	14447.04	100		    0.00	    0.00	61924.83	18454.45	0.000	0.000
114.00	19620.72	    0.00	80379.28	    0.00	80379.28	0.000	1.206	1.026	14447.04	100		    0.00	    0.00	61924.83	18454.45	0.000	0.000
115.00	19620.72	    0.00	80379.28	    0.00	80379.28	0.000	1.206	1.026	14447.04	100		    0.00	    0.00	61924.83	18454.45	0.000	0.000
116.00	19620.72	    0.00	80379.28	    0.00	80379.28	0.000	1.206	1.026	14447.04	100		    0.00	    0.00	61924.83	18454.45	0.000	0.000
117.00	19620.72	    0.00	80379.28	    0.00	80379.28	0.000	1.206	1.026	14447.04	100		    0.00	    0.00	61924.83	18454.45	0.000	0.000
118.00	19620.72	    0.00	80379.28	    0.00	80379.28	0.000	1.206	1.026	14447.04	100		    0.00	    0.00	61924.83	18454.45	0.000	0.000
119.00	19620.72	    0.00	80379.28	    0.00	80379.28	0.000	1.206	1.026	14447.04	100		    0.00	    0.00	61924.83	18454.45	0.000	0.000
120.00	19620.72	    0.00	80379.28	    0.00	80379.28	0.000	1.206	1.026	14447.04	100		    0.00	    0.00	61924.83	18454.45	0.000	0.000
121.00	19620.72	    0.00	80379.28	    0.00	80379.28	0.000	1.206	1.026	14447.04	100		    0.00	    0.00	61924.83	18454.45	0.000	0.000
122.00	19620.72	    0.00	80379.28	    0.00	80379.28	0.000	1.206	1.026	14447.04	100		    0.00	    0.00	61924.83	18454.45	0.000	0.000
123.00	19620.72	    0.00	80379.28	    0.00	80379.28	0.000	1.206	1.026	14447.04	100		    0.00	    0.00	61924.83	18454.45	0.000	0.000
124.00	19620.72	    0.00	80379.28	    0.00	80379.28	0.000	1.206	1.026	14447.04	100		    0.00	    0.00	61924.83	18454.45	0.000	0.000
125.00	19620.72	    0.00	80379.28	    0.00	80379.28	0.000	1.206	1.026	14447.04	100		    0.00	    0.00	61924.83	18454.45	0.000	0.000
126.00	19620.72	    0.00	80379.28	    0.00	80379.28	0.000	1.206	1.026	14447.04	100		    0.00	    0.00	61924.83	18454.45	0.000	0.000
127.00	19620.72	    0.00	80379.28	    0.00	80379.28	0.000	1.206	1.026	14447.04	100		    0.00	    0.00	61924.83	18454.45	0.000	0.000
128.00	19620.72	    0.00	80379.28	    0.00	80379.28	0.000	1.206	1.026	14447.04	100		    0.00	    0.00	61924.83	18454.45	0.000	0.000
129.00	19620.72	    0.00	80379.28	    0.00	80379.28	0.000	1.206	1.026	14447.04	100		    0.00	    0.00	61924.83	18454.45	0.000	0.000
130.00	19620.72	    0.00	80379.28	    0.00	80379.28	0.000	1.206	1.026	14447.04	100		    0.00	    0.00	61924.83	18454.45	0.000	0.000
131.00	19620.72	    0.00	80379.28	    0.00	80379.28	0.000	1.206	1.026	14447.04	100		    0.00	    0.00	61924.83	18454.45	0.000	0.000
132.00	19620.72	    0.00	80379.28	    0.00	80379.28	0.000	1.206	1.026	14447.04	100		    0.00	    0.00	61924.83	18454.45	0.000	0.000
133.00	19620.72	    0.00	80379.28	    0.00	80379.28	0.000	1.206	1.026	14447.04	100		    0.00	    0.00	61924.83	18454.45	0.000	0.000
134.00	19620.72	    0.00	80379.28	    0.00	80379.28	0.000	1.206	1.026	14447.04	100		    0.00	    0.00	61924.83	18454.45	0.000	0.000
135.00	19620.72	    0.00	80379.28	    0.00	80379.28	0.000	1.206	1.026	14447.04	100		    0.00	    0.00	61924.83	18454.45	0.000	0.000
136.00	19620.72	    0.00	80379.28	    0.00	80379.28	0.000	1.206	1.026	14447.04	100		    0.00	    0.00	61924.83	18454.45	0.000	0.000
137.00	19620.72	    0.00	80379.28	    0.00	80379.28	0.000	1.206	1.026	14447.04	100		    0.00	    0.00	61924.83	18454.45	0.000	0.000
138.00	19620.72	    0.00	80379.28	    0.00	80379.28	0.000	1.206	1.026	14447.04	100		    0.00	    0.00	61924.83	18454.45	0.000	0.000
139.00	19620.72	    0.00	80379.28	    0.00	80379.28	0.000	1.206	1.026	14447.04	100		    0.00	    0.00	61924.83	18454.45	0.000	0.000
140.00	19620.72	    0.00	80379.28	    0.00	80379.28	0.000	1.206	1.026	14447.04	100		    0.00	    0.00	61924.83	18454.45	0.000	0.000
141.00	19620.72	    0.00	80379.28	    0.00	80379.28	0.000	1.206	1.026	14447.04	100		    0.00	    0.00	61924.83	18454.45	0.000	0.000
142.00	19620.72	    0.00	80379.28	    0.00	80379.28	0.000	1.206	1.026	14447.04	100		    0.00	    0.00	61924.83	18454.45	0.000	0.000
143.00	19620.72	    0.00	80379.28	    0.00	80379.28	0.000	1.206	1.026	14447.04	100		    0.00	    0.00	61924.83	18454.45	0.000	0.000
144.00	19620.72	    0.00	80379.28	    0.00	80379.28	0.000	1.206	1.026	14447.04	100		    0.00	    0.00	61924.83	18454.45	0.000	0.000
145.00	19620.72	    0.00	80379.28	    0.00	80379.28	0.000	1.206	1.026	14447.04	100		    0.00	    0.00	61924.83	18454.45	0.000	0.000
146.00	19620.72	    0.00	80379.28	    0.00	80379.28	0.000	1.206	1.026	14447.04	100		    0.00	    0.00	61924.83	18454.45	0.000	0.000
147.00	19620.72	    0.00	80379.28	    0.00	80379.28	0.000	1.206	1.026	14447.04	100		    0.00	    0.00	61924.83	18454.45	0.000	0.000
148.00	19620.72	    0.00	80379.28	    0.00	80379.28	0.000	1.206	1.026	14447.04	100		    0.00	    0.00	61924.83	18454.45	0.000	0.000
149.00	19620.72	    0.00	80379.28	    0.00	80379.28	0.000	1.206	1.026	14447.04	100		    0.00	    0.00	61924.83	18454.45	0.000	0.000
150.00	19620.72	    0.00	80379.28	    0.00	80379.28	0.000	1.206	1.026	14447.04	100		    0.00	    0.00	61924.83	18454.45	0.000	0.000
151.00	19620.72	    0.00	80379.28	    0.00	80379.28	0.000	1.206	1.026	14447.04	100		    0.00	    0.00	61924.83	18454.45	0.000	0.000
152.00	19620.72	    0.00	80379.28	    0.00	80379.28	0.000	1.206	1.026	14447.04	100		    0.00	    0.00	61924.83	18454.45	0.000	0.000
153.00	19620.72	    0.00	80379.28	    0.00	80379.28	0.000	1.206	1.026	14447.04	100		    0.00	    0.00	61924.83	18454.45	0.000	0.000
154.00	19620.72	    0.00	80379.28	    0.00	80379.28	0.000	1.206	1.026	14447.04	100		    0.00	    0.00	61924.83	18454.45	0.000	0.000
155.00	19620.72	    0.00	80379.28	    0.00	80379.28	0.000	1.206	1.026	14447.04	100		    0.00	    0.00	61924.83	18454.45	0.000	0.000
156.00	19620.72	    0.00	80379.28	    0.00	80379.28	0.000	1.206	1.026	14447.04	100		    0.00	    0.00	61924.83	18454.45	0.000	0.000
157.00	19620.72	    0.00	80379.28	    0.00	80379.28	0.000	1.206	1.026	14447.04	100		    0.00	    0.00	61924.83	18454.45	0.000	0.000
158.00	19620.72	    0.00	80379.28	    0.00	80379.28	0.000	1.206	1.026	14447.04	100		    0.00	    0.00	61924.83	18454.45	0.000	0.000
159.00	19620.72	    0.00	80379.28	    0.00	80379.28	0.000	1.206	1.026	14447.04	100		    0.00	    0.00	61924.83	18454.45	0.000	0.000
160.00	19620.72	    0.00	80379.28	    0.00	80379.28	0.000	1.206	1.026	14447.04	100		    0.00	    0.00	61924.83	18454.45	0.000	0.000
161.00	19620.72	    0.00	80379.28	    0.00	80379.28	0.000	1.206	1.026	14447.04	100		    0.00	    0.00	61924.83	18454.45	0.000	0.000
162.00	19620.72	    0.00	80379.28	    0.00	80379.28	0.000	1.206	1.026	14447.04	100		    0.00	    0.00	61924.83	18454.45	0.000	0.000
163.00	19620.72	    0.00	80379.28	    0.00	80379.28	0.000	1.206	1.026	14447.04	100		    0.00	    0.00	61924.83	18454.45	0.000	0.000
164.00	19620.72	    0.00	80379.28	    0.00	80379.28	0.000	1.206	1.026	14447.04	100		    0.00	    0.00	61924.83	18454.45	0.000	0.000
165.00	19620.72	    0.00	80379.28	    0.00	80379.28	0.000	1.206	1.026	14447.04	100		    0.00	    0.00	61924.83	18454.45	0.000	0.000
166.00	19620.72	    0.00	80379.28	    0.00	80379.28	0.000	1.206	1.026	14447.04	100		    0.00	    0.00	61924.83	18454.45	0.000	0.000
167.00	19620.72	    0.00	80379.28	    0.00	80379.28	0.000	1.206	1.026	14447.04	100		    0.00	    0.00	61924.83	18454.45	0.000	0.000
168.00	19620.72	    0.00	80379.28	    0.00	80379.28	0.000	1.206	1.026	14447.04	100		    0.00	    0.00	61924.83	18454.45	0.000	0.000
169.00	19620.72	    0.00	80379.28	    0.00	80379.28	0.000	1.206	1.026	14447.04	100		    0.00	    0.00	61924.83	18454.45	0.000	0.000
170.00	19620.72	    0.00	80379.28	    0.00	80379.28	0.000	1.206	1.026	14447.04	100		    0.00	    0.00	61924.83	18454.45	0.000	0.000
171.00	19620.72	    0.00	80379.28	    0.00	80379.28	0.000	1.206	1.026	14447.04	100		    0.00	    0.00	61924.83	18454.45	0.000	0.000
172.00	19620.72	    0.00	80379.28	    0.00	80379.28	0.000	1.206	1.026	14447.04	100		    0.00	    0.00	61924.83	18454.45	0.000	0.000
173.00	19620.72	    0.00	80379.28	    0.00	80379.28	0.000	1.206	1.026	14447.04	100		    0.00	    0.00	61924.83	18454.45	0.000	0.000
174.00	19620.72	    0.00	80379.28	    0.00	80379.28	0.000	1.206	1.026	14447.04	100		    0.00	    0.00	61924.83	18454.45	0.000	0.000
175.00	19620.72	    0.00	80379.28	    0.00	80379.28	0.000	1.206	1.026	14447.04	100		    0.00	    0.00	61924.83	18454.45	0.000	0.000
176.00	19620.72	    0.00	80379.28	    0.00	80379.28	0.000	1.206	1.026	14447.04	100		    0.00	    0.00	61924.83	18454.45	0.000	0.000
177.00	19620.72	    0.00	80379.28	    0.00	80379.28	0.000	1.206	1.026	14447.04	100		    0.00	    0.00	61924.83	18454.45	0.000	0.000
178.00	19620.72	    0.00	80379.28	    0.00	80379.28	0.000	1.206	1.026	14447.04	100		    0.00	    0.00	61924.83	18454.45	0.000	0.000
179.00	19620.72	    0.00	80379.28	    0.00	80379.28	0.000	1.206	1.026	14447.04	100		    0.00	    0.00	61924.83	18454.45	0.000	0.000
180.00	19620.72	    0.00	80379.28	    0.00	80379.28	0.000	1.206	1.026	14447.04	100		    0.00	    0.00	61924.83	18454.45	0.000	0.000
181.00	19620.72	    0.00	80379.28	    0.00	80379.28	0.000	1.206	1.026	14447.04	100		    0.00	    0.00	61924.83	18454.45	0.000	0.000
182.00	19620.72	    0.00	80379.28	    0.00	80379.28	0.000	1.206	1.026	14447.04	100		    0.00	    0.00	61924.83	18454.45	0.000	0.000
183.00	19620.72	    0.00	80379.28	    0.00	80379.28	0.000	1.206	1.026	14447.04	100		    0.00	    0.00	61924.83	18454.45	0.000	0.000
184.00	19620.72	    0.00	80379.28	    0.00	80379.28	0.000	1.206	1.026	14447.04	100		    0.00	    0.00	61924.83	18454.45	0.000	0.000
185.00	19620.72	    0.00	80379.28	    0.00	80379.28	0.000	1.206	1.026	14447.04	100		    0.00	    0.00	61924.83	18454.45	0.000	0.000
186.00	19620.72	    0.00	80379.28	    0.00	80379.28	0.000	1.206	1.026	14447.04	100		    0.00	    0.00	61924.83	18454.45	0.000	0.000
187.00	19620.72	    0.00	80379.28	    0.00	80379.28	0.000	1.206	1.026	14447.04	100		    0.00	    0.00	61924.83	18454.45	0.000	0.000
188.00	19620.72	    0.00	80379.28	    0.00	80379.28	0.000	1.206	1.026	14447.04	100		    0.00	    0.00	61924.83	18454.45	0.000	0.000
189.00	19620.72	    0.00	80379.28	    0.00	80379.28	0.000	1.206	1.026	14447.04	100		    0.00	    0.00	61924.83	18454.45	0.000	0.000
190.00	19620.72	    0.00	80379.28	    0.00	80379.28	0.000	1.206	1.026	14447.04	100		    0.00	    0.00	61924.83	18454.45	0.000	0.000
191.00	19620.72	    0.00	80379.28	    0.00	80379.28	0.000	1.206	1.026	14447.04	100		    0.00	    0.00	61924.83	18454.45	0.000	0.000
192.00	19620.72	    0.00	80379.28	    0.00	80379.28	0.000	1.206	1.026	14447.04	100		    0.00	    0.00	61924.83	18454.45	0.000	0.000
193.00	19620.72	    0.00	80379.28	    0.00	80379.28	0.000	1.206	1.026	14447.04	100		    0.00	    0.00	61924.83	18454.45	0.000	0.000
194.00	19620.72	    0.00	80379.28	    0.00	80379.28	0.000	1.206	1.026	14447.04	100		    0.00	    0.00	61924.83	18454.45	0.000	0.000
195.00	19620.72	    0.00	80379.28	    0.00	80379.28	0.000	1.206	1.026	14447.04	100		    0.00	    0.00	61924.83	18454.45	0.000	0.000
196.00	19620.72	    0.00	80379.28	    0.00	80379.28	0.000	1.206	1.026	14447.04	100		    0.00	    0.00	61924.83	18454.45	0.000	0.000
197.00	19620.72	    0.00	80379.28	    0.00	80379.28	0.000	1.206	1.026	14447.04	100		    0.00	    0.00	61924.83	18454.45	0.000	0.000
198.00	19620.72	    0.00	80379.28	    0.00	80379.28	0.000	1.206	1.026	14447.04	100		    0.00	    0.00	61924.83	18454.45	0.000	0.000
199.00	19620.72	    0.00	80379.28	    0.00	80379.28	0.000	1.206	1.026	14447.04	100		    0.00	    0.00	61924.83	18454.45	0.000	0.000
200.00	19620.72	    0.00	80379.28	    0.00	80379.28	0.000	1.206	1.026	14447.04	100		    0.00	    0.00	61924.83	18454.45	0.000	0.000
201.00	19620.72	    0.00	80379.28	    0.00	80379.28	0.000	1.206	1.026	14447.04	100		    0.00	    0.00	61924.83	18454.45	0.000	0.000
202.00	19620.72	    0.00	80379.28	    0.00	80379.28	0.000	1.206	1.026	14447.04	100		    0.00	    0.00	61924.83	18454.45	0.000	0.000
203.00	19620.72	    0.00	80379.28	    0.00	80379.28	0.000	1.206	1.026	14447.04	100		    0.00	    0.00	61924.83	18454.45	0.000	0.000
204.00	19620.72	    0.00	80379.28	    0.00	80379.28	0.000	1.206	1.026	14447.04	100		    0.00	    0.00	61924.83	18454.45	0.000	0.000
205.00	19620.72	    0.00	80379.28	    0.00	80379.28	0.000	1.206	1.026	14447.04	100		    0.00	    0.00	61924.83	18454.45	0.000	0.000
206.00	19620.72	    0.00	80379.28	    0.00	80379.28	0.000	1.206	1.026	14447.04	100		    0.00	    0.00	61924.83	18454.45	0.000	0.000
207.00	19620.72	    0.00	80379.28	    0.00	80379.28	0.000	1.206	1.026	14447.04	100		    0.00	    0.00	61924.83	18454.45	0.000	0.000
208.00	19620.72	    0.00	80379.28	    0.00	80379.28	0.000	1.206	1.026	14447.04	100		    0.00	    0.00	61924.83	18454.45	0.000	0.000
209.00	19620.72	    0.00	80379.28	    0.00	80379.28	0.000	1.206	1.026	14447.04	100		    0.00	    0.00	61924.83	18454.45	0.000	0.000
210.00	19620.72	    0.00	80379.28	    0.00	80379.28	0.000	1.206	1.026	14447.04	100		    0.00	    0.00	61924.83	18454.45	0.000	0.000
211.00	19620.72	    0.00	80379.28	    0.00	80379.28	0.000	1.206	1.026	14447.04	100		    0.00	    0.00	61924.83	18454.45	0.000	0.000
212.00	19620.72	    0.00	80379.28	    0.00	80379.28	0.000	1.206	1.026	14447.04	100		    0.00	    0.00	61924.83	18454.45	0.000	0.000
213.00	19620.72	    0.00	80379.28	    0.00	80379.28	0.000	1.206	1.026	14447.04	100		    0.00	    0.00	61924.83	18454.45	0.000	0.000
214.00	19620.72	    0.00	80379.28	    0.00	80379.28	0.000	1.206	1.026	14447.04	100		    0.00	    0.00	61924.83	18454.45	0.000	0.000
215.00	19620.72	    0.00	80379.28	    0.00	80379.28	0.000	1.206	1.026	14447.04	100		    0.00	    0.00	61924.83	18454.45	0.000	0.000
216.00	19620.72	    0.00	80379.28	    0.00	80379.28	0.000	1.206	1.026	14447.04	100		    0.00	    0.00	61924.83	18454.45	0.000	0.000
217.00	19620.72	    0.00	80379.28	    0.00	80379.28	0.000	1.206	1.026	14447.04	100		    0.00	    0.00	61924.83	18454.45	0.000	0.000
218.00	19620.72	    0.00	80379.28	    0.00	80379.28	0.000	1.206	1.026	14447.04	100		    0.00	    0.00	61924.83	18454.45	0.000	0.000
219.00	19620.72	    0.00	80379.28	    0.00	80379.28	0.000	1.206	1.026	14447.04	100		    0.00	    0.00	61924.83	18454.45	0.000	0.000
220.00	19620.72	    0.00	80379.28	    0.00	80379.28	0.000	1.206	1.026	14447.04	100		    0.00	    0.00	61924.83	18454.45	0.000	0.000
221.00	19620.72	    0.00	80379.28	    0.00	80379.28	0.000	1.206	1.026	14447.04	100		    0.00	    0.00	61924.83	18454.45	0.000	0.000
222.00	19620.72	    0.00	80379.28	    0.00	80379.28	0.000	1.206	1.026	14447.04	100		    0.00	    0.00	61924.83	18454.45	0.000	0.000
223.00	19620.72	    0.00	80379.28	    0.00	80379.28	0.000	1.206	1.026	14447.04	100		    0.00	    0.00	61924.83	18454.45	0.000	0.000
224.00	19620.72	    0.00	80379.28	    0.00	80379.28	0.000	1.206	1.026	14447.04	100		    0.00	    0.00	61924.83	18454.45	0.000	0.000
225.00	19620.72	    0.00	80379.28	    0.00	80379.28	0.000	1.206	1.026	14447.04	100		    0.00	    0.00	61924.83	18454.45	0.000	0.000
226.00	19620.72	    0.00	80379.28	    0.00	80379.28	0.000	1.206	1.026	14447.04	100		    0.00	    0.00	61924.83	18454.45	0.000	0.000
227.00	19620.72	    0.00	80379.28	    0.00	80379.28	0.000	1.206	1.026	14447.04	100		    0.00	    0.00	61924.83	18454.45	0.000	0.000
228.00	19620.72	    0.00	80379.28	    0.00	80379.28	0.000	1.206	1.026	14447.04	100		    0.00	    0.00	61924.83	18454.45	0.000	0.000
229.00	19620.72	    0.00	80379.28	    0.00	80379.28	0.000	1.206	1.026	14447.04	100		    0.00	    0.00	61924.83	18454.45	0.000	0.000
230.00	19620.72	    0.00	80379.28	    0.00	80379.28	0.000	1.206	1.026	14447.04	100		    0.00	    0.00	61924.83	18454.45	0.000	0.000
231.00	19620.72	    0.00	80379.28	    0.00	80379.28	0.000	1.206	1.026	14447.04	100		    0.00	    0.00	61924.83	18454.45	0.000	0.000
232.00	19620.72	    0.00	80379.28	    0.00	80379.28	0.000	1.206	1.026	14447.04	100		    0.00	    0.00	61924.83	18454.45	0.000	0.000
233.00	19620.72	    0.00	80379.28	    0.00	80379.28	0.000	1.206	1.026	14447.04	100		    0.00	    0.00	61924.83	18454.45	0.000	0.000
234.00	19620.72	    0.00	80379.28	    0.00	80379.28	0.000	1.206	1.026	14447.04	100		    0.00	    0.00	61924.83	18454.45	0.000	0.000
235.00	19620.72	    0.00	80379.28	    0.00	80379.28	0.000	1.206	1.026	14447.04	100		    0.00	    0.00	61924.83	18454.45	0.000	0.000
236.00	19620.72	    0.00	80379.28	    0.00	80379.28	0.000	1.206	1.026	14447.04	100		    0.00	    0.00	61924.83	18454.45	0.000	0.000
237.00	19620.72	    0.00	80379.28	    0.00	80379.28	0.000	1.206	1.026	14447.04	100		    0.00	    0.00	61924.83	18454.45	0.000	0.000
238.00	19620.72	    0.00	80379.28	    0.00	80379.28	0.000	1.206	1.026	14447.04	100		    0.00	    0.00	61924.83	18454.45	0.000	0.000
239.00	19620.72	    0.00	80379.28	    0.00	80379.28	0.000	1.206	1.026	14447.04	100		    0.00	    0.00	61924.83	18454.45	0.000	0.000
240.00	19620.72	    0.00	80379.28	    0.00	80379.28	0.000	1.206	1.026	14447.04	100		    0.00	    0.00	61924.83	18454.45	0.000	0.000
241.00	19620.72	    0.00	80379.28	    0.00	80379.28	0.000	1.206	1.026	14447.04	100		    0.00	    0.00	61924.83	18454.45	0.000	0.000
242.00	19620.72	    0.00	80379.28	    0.00	80379.28	0.000	1.206	1.026	14447.04	100		    0.00	    0.00	61924.83	18454.45	0.000	0.000
243.00	19620.72	    0.00	80379.28	    0.00	80379.28	0.000	1.206	1.026	14447.04	100		    0.00	    0.00	61924.83	18454.45	0.000	0.000
244.00	19620.72	    0.00	80379.28	    0.00	80379.28	0.000	1.206	1.026	14447.04	100		    0.00	    0.00	61924.83	18454.45	0.000	0.000
245.00	19620.72	    0.00	80379.28	    0.00	80379.28	0.000	1.206	1.026	14447.04	100		    0.00	    0.00	61924.83	18454.45	0.000	0.000
246.00	19620.72	    0.00	80379.28	    0.00	80379.28	0.000	1.206	1.026	14447.04	100		    0.00	    0.00	61924.83	18454.45	0.000	0.000
247.00	19620.72	    0.00	80379.28	    0.00	80379.28	0.000	1.206	1.026	14447.04	100		    0.00	    0.00	61924.83	18454.45	0.000	0.000
248.00	19620.72	    0.00	80379.28	    0.00	80379.28	0.000	1.206	1.026	14447.04	100		    0.00	    0.00	61924.83	18454.45	0.000	0.000
249.00	19620.72	    0.00	80379.28	    0.00	80379.28	0.000	1.206	1.026	14447.04	100		    0.00	    0.00	61924.83	18454.45	0.000	0.000
250.00	19620.72	    0.00	80379.28	    0.00	80379.28	0.000	1.206	1.026	14447.04	100		    0.00	    0.00	61924.83	18454.45	0.000	0.000
251.00	19620.72	    0.00	80379.28	    0.00	80379.28	0.000	1.206	1.026	14447.04	100		    0.00	    0.00	61924.83	18454.45	0.000	0.000
252.00	19620.72	    0.00	80379.28	    0.00	80379.28	0.000	1.206	1.026	14447.04	100		    0.00	    0.00	61924.83	18454.45	0.000	0.000
253.00	19620.72	    0.00	80379.28	    0.00	80379.28	0.000	1.206	1.026	14447.04	100		    0.00	    0.00	61924.83	18454.45	0.000	0.000
254.00	19620.72	    0.00	80379.28	    0.00	80379.28	0.000	1.206	1.026	14447.04	100		    0.00	    0.00	61924.83	18454.45	0.000	0.000
255.00	19620.72	    0.00	80379.28	    0.00	80379.28	0.000	1.206	1.026	14447.04	100		    0.00	    0.00	61924.83	18454.45	0.000	0.000
256.00	19620.72	    0.00	80379.28	    0.00	80379.28	0.000	1.206	1.026	14447.04	100		    0.00	    0.00	61924.83	18454.45	0.000	0.000
257.00	19620.72	    0.00	80379.28	    0.00	80379.28	0.000	1.206	1.026	14447.04	100		    0.00	    0.00	61924.83	18454.45	0.000	0.000
258.00	19620.72	    0.00	80379.28	    0.00	80379.28	0.000	1.206	1.026	14447.04	100		    0.00	    0.00	61924.83	18454.45	0.000	0.000
259.00	19620.72	    0.00	80379.28	    0.00	80379.28	0.000	1.206	1.026	14447.04	100		    0.00	    0.00	61924.83	18454.45	0.000	0.000
260.00	19620.72	    0.00	80379.28	    0.00	80379.28	0.000	1.206	1.026	14447.04	100		    0.00	    0.00	61924.83	18454.45	0.000	0.000
261.00	19620.72	    0.00	80379.28	    0.00	80379.28	0.000	1.206	1.026	14447.04	100		    0.00	    0.00	61924.83	18454.45	0.000	0.000
262.00	19620.72	    0.00	80379.28	    0.00	80379.28	0.000	1.206	1.026	14447.04	100		    0.00	    0.00	61924.83	18454.45	0.000	0.000
263.00	19620.72	    0.00	80379.28	    0.00	80379.28	0.000	1.206	1.026	14447.04	100		    0.00	    0.00	61924.83	18454.45	0.000	0.000
264.00	19620.72	    0.00	80379.28	    0.00	80379.28	0.000	1.206	1.026	14447.04	100		    0.00	    0.00	61924.83	18454.45	0.000	0.000
265.00	19620.72	    0.00	80379.28	    0.00	80379.28	0.000	1.206	1.026	14447.04	100		    0.00	    0.00	61924.83	18454.45	0.000	0.000
266.00	19620.72	    0.00	80379.28	    0.00	80379.28	0.000	1.206	1.026	14447.04	100		    0.00	    0.00	61924.83	18454.45	0.000	0.000
267.00	19620.72	    0.00	80379.28	    0.00	80379.28	0.000	1.206	1.026	14447.04	100		    0.00	    0.00	61924.83	18454.45	0.000	0.000
268.00	19620.72	    0.00	80379.28	    0.00	80379.28	0.000	1.206	1.026	14447.04	100		    0.00	    0.00	61924.83	18454.45	0.000	0.000
269.00	19620.72	    0.00	80379.28	    0.00	80379.28	0.000	1.206	1.026	14447.04	100		    0.00	    0.00	61924.83	18454.45	0.000	0.000
270.00	19620.72	    0.00	80379.28	    0.00	80379.28	0.000	1.206	1.026	14447.04	100		    0.00	    0.00	61924.83	18454.45	0.000	0.000
271.00	19620.72	    0.00	80379.28	    0.00	80379.28	0.000	1.206	1.026	14447.04	100		    0.00	    0.00	61924.83	18454.45	0.000	0.000
272.00	19620.72	    0.00	80379.28	    0.00	80379.28	0.000	1.206	1.026	14447.04	100		    0.00	    0.00	61924.83	18454.45	0.000	0.000
273.00	19620.72	    0.00	80379.28	    0.00	80379.28	0.000	1.206	1.026	14447.04	100		    0.00	    0.00	61924.83	18454.45	0.000	0.000
274.00	19620.72	    0.00	80379.28	    0.00	80379.28	0.000	1.206	1.026	14447.04	100		    0.00	    0.00	61924.83	18454.45	0.000	0.000
275.00	19620.72	    0.00	80379.28	    0.00	80379.28	0.000	1.206	1.026	14447.04	100		    0.00	    0.00	61924.83	18454.45	0.000	0.000
276.00	19620.72	    0.00	80379.28	    0.00	80379.28	0.000	1.206	1.026	14447.04	100		    0.00	    0.00	61924.83	18454.45	0.000	0.000
277.00	19620.72	    0.00	80379.28	    0.00	80379.28	0.000	1.206	1.026	14447.04	100		    0.00	    0.00	61924.83	18454.45	0.000	0.000
278.00	19620.72	    0.00	80379.28	    0.00	80379.28	0.000	1.206	1.026	14447.04	100		    0.00	    0.00	61924.83	18454.45	0.000	0.000
279.00	19620.72	    0.00	80379.28	    0.00	80379.28	0.000	1.206	1.026	14447.04	100		    0.00	    0.00	61924.83	18454.45	0.000	0.000
280.00	19620.72	    0.00	80379.28	    0.00	80379.28	0.000	1.206	1.026	14447.04	100		    0.00	    0.00	61924.83	18454.45	0.000	0.000
281.00	19620.72	    0.00	80379.28	    0.00	80379.28	0.000	1.206	1.026	14447.04	100		    0.00	    0.00	61924.83	18454.45	0.000	0.000
282.00	19620.72	    0.00	80379.28	    0.00	80379.28	0.000	1.206	1.026	14447.04	100		    0.00	    0.00	61924.83	18454.45	0.000	0.000
283.00	19620.72	    0.00	80379.28	    0.00	80379.28	0.000	1.206	1.026	14447.04	100		    0.00	    0.00	61924.83	18454.45	0.000	0.000
284.00	19620.72	    0.00	80379.28	    0.00	80379.28	0.000	1.206	1.026	14447.04	100		    0.00	    0.00	61924.83	18454.45	0.000	0.000
285.00	19620.72	    0.00	80379.28	    0.00	80379.28	0.000	1.206	1.026	14447.04	100		    0.00	    0.00	61924.83	18454.45	0.000	0.000
286.00	19620.72	    0.00	80379.28	    0.00	80379.28	0.000	1.206	1.026	14447.04	100		    0.00	    0.00	61924.83	18454.45	0.000	0.000
287.00	19620.72	    0.00	80379.28	    0.00	80379.28	0.000	1.206	1.026	14447.04	100		    0.00	    0.00	61924.83	18454.45	0.000	0.000
288.00	19620.72	    0.00	80379.28	    0.00	80379.28	0.000	1.206	1.026	14447.04	100		    0.00	    0.00	61924.83	18454.45	0.000	0.000
289.00	19620.72	    0.00	80379.28	    0.00	80379.28	0.000	1.206	1.026	14447.04	100		    0.00	    0.00	61924.83	18454.45	0.000	0.000
290.00	19620.72	    0.00	80379.28	    0.00	80379.28	0.000	1.206	1.026	14447.04	100		    0.00	    0.00	61924.83	18454.45	0.000	0.000
291.00	19620.72	    0.00	80379.28	    0.00	80379.28	0.000	1.206	1.026	14447.04	100		    0.00	    0.00	61924.83	18454.45	0.000	0.000
292.00	19620.72	    0.00	80379.28	    0.00	80379.28	0.000	1.206	1.026	14447.04	100		    0.00	    0.00	61924.83	18454.45	0.000	0.000
293.00	19620.72	    0.00	80379.28	    0.00	80379.28	0.000	1.206	1.026	14447.04	100		    0.00	    0.00	61924.83	18454.45	0.000	0.000
294.00	19620.72	    0.00	80379.28	    0.00	80379.28	0.000	1.206	1.026	14447.04	100		    0.00	    0.00	61924.83	18454.45	0.000	0.000
295.00	19620.72	    0.00	80379.28	    0.00	80379.28	0.000	1.206	1.026	14447.04	100		    0.00	    0.00	61924.83	18454.45	0.000	0.000
296.00	19620.72	    0.00	80379.28	    0.00	80379.28	0.000	1.206	1.026	14447.04	100		    0.00	    0.00	61924.83	18454.45	0.000	0.000
297.00	19620.72	    0.00	80379.28	    0.00	80379.28	0.000	1.206	1.026	14447.04	100		    0.00	    0.00	61924.83	18454.45	0.000	0.000
298.00	19620.72	    0.00	80379.28	    0.00	80379.28	0.000	1.206	1.026	14447.04	100		    0.00	    0.00	61924.83	18454.45	0.000	0.000
299.00	19620.72	    0.00	80379.28	    0.00	80379.28	0.000	1.206	1.026	14447.04	100		    0.00	    0.00	61924.83	18454.45	0.000	0.000
300.00	19620.72	    0.00	80379.28	    0.00	80379.28	0.000	1.206	1.026	14447.04	100		    0.00	    0.00	61924.83	18454.45	0.000	0.000
301.00	19620.72	    0.00	80379.28	    0.00	80379.28	0.000	1.206	1.026	14447.04	100		    0.00	    0.00	61924.83	18454.45	0.000	0.000
302.00	19620.72	    0.00	80379.28	    0.00	80379.28	0.000	1.206	1.026	14447.04	100		    0.00	    0.00	61924.83	18454.45	0.000	0.000
303.00	19620.72	    0.00	80379.28	    0.00	80379.28	0.000	1.206	1.026	14447.04	100		    0.00	    0.00	61924.83	18454.45	0.000	0.000
304.00	19620.72	    0.00	80379.28	    0.00	80379.28	0.000	1.206	1.026	14447.04	100		    0.00	    0.00	61924.83	18454.45	0.000	0.000
305.00	19620.72	    0.00	80379.28	    0.00	80379.28	0.000	1.206	1.026	14447.04	100		    0.00	    0.00	61924.83	18454.45	0.000	0.000
306.00	19620.72	    0.00	80379.28	    0.00	80379.28	0.000	1.206	1.026	14447.04	100		    0.00	    0.00	61924.83	18454.45	0.000	0.000
307.00	19620.72	    0.00	80379.28	    0.00	80379.28	0.000	1.206	1.026	14447.04	100		    0.00	    0.00	61924.83	18454.45	0.000	0.000
308.00	19620.72	    0.00	80379.28	    0.00	80379.28	0.000	1.206	1.026	14447.04	100		    0.00	    0.00	61924.83	18454.45	0.000	0.000
309.00	19620.72	    0.00	80379.28	    0.00	80379.28	0.000	1.206	1.026	14447.04	100		    0.00	    0.00	61924.83	18454.45	0.000	0.000
310.00	19620.72	    0.00	80379.28	    0.00	80379.28	0.000	1.206	1.026	14447.04	100		    0.00	    0.00	61924.83	18454.45	0.000	0.000
311.00	19620.72	    0.00	80379.28	    0.00	80379.28	0.000	1.206	1.026	14447.04	100		    0.00	    0.00	61924.83	18454.45	0.000	0.000
312.00	19620.72	    0.00	80379.28	    0.00	80379.28	0.000	1.206	1.026	14447.04	100		    0.00	    0.00	61924.83	18454.45	0.000	0.000
313.00	19620.72	    0.00	80379.28	    0.00	80379.28	0.000	1.206	1.026	14447.04	100		    0.00	    0.00	61924.83	18454.45	0.000	0.000
314.00	19620.72	    0.00	80379.28	    0.00	80379.28	0.000	1.206	1.026	14447.04	100		    0.00	    0.00	61924.83	18454.45	0.000	0.000
315.00	19620.72	    0.00	80379.28	    0.00	80379.28	0.000	1.206	1.026	14447.04	100		    0.00	    0.00	61924.83	18454.45	0.000	0.000
316.00	19620.72	    0.00	80379.28	    0.00	80379.28	0.000	1.206	1.026	14447.04	100		    0.00	    0.00	61924.83	18454.45	0.000	0.000
317.00	19620.72	    0.00	80379.28	    0.00	80379.28	0.000	1.206	1.026	14447.04	100		    0.00	    0.00	61924.83	18454.45	0.000	0.000
318.00	19620.72	    0.00	80379.28	    0.00	80379.28	0.000	1.206	1.026	14447.04	100		    0.00	    0.00	61924.83	18454.45	0.000	0.000
319.00	19620.72	    0.00	80379.28	    0.00	80379.28	0.000	1.206	1.026	14447.04	100		    0.00	    0.00	61924.83	18454.45	0.000	0.000
320.00	19620.72	    0.00	80379.28	    0.00	80379.28	0.000	1.206	1.026	14447.04	100		    0.00	    0.00	61924.83	18454.45	0.000	0.000
321.00	19620.72	    0.00	80379.28	    0.00	80379.28	0.000	1.206	1.026	14447.04	100		    0.00	    0.00	61924.83	18454.45	0.000	0.000
322.00	19620.72	    0.00	80379.28	    0.00	80379.28	0.000	1.206	1.026	14447.04	100		    0.00	    0.00	61924.83	18454.45	0.000	0.000
323.00	19620.72	    0.00	80379.28	    0.00	80379.28	0.000	1.206	1.026	14447.04	100		    0.00	    0.00	61924.83	18454.45	0.000	0.000
324.00	19620.72	    0.00	80379.28	    0.00	80379.28	0.000	1.206	1.026	14447.04	100		    0.00	    0.00	61924.83	18454.45	0.000	0.000
325.00	19620.72	    0.00	80379.28	    0.00	80379.28	0.000	1.206	1.026	14447.04	100		    0.00	    0.00	61924.83	18454.45	0.000	0.000
326.00	19620.72	    0.00	80379.28	    0.00	80379.28	0.000	1.206	1.026	14447.04	100		    0.00	    0.00	61924.83	18454.45	0.000	0.000
327.00	19620.72	    0.00	80379.28	    0.00	80379.28	0.000	1.206	1.026	14447.04	100		    0.00	    0.00	61924.83	18454.45	0.000	0.000
328.00	19620.72	    0.00	80379.28	    0.00	80379.28	0.000	1.206	1.026	14447.04	100		    0.00	    0.00	61924.83	18454.45	0.000	0.000
329.00	19620.72	    0.00	80379.28	    0.00	80379.28	0.000	1.206	1.026	14447.04	100		    0.00	    0.00	61924.83	18454.45	0.000	0.000
330.00	19620.72	    0.00	80379.28	    0.00	80379.28	0.000	1.206	1.026	14447.04	100		    0.00	    0.00	61924.83	18454.45	0.000	0.000
331.00	19620.72	    0.00	80379.28	    0.00	80379.28	0.000	1.206	1.026	14447.04	100		    0.00	    0.00	61924.83	18454.45	0.000	0.000
332.00	19620.72	    0.00	80379.28	    0.00	80379.28	0.000	1.206	1.026	14447.04	100		    0.00	    0.00	61924.83	18454.45	0.000	0.000
333.00	19620.72	    0.00	80379.28	    0.00	80379.28	0.000	1.206	1.026	14447.04	100		    0.00	    0.00	61924.83	18454.45	0.000	0.000
334.00	19620.72	    0.00	80379.28	    0.00	80379.28	0.000	1.206	1.026	14447.04	100		    0.00	    0.00	61924.83	18454.45	0.000	0.000
335.00	19620.72	    0.00	80379.28	    0.00	80379.28	0.000	1.206	1.026	14447.04	100		    0.00	    0.00	61924.83	18454.45	0.000	0.000
336.00	19620.72	    0.00	80379.28	    0.00	80379.28	0.000	1.206	1.026	14447.04	100		    0.00	    0.00	61924.83	18454.45	0.000	0.000
337.00	19620.72	    0.00	80379.28	    0.00	80379.28	0.000	1.206	1.026	14447.04	100		    0.00	    0.00	61924.83	18454.45	0.000	0.000
338.00	19620.72	    0.00	80379.28	    0.00	80379.28	0.000	1.206	1.026	14447.04	100		    0.00	    0.00	61924.83	18454.45	0.000	0.000
339.00	19620.72	    0.00	80379.28	    0.00	80379.28	0.000	1.206	1.026	14447.04	100		    0.00	    0.00	61924.83	18454.45	0.000	0.000
340.00	19620.72	    0.00	80379.28	    0.00	80379.28	0.000	1.206	1.026	14447.04	100		    0.00	    0.00	61924.83	18454.45	0.000	0.000
341.00	19620.72	    0.00	80379.28	    0.00	80379.28	0.000	1.206	1.026	14447.04	100		    0.00	    0.00	61924.83	18454.45	0.000	0.000
342.00	19620.72	    0.00	80379.28	    0.00	80379.28	0.000	1.206	1.026	14447.04	100		    0.00	    0.00	61924.83	18454.45	0.000	0.000
343.00	19620.72	    0.00	80379.28	    0.00	80379.28	0.000	1.206	1.026	14447.04	100		    0.00	    0.00	61924.83	18454.45	0.000	0.000
344.00	19620.72	    0.00	80379.28	    0.00	80379.28	0.000	1.206	1.026	14447.04	100		    0.00	    0.00	61924.83	18454.45	0.000	0.000
345.00	19620.72	    0.00	80379.28	    0.00	80379.28	0.000	1.206	1.026	14447.04	100		    0.00	    0.00	61924.83	18454.45	0.000	0.000
346.00	19620.72	    0.00	80379.28	    0.00	80379.28	0.000	1.206	1.026	14447.04	100		    0.00	    0.00	61924.83	18454.45	0.000	0.000
347.00	19620.72	    0.00	80379.28	    0.00	80379.28	0.000	1.206	1.026	14447.04	100		    0.00	    0.00	61924.83	18454.45	0.000	0.000
348.00	19620.72	    0.00	80379.28	    0.00	80379.28	0.000	1.206	1.026	14447.04	100		    0.00	    0.00	61924.83	18454.45	0.000	0.000
349.00	19620.72	    0.00	80379.28	    0.00	80379.28	0.000	1.206	1.026	14447.04	100		    0.00	    0.00	61924.83	18454.45	0.000	0.000
350.00	19620.72	    0.00	80379.28	    0.00	80379.28	0.000	1.206	1.026	14447.04	100		    0.00	    0.00	61924.83	18454.45	0.000	0.000
351.00	19620.72	    0.00	80379.28	    0.00	80379.28	0.000	1.206	1.026	14447.04	100		    0.00	    0.00	61924.83	18454.45	0.000	0.000
352.00	19620.72	    0.00	80379.28	    0.00	80379.28	0.000	1.206	1.026	14447.04	100		    0.00	    0.00	61924.83	18454.45	0.000	0.000
353.00	19620.72	    0.00	80379.28	    0.00	80379.28	0.000	1.206	1.026	14447.04	100		    0.00	    0.00	61924.83	18454.45	0.000	0.000
354.00	19620.72	    0.00	80379.28	    0.00	80379.28	0.000	1.206	1.026	14447.04	100		    0.00	    0.00	61924.83	18454.45	0.000	0.000
355.00	19620.72	    0.00	80379.28	    0.00	80379.28	0.000	1.206	1.026	14447.04	100		    0.00	    0.00	61924.83	18454.45	0.000	0.000
356.00	19620.72	    0.00	80379.28	    0.00	80379.28	0.000	1.206	1.026	14447.04	100		    0.00	    0.00	61924.83	18454.45	0.000	0.000
357.00	19620.72	    0.00	80379.28	    0.00	80379.28	0.000	1.206	1.026	14447.04	100		    0.00	    0.00	61924.83	18454.45	0.000	0.000
358.00	19620.72	    0.00	80379.28	    0.00	80379.28	0.000	1.206	1.026	14447.04	100		    0.00	    0.00	61924.83	18454.45	0.000	0.000
359.00	19620.72	    0.00	80379.28	    0.00	80379.28	0.000	1.206	1.026	14447.04	100		    0.00	    0.00	61924.83	18454.45	0.000	0.000
360.00	19620.72	    0.00	80379.28	    0.00	80379.28	0.000	1.206	1.026	14447.04	100		    0.00	    0.00	61924.83	18454.45	0.000	0.000
361.00	19620.72	    0.00	80379.28	    0.00	80379.28	0.000	1.206	1.026	14447.04	100		    0.00	    0.00	61924.83	18454.45	0.000	0.000
362.00	19620.72	    0.00	80379.28	    0.00	80379.28	0.000	1.206	1.026	14447.04	100		    0.00	    0.00	61924.83	18454.45	0.000	0.000
363.00	19620.72	    0.00	80379.28	    0.00	80379.28	0.000	1.206	1.026	14447.04	100		    0.00	    0.00	61924.83	18454.45	0.000	0.000
364.00	19620.72	    0.00	80379.28	    0.00	80379.28	0.000	1.206	1.026	14447.04	100		    0.00	    0.00	61924.83	18454.45	0.000	0.000
365.00	19620.72	    0.00	80379.28	    0.00	80379.28	0.000	1.206	1.026	14447.04	100		    0.00	    0.00	61924.83	18454.45	0.000	0.000
366.00	19620.72	    0.00	80379.28	    0.00	80379.28	0.000	1.206	1.026	14447.04	100		    0.00	    0.00	61924.83	18454.45	0.000	0.000
367.00	19620.72	    0.00	80379.28	    0.00	80379.28	0.000	1.206	1.026	14447.04	100		    0.00	    0.00	61924.83	18454.45	0.000	0.000
368.00	19620.72	    0.00	80379.28	    0.00	80379.28	0.000	1.206	1.026	14447.04	100		    0.00	    0.00	61924.83	18454.45	0.000	0.000
369.00	19620.72	    0.00	80379.28	    0.00	80379.28	0.000	1.206	1.026	14447.04	100		    0.00	    0.00	61924.83	18454.45	0.000	0.000
370.00	19620.72	    0.00	80379.28	    0.00	80379.28	0.000	1.206	1.026	14447.04	100		    0.00	    0.00	61924.83	18454.45	0.000	0.000
371.00	19620.72	    0.00	80379.28	    0.00	80379.28	0.000	1.206	1.026	14447.04	100		    0.00	    0.00	61924.83	18454.45	0.000	0.000
372.00	19620.72	    0.00	80379.28	    0.00	80379.28	0.000	1.206	1.026	14447.04	100		    0.00	    0.00	61924.83	18454.45	0.000	0.000
373.00	19620.72	    0.00	80379.28	    0.00	80379.28	0.000	1.206	1.026	14447.04	100		    0.00	    0.00	61924.83	18454.45	0.000	0.000
374.00	19620.72	    0.00	80379.28	    0.00	80379.28	0.000	1.206	1.026	14447.04	100		    0.00	    0.00	61924.83	18454.45	0.000	0.000
375.00	19620.72	    0.00	80379.28	    0.00	80379.28	0.000	1.206	1.026	14447.04	100		    0.00	    0.00	61924.83	18454.45	0.000	0.000
376.00	19620.72	    0.00	80379.28	    0.00	80379.28	0.000	1.206	1.026	14447.04	100		    0.00	    0.00	61924.83	18454.45	0.000	0.000
377.00	19620.72	    0.00	80379.28	    0.00	80379.28	0.000	1.206	1.026	14447.04	100		    0.00	    0.00	61924.83	18454.45	0.000	0.000
378.00	19620.72	    0.00	80379.28	    0.00	80379.28	0.000	1.206	1.026	14447.04	100		    0.00	    0.00	61924.83	18454.45	0.000	0.000
379.00	19620.72	    0.00	80379.28	    0.00	80379.28	0.000	1.206	1.026	14447.04	100		    0.00	    0.00	61924.83	18454.45	0.000	0.000
380.00	19620.72	    0.00	80379.28	    0.00	80379.28	0.000	1.206	1.026	14447.04	100		    0.00	    0.00	61924.83	18454.45	0.000	0.000
381.00	19620.72	    0.00	80379.28	    0.00	80379.28	0.000	1.206	1.026	14447.04	100		    0.00	    0.00	61924.83	18454.45	0.000	0.000
382.00	19620.72	    0.00	80379.28	    0.00	80379.28	0.000	1.206	1.026	14447.04	100		    0.00	    0.00	61924.83	18454.45	0.000	0.000
383.00	19620.72	    0.00	80379.28	    0.00	80379.28	0.000	1.206	1.026	14447.04	100		    0.00	    0.00	61924.83	18454.45	0.000	0.000
384.00	19620.72	    0.00	80379.28	    0.00	80379.28	0.000	1.206	1.026	14447.04	100		    0.00	    0.00	61924.83	18454.45	0.000	0.000
385.00	19620.72	    0.00	80379.28	    0.00	80379.28	0.000	1.206	1.026	14447.04	100		    0.00	    0.00	61924.83	18454.45	0.000	0.000
386.00	19620.72	    0.00	80379.28	    0.00	80379.28	0.000	1.206	1.026	14447.04	100		    0.00	    0.00	61924.83	18454.45	0.000	0.000
387.00	19620.72	    0.00	80379.28	    0.00	80379.28	0.000	1.206	1.026	14447.04	100		    0.00	    0.00	61924.83	18454.45	0.000	0.000
388.00	19620.72	    0.00	80379.28	    0.00	80379.28	0.000	1.206	1.026	14447.04	100		    0.00	    0.00	61924.83	18454.45	0.000	0.000
389.00	19620.72	    0.00	80379.28	    0.00	80379.28	0.000	1.206	1.026	14447.04	100		    0.00	    0.00	61924.83	18454.45	0.000	0.000
390.00	19620.72	    0.00	80379.28	    0.00	80379.28	0.000	1.206	1.026	14447.04	100		    0.00	    0.00	61924.83	18454.45	0.000	0.000
391.00	19620.72	    0.00	80379.28	    0.00	80379.28	0.000	1.206	1.026	14447.04	100		    0.00	    0.00	61924.83	18454.45	0.000	0.000
392.00	19620.72	    0.00	80379.28	    0.00	80379.28	0.000	1.206	1.026	14447.04	100		    0.00	    0.00	61924.83	18454.45	0.000	0.000
393.00	19620.72	    0.00	80379.28	    0.00	80379.28	0.000	1.206	1.026	14447.04	100		    0.00	    0.00	61924.83	18454.45	0.000	0.000
394.00	19620.72	    0.00	80379.28	    0.00	80379.28	0.000	1.206	1.026	14447.04	100		    0.00	    0.00	61924.83	18454.45	0.000	0.000
395.00	19620.72	    0.00	80379.28	    0.00	80379.28	0.000	1.206	1.026	14447.04	100		    0.00	    0.00	61924.83	18454.45	0.000	0.000
396.00	19620.72	    0.00	80379.28	    0.00	80379.28	0.000	1.206	1.026	14447.04	100		    0.00	    0.00	61924.83	18454.45	0.000	0.000
397.00	19620.72	    0.00	80379.28	    0.00	80379.28	0.000	1.206	1.026	14447.04	100		    0.00	    0.00	61924.83	18454.45	0.000	0.000
398.00	19620.72	    0.00	80379.28	    0.00	80379.28	0.000	1.206	1.026	14447.04	100		    0.00	    0.00	61924.83	18454.45	0.000	0.000
399.00	19620.72	    0.00	80379.28	    0.00	80379.28	0.000	1.206	1.026	14447.04	100		    0.00	    0.00	61924.83	18454.45	0.000	0.000
400.00	19620.72	    0.00	80379.28	    0.00	80379.28	0.000	1.206	1.026	14447.04	100		    0.00	    0.00	61924.83	18454.45	0.000	0.000
401.00	19620.72	    0.00	80379.28	    0.00	80379.28	0.000	1.206	1.026	14447.04	100		    0.00	    0.00	61924.83	18454.45	0.000	0.000
402.00	19620.72	    0.00	80379.28	    0.00	80379.28	0.000	1.206	1.026	14447.04	100		    0.00	    0.00	61924.83	18454.45	0.000	0.000
403.00	19620.72	    0.00	80379.28	    0.00	80379.28	0.000	1.206	1.026	14447.04	100		    0.00	    0.00	61924.83	18454.45	0.000	0.000
404.00	19620.72	    0.00	80379.28	    0.00	80379.28	0.000	1.206	1.026	14447.04	100		    0.00	    0.00	61924.83	18454.45	0.000	0.000
405.00	19620.72	    0.00	80379.28	    0.00	80379.28	0.000	1.206	1.026	14447.04	100		    0.00	    0.00	61924.83	18454.45	0.000	0.000
406.00	19620.72	    0.00	80379.28	    0.00	80379.28	0.000	1.206	1.026	14447.04	100		    0.00	    0.00	61924.83	18454.45	0.000	0.000
407.00	19620.72	    0.00	80379.28	    0.00	80379.28	0.000	1.206	1.026	14447.04	100		    0.00	    0.00	61924.83	18454.45	0.000	0.000
408.00	19620.72	    0.00	80379.28	    0.00	80379.28	0.000	1.206	1.026	14447.04	100		    0.00	    0.00	61924.83	18454.45	0.000	0.000
409.00	19620.72	    0.00	80379.28	    0.00	80379.28	0.000	1.206	1.026	14447.04	100		    0.00	    0.00	61924.83	18454.45	0.000	0.000
410.00	19620.72	    0.00	80379.28	    0.00	80379.28	0.000	1.206	1.026	14447.04	100		    0.00	    0.00	61924.83	18454.45	0.000	0.000
411.00	19620.72	    0.00	80379.28	    0.00	80379.28	0.000	1.206	1.026	14447.04	100		    0.00	    0.00	61924.83	18454.45	0.000	0.000
412.00	19620.72	    0.00	80379.28	    0.00	80379.28	0.000	1.206	1.026	14447.04	100		    0.00	    0.00	61924.83	18454.45	0.000	0.000
413.00	19620.72	    0.00	80379.28	    0.00	80379.28	0.000	1.206	1.026	14447.04	100		    0.00	    0.00	61924.83	18454.45	0.000	0.000
414.00	19620.72	    0.00	80379.28	    0.00	80379.28	0.000	1.206	1.026	14447.04	100		    0.00	    0.00	61924.83	18454.45	0.000	0.000
415.00	19620.72	    0.00	80379.28	    0.00	80379.28	0.000	1.206	1.026	14447.04	100		    0.00	    0.00	61924.83	18454.45	0.000	0.000
416.00	19620.72	    0.00	80379.28	    0.00	80379.28	0.000	1.206	1.026	14447.04	100		    0.00	    0.00	61924.83	18454.45	0.000	0.000
417.00	19620.72	    0.00	80379.28	    0.00	80379.28	0.000	1.206	1.026	14447.04	100		    0.00	    0.00	61924.83	18454.45	0.000	0.000
418.00	19620.72	    0.00	80379.28	    0.00	80379.28	0.000	1.206	1.026	14447.04	100		    0.00	    0.00	61924.83	18454.45	0.000	0.000
419.00	19620.72	    0.00	80379.28	    0.00	80379.28	0.000	1.206	1.026	14447.04	100		    0.00	    0.00	61924.83	18454.45	0.000	0.000
420.00	19620.72	    0.00	80379.28	    0.00	80379.28	0.000	1.206	1.026	14447.04	100		    0.00	    0.00	61924.83	18454.45	0.000	0.000
421.00	19620.72	    0.00	80379.28	    0.00	80379.28	0.000	1.206	1.026	14447.04	100		    0.00	    0.00	61924.83	18454.45	0.000	0.000
422.00	19620.72	    0.00	80379.28	    0.00	80379.28	0.000	1.206	1.026	14447.04	100		    0.00	    0.00	61924.83	18454.45	0.000	0.000
423.00	19620.72	    0.00	80379.28	    0.00	80379.28	0.000	1.206	1.026	14447.04	100		    0.00	    0.00	61924.83	18454.45	0.000	0.000
424.00	19620.72	    0.00	80379.28	    0.00	80379.28	0.000	1.206	1.026	14447.04	100		    0.00	    0.00	61924.83	18454.45	0.000	0.000
425.00	19620.72	    0.00	80379.28	    0.00	80379.28	0.000	1.206	1.026	14447.04	100		    0.00	    0.00	61924.83	18454.45	0.000	0.000
426.00	19620.72	    0.00	80379.28	    0.00	80379.28	0.000	1.206	1.026	14447.04	100		    0.00	    0.00	61924.83	18454.45	0.000	0.000
427.00	19620.72	    0.00	80379.28	    0.00	80379.28	0.000	1.206	1.026	14447.04	100		    0.00	    0.00	61924.83	18454.45	0.000	0.000
428.00	19620.72	    0.00	80379.28	    0.00	80379.28	0.000	1.206	1.026	14447.04	100		    0.00	    0.00	61924.83	18454.45	0.000	0.000
429.00	19620.72	    0.00	80379.28	    0.00	80379.28	0.000	1.206	1.026	14447.04	100		    0.00	    0.00	61924.83	18454.45	0.000	0.000
430.00	19620.72	    0.00	80379.28	    0.00	80379.28	0.000	1.206	1.026	14447.04	100		    0.00	    0.00	61924.83	18454.45	0.000	0.000
431.00	19620.72	    0.00	80379.28	    0.00	80379.28	0.000	1.206	1.026	14447.04	100		    0.00	    0.00	61924.83	18454.45	0.000	0.000
432.00	19620.72	    0.00	80379.28	    0.00	80379.28	0.000	1.206	1.026	14447.04	100		    0.00	    0.00	61924.83	18454.45	0.000	0.000
433.00	19620.72	    0.00	80379.28	    0.00	80379.28	0.000	1.206	1.026	14447.04	100		    0.00	    0.00	61924.83	18454.45	0.000	0.000
434.00	19620.72	    0.00	80379.28	    0.00	80379.28	0.000	1.206	1.026	14447.04	100		    0.00	    0.00	61924.83	18454.45	0.000	0.000
435.00	19620.72	    0.00	80379.28	    0.00	80379.28	0.000	1.206	1.026	14447.04	100		    0.00	    0.00	61924.83	18454.45	0.000	0.000
436.00	19620.72	    0.00	80379.28	    0.00	80379.28	0.000	1.206	1.026	14447.04	100		    0.00	    0.00	61924.83	18454.45	0.000	0.000
437.00	19620.72	    0.00	80379.28	    0.00	80379.28	0.000	1.206	1.026	14447.04	100		    0.00	    0.00	61924.83	18454.45	0.000	0.000
438.00	19620.72	    0.00	80379.28	    0.00	80379.28	0.000	1.206	1.026	14447.04	100		    0.00	    0.00	61924.83	18454.45	0.000	0.000
439.00	19620.72	    0.00	80379.28	    0.00	80379.28	0.000	1.206	1.026	14447.04	100		    0.00	    0.00	61924.83	18454.45	0.000	0.000
440.00	19620.72	    0.00	80379.28	    0.00	80379.28	0.000	1.206	1.026	14447.04	100		    0.00	    0.00	61924.83	18454.45	0.000	0.000
441.00	19620.72	    0.00	80379.28	    0.00	80379.28	0.000	1.206	1.026	14447.04	100		    0.00	    0.00	61924.83	18454.45	0.000	0.000
442.00	19620.72	    0.00	80379.28	    0.00	80379.28	0.000	1.206	1.026	14447.04	100		    0.00	    0.00	61924.83	18454.45	0.000	0.000
443.00	19620.72	    0.00	80379.28	    0.00	80379.28	0.000	1.206	1.026	14447.04	100		    0.00	    0.00	61924.83	18454.45	0.000	0.000
444.00	19620.72	    0.00	80379.28	    0.00	80379.28	0.000	1.206	1.026	14447.04	100		    0.00	    0.00	61924.83	18454.45	0.000	0.000
445.00	19620.72	    0.00	80379.28	    0.00	80379.28	0.000	1.206	1.026	14447.04	100		    0.00	    0.00	61924.83	18454.45	0.000	0.000
446.00	19620.72	    0.00	80379.28	    0.00	80379.28	0.000	1.206	1.026	14447.04	100		    0.00	    0.00	61924.83	18454.45	0.000	0.000
447.00	19620.72	    0.00	80379.28	    0.00	80379.28	0.000	1.206	1.026	14447.04	100		    0.00	    0.00	61924.83	18454.45	0.000	0.000
448.00	19620.72	    0.00	80379.28	    0.00	80379.28	0.000	1.206	1.026	14447.04	100		    0.00	    0.00	61924.83	18454.45	0.000	0.000
449.00	19620.72	    0.00	80379.28	    0.00	80379.28	0.000	1.206	1.026	14447.04	100		    0.00	    0.00	61924.83	18454.45	0.000	0.000
450.00	19620.72	    0.00	80379.28	    0.00	80379.28	0.000	1.206	1.026	14447.04	100		    0.00	    0.00	61924.83	18454.45	0.000	0.000
451.00	19620.72	    0.00	80379.28	    0.00	80379.28	0.000	1.206	1.026	14447.04	100		    0.00	    0.00	61924.83	18454.45	0.000	0.000
452.00	19620.72	    0.00	80379.28	    0.00	80379.28	0.000	1.206	1.026	14447.04	100		    0.00	    0.00	61924.83	18454.45	0.000	0.000
453.00	19620.72	    0.00	80379.28	    0.00	80379.28	0.000	1.206	1.026	14447.04	100		    0.00	    0.00	61924.83	18454.45	0.000	0.000
454.00	19620.72	    0.00	80379.28	    0.00	80379.28	0.000	1.206	1.026	14447.04	100		    0.00	    0.00	61924.83	18454.45	0.000	0.000
455.00	19620.72	    0.00	80379.28	    0.00	80379.28	0.000	1.206	1.026	14447.04	100		    0.00	    0.00	61924.83	18454.45	0.000	0.000
456.00	19620.72	    0.00	80379.28	    0.00	80379.28	0.000	1.206	1.026	14447.04	100		    0.00	    0.00	61924.83	18454.45	0.000	0.000
457.00	19620.72	    0.00	80379.28	    0.00	80379.28	0.000	1.206	1.026	14447.04	100		    0.00	    0.00	61924.83	18454.45	0.000	0.000
458.00	19620.72	    0.00	80379.28	    0.00	80379.28	0.000	1.206	1.026	14447.04	100		    0.00	    0.00	61924.83	18454.45	0.000	0.000
459.00	19620.72	    0.00	80379.28	    0.00	80379.28	0.000	1.206	1.026	14447.04	100		    0.00	    0.00	61924.83	18454.45	0.000	0.000
460.00	19620.72	    0.00	80379.28	    0.00	80379.28	0.000	1.206	1.026	14447.04	100		    0.00	    0.00	61924.83	18454.45	0.000	0.000
461.00	19620.72	    0.00	80379.28	    0.00	80379.28	0.000	1.206	1.026	14447.04	100		    0.00	    0.00	61924.83	18454.45	0.000	0.000
462.00	19620.72	    0.00	80379.28	    0.00	80379.28	0.000	1.206	1.026	14447.04	100		    0.00	    0.00	61924.83	18454.45	0.000	0.000
463.00	19620.72	    0.00	80379.28	    0.00	80379.28	0.000	1.206	1.026	14447.04	100		    0.00	    0.00	61924.83	18454.45	0.000	0.000
464.00	19620.72	    0.00	80379.28	    0.00	80379.28	0.000	1.206	1.026	14447.04	100		    0.00	    0.00	61924.83	18454.45	0.000	0.000
465.00	19620.72	    0.00	80379.28	    0.00	80379.28	0.000	1.206	1.026	14447.04	100		    0.00	    0.00	61924.83	18454.45	0.000	0.000
466.00	19620.72	    0.00	80379.28	    0.00	80379.28	0.000	1.206	1.026	14447.04	100		    0.00	    0.00	61924.83	18454.45	0.000	0.000
467.00	19620.72	    0.00	80379.28	    0.00	80379.28	0.000	1.206	1.026	14447.04	100		    0.00	    0.00	61924.83	18454.45	0.000	0.000
468.00	19620.72	    0.00	80379.28	    0.00	80379.28	0.000	1.206	1.026	14447.04	100		    0.00	    0.00	61924.83	18454.45	0.000	0.000
469.00	19620.72	    0.00	80379.28	    0.00	80379.28	0.000	1.206	1.026	14447.04	100		    0.00	    0.00	61924.83	18454.45	0.000	0.000
470.00	19620.72	    0.00	80379.28	    0.00	80379.28	0.000	1.206	1.026	14447.04	100		    0.00	    0.00	61924.83	18454.45	0.000	0.000
471.00	19620.72	    0.00	80379.28	    0.00	80379.28	0.000	1.206	1.026	14447.04	100		    0.00	    0.00	61924.83	18454.45	0.000	0.000
472.00	19620.72	    0.00	80379.28	    0.00	80379.28	0.000	1.206	1.026	14447.04	100		    0.00	    0.00	61924.83	18454.45	0.000	0.000
473.00	19620.72	    0.00	80379.28	    0.00	80379.28	0.000	1.206	1.026	14447.04	100		    0.00	    0.00	61924.83	18454.45	0.000	0.000
474.00	19620.72	    0.00	80379.28	    0.00	80379.28	0.000	1.206	1.026	14447.04	100		    0.00	    0.00	61924.83	18454.45	0.000	0.000
475.00	19620.72	    0.00	80379.28	    0.00	80379.28	0.000	1.206	1.026	14447.04	100		    0.00	    0.00	61924.83	18454.45	0.000	0.000
476.00	19620.72	    0.00	80379.28	    0.00	80379.28	0.000	1.206	1.026	14447.04	100		    0.00	    0.00	61924.83	18454.45	0.000	0.000
477.00	19620.72	    0.00	80379.28	    0.00	80379.28	0.000	1.206	1.026	14447.04	100		    0.00	    0.00	61924.83	18454.45	0.000	0.000
478.00	19620.72	    0.00	80379.28	    0.00	80379.28	0.000	1.206	1.026	14447.04	100		    0.00	    0.00	61924.83	18454.45	0.000	0.000
479.00	19620.72	    0.00	80379.28	    0.00	80379.28	0.000	1.206	1.026	14447.04	100		    0.00	    0.00	61924.83	18454.45	0.000	0.000
480.00	19620.72	    0.00	80379.28	    0.00	80379.28	0.000	1.206	1.026	14447.04	100		    0.00	    0.00	61924.83	18454.45	0.000	0.000
481.00	19620.72	    0.00	80379.28	    0.00	80379.28	0.000	1.206	1.026	14447.04	100		    0.00	    0.00	61924.83	18454.45	0.000	0.000
482.00	19620.72	    0.00	80379.28	    0.00	80379.28	0.000	1.206	1.026	14447.04	100		    0.00	    0.00	61924.83	18454.45	0.000	0.000
483.00	19620.72	    0.00	80379.28	    0.00	80379.28	0.000	1.206	1.026	14447.04	100		    0.00	    0.00	61924.83	18454.45	0.000	0.000
484.00	19620.72	    0.00	80379.28	    0.00	80379.28	0.000	1.206	1.026	14447.04	100		    0.00	    0.00	61924.83	18454.45	0.000	0.000
485.00	19620.72	    0.00	80379.28	    0.00	80379.28	0.000	1.206	1.026	14447.04	100		    0.00	    0.00	61924.83	18454.45	0.000	0.000
486.00	19620.72	    0.00	80379.28	    0.00	80379.28	0.000	1.206	1.026	14447.04	100		    0.00	    0.00	61924.83	18454.45	0.000	0.000
487.00	19620.72	    0.00	80379.28	    0.00	80379.28	0.000	1.206	1.026	14447.04	100		    0.00	    0.00	61924.83	18454.45	0.000	0.000
488.00	19620.72	    0.00	80379.28	    0.00	80379.28	0.000	1.206	1.026	14447.04	100		    0.00	    0.00	61924.83	18454.45	0.000	0.000
489.00	19620.72	    0.00	80379.28	    0.00	80379.28	0.000	1.206	1.026	14447.04	100		    0.00	    0.00	61924.83	18454.45	0.000	0.000
490.00	19620.72	    0.00	80379.28	    0.00	80379.28	0.000	1.206	1.026	14447.04	100		    0.00	    0.00	61924.83	18454.45	0.000	0.000
491.00	19620.72	    0.00	80379.28	    0.00	80379.28	0.000	1.206	1.026	14447.04	100		    0.00	    0.00	61924.83	18454.45	0.000	0.000
492.00	19620.72	    0.00	80379.28	    0.00	80379.28	0.000	1.206	1.026	14447.04	100		    0.00	    0.00	61924.83	18454.45	0.000	0.000
493.00	19620.72	    0.00	80379.28	    0.00	80379.28	0.000	1.206	1.026	14447.04	100		    0.00	    0.00	61924.83	18454.45	0.000	0.000
494.00	19620.72	    0.00	80379.28	    0.00	80379.28	0.000	1.206	1.026	14447.04	100		    0.00	    0.00	61924.83	18454.45	0.000	0.000
495.00	19620.72	    0.00	80379.28	    0.00	80379.28	0.000	1.206	1.026	14447.04	100		    0.00	    0.00	61924.83	18454.45	0.000	0.000
496.00	19620.72	    0.00	80379.28	    0.00	80379.28	0.000	1.206	1.026	14447.04	100		    0.00	    0.00	61924.83	18454.45	0.000	0.000
497.00	19620.72	    0.00	80379.28	    0.00	80379.28	0.000	1.206	1.026	14447.04	100		    0.00	    0.00	61924.83	18454.45	0.000	0.000
498.00	19620.72	    0.00	80379.28	    0.00	80379.28	0.000	1.206	1.026	14447.04	100		    0.00	    0.00	61924.83	18454.45	0.000	0.000
499.00	19620.72	    0.00	80379.28	    0.00	80379.28	0.000	1.206	1.026	14447.04	100		    0.00	    0.00	61924.83	18454.45	0.000	0.000
500.00	19620.72	    0.00	80379.28	    0.00	80379.28	0.000	1.206	1.026	14447.04	100		    0.00	    0.00	61924.83	18454.45	0.000	0.000
