0.00	99950.00	   50.00	    0.00	    0.00	   50.00	0.000	1.950	1.948	    0.13	  8	  0	    0.00	    0.00	   29.00	   21.00	0.000	0.000
1.00	99949.91	   50.09	    0.00	    0.09	   50.09	0.000	1.998	1.994	    0.16	 56	  8	    0.07	    0.02	   29.07	   21.02	0.800	0.200
2.00	99948.12	   51.21	    0.67	    1.83	   51.88	1.244	2.039	2.035	    0.16	 94	 56	    0.97	    0.86	   30.01	   21.87	0.529	0.471
3.00	99936.15	   59.40	    4.44	   12.06	   63.85	0.370	2.028	2.025	    0.19	 99	 94	    6.82	    5.24	   36.78	   27.07	0.565	0.435
4.00	99904.10	   85.22	   10.68	   32.19	   95.90	0.286	2.023	2.020	    0.33	100	 99	   18.60	   13.59	   55.30	   40.60	0.578	0.422
5.00	99860.08	  115.33	   24.59	   44.02	  139.92	0.337	2.012	2.008	    0.54	100	100	   25.27	   18.75	   80.57	   59.35	0.574	0.426
6.00	99805.56	  146.99	   47.45	   54.52	  194.44	0.273	2.016	2.011	    0.91	100	100	   31.50	   23.02	  112.07	   82.37	0.578	0.422
7.00	99735.33	  189.09	   75.58	   70.23	  264.67	0.247	2.020	2.014	    1.59	100	100	   40.49	   29.74	  152.56	  112.11	0.577	0.423
8.00	99643.21	  245.25	  111.54	   92.12	  356.79	0.256	1.998	1.992	    2.35	100	100	   52.54	   39.58	  205.10	  151.69	0.570	0.430
9.00	99526.48	  313.91	  159.61	  116.73	  473.52	0.253	1.993	1.985	    3.75	100	100	   67.40	   49.33	  272.50	  201.02	0.577	0.423
10.00	99376.24	  404.44	  219.32	  150.24	  623.76	0.250	1.993	1.984	    5.96	100	100	   87.51	   62.73	  360.01	  263.75	0.582	0.418
11.00	99183.06	  519.14	  297.80	  193.18	  816.94	0.252	1.988	1.976	    9.77	100	100	  112.25	   80.93	  472.26	  344.68	0.581	0.419
12.00	98938.74	  661.80	  399.46	  244.32	 1061.26	0.246	1.984	1.969	   16.12	100	100	  140.69	  103.63	  612.95	  448.31	0.576	0.424
13.00	98623.78	  848.32	  527.90	  314.96	 1376.22	0.246	1.982	1.963	   26.52	100	100	  181.72	  133.24	  794.67	  581.55	0.577	0.423
14.00	98224.53	 1081.46	  694.01	  399.25	 1775.47	0.246	1.977	1.952	   43.97	100	100	  232.63	  166.62	 1027.30	  748.17	0.583	0.417
15.00	97715.68	 1377.34	  906.98	  508.85	 2284.32	0.242	1.972	1.941	   70.86	100	100	  295.91	  212.94	 1323.21	  961.11	0.582	0.418
16.00	97067.57	 1756.14	 1176.29	  648.11	 2932.43	0.242	1.963	1.924	  113.51	100	100	  380.60	  267.51	 1703.81	 1228.62	0.587	0.413
17.00	96250.27	 2224.68	 1525.05	  817.30	 3749.73	0.240	1.954	1.906	  182.59	100	100	  478.15	  339.15	 2181.96	 1567.77	0.585	0.415
18.00	95229.13	 2803.17	 1967.70	 1021.14	 4770.87	0.234	1.941	1.881	  286.43	100	100	  600.22	  420.92	 2782.18	 1988.69	0.588	0.412
19.00	93951.97	 3513.51	 2534.52	 1277.16	 6048.03	0.229	1.923	1.850	  445.65	100	100	  754.69	  522.47	 3536.87	 2511.16	0.591	0.409
20.00	92371.79	 4373.80	 3254.41	 1580.18	 7628.21	0.222	1.904	1.815	  679.65	100	100	  941.14	  639.04	 4478.01	 3150.20	0.596	0.404
21.00	90440.40	 5389.34	 4170.26	 1931.39	 9559.60	0.214	1.881	1.774	 1021.77	100	100	 1162.48	  768.91	 5640.49	 3919.11	0.602	0.398
22.00	88115.62	 6557.91	 5326.47	 2324.78	11884.38	0.203	1.853	1.727	 1488.62	100	100	 1411.10	  913.68	 7051.59	 4832.79	0.607	0.393
23.00	85349.10	 7882.63	 6768.27	 2766.52	14650.90	0.190	1.819	1.675	 2119.97	100	100	 1707.56	 1058.96	 8759.15	 5891.75	0.617	0.383
24.00	82128.36	 9312.29	 8559.35	 3220.74	17871.64	0.175	1.782	1.617	 2934.99	100	100	 2021.35	 1199.39	10780.50	 7091.14	0.628	0.372
25.00	78455.13	10800.68	10744.19	 3673.23	21544.87	0.157	1.739	1.557	 3926.71	100	100	 2348.95	 1324.28	13129.45	 8415.42	0.639	0.361
26.00	74354.94	12249.32	13395.74	 4100.19	25645.06	0.137	1.691	1.493	 5076.93	100	100	 2670.91	 1429.28	15800.36	 9844.70	0.651	0.349
27.00	69930.36	13510.20	16559.44	 4424.58	30069.64	0.112	1.640	1.429	 6323.48	100	100	 2952.15	 1472.43	18752.51	11317.13	0.667	0.333
28.00	65330.97	14429.71	20239.32	 4599.39	34669.03	0.082	1.587	1.368	 7595.30	100	100	 3152.47	 1446.92	21904.98	12764.05	0.685	0.315
29.00	60596.01	15011.99	24392.00	 4734.96	39403.99	0.053	1.534	1.310	 8830.91	100	100	 3329.54	 1405.42	25234.52	14169.47	0.703	0.297
30.00	56011.65	14967.35	29021.00	 4584.36	43988.35	0.018	1.483	1.258	 9931.17	100	100	 3315.82	 1268.54	28550.34	15438.01	0.723	0.277
31.00	51645.72	14459.81	33894.47	 4365.93	48354.28	-0.019	1.436	1.211	10863.91	100	100	 3239.92	 1126.01	31790.26	16564.02	0.742	0.258
32.00	47630.15	13474.19	38895.66	 4015.57	52369.85	-0.053	1.392	1.171	11607.55	100	100	 3056.83	  958.74	34847.09	17522.76	0.761	0.239
33.00	44056.24	12112.90	43830.86	 3573.91	55943.76	-0.089	1.354	1.136	12169.35	100	100	 2784.49	  789.42	37631.58	18312.18	0.779	0.221
34.00	40951.88	10555.43	48492.69	 3104.36	59048.12	-0.122	1.321	1.108	12573.61	100	100	 2472.15	  632.21	40103.73	18944.39	0.796	0.204
35.00	38322.95	 8930.53	52746.52	 2628.93	61677.05	-0.152	1.294	1.085	12855.28	100	100	 2131.38	  497.55	42235.11	19441.94	0.811	0.189
36.00	36140.85	 7370.11	56489.04	 2182.10	63859.15	-0.180	1.271	1.067	13042.53	100	100	 1791.66	  390.44	44026.77	19832.38	0.821	0.179
37.00	34358.13	 5968.39	59673.48	 1782.72	65641.87	-0.201	1.252	1.052	13165.91	100	100	 1483.32	  299.40	45510.09	20131.78	0.832	0.168
38.00	32914.08	 4760.63	62325.29	 1444.05	67085.92	-0.219	1.237	1.040	13243.68	100	100	 1215.26	  228.79	46725.35	20360.57	0.842	0.158
39.00	31767.56	 3741.70	64490.74	 1146.52	68232.44	-0.233	1.226	1.031	13292.64	100	100	  971.79	  174.73	47697.14	20535.30	0.848	0.152
40.00	30858.36	 2924.16	66217.48	  909.20	69141.64	-0.244	1.216	1.024	13322.92	100	100	  775.61	  133.59	48472.75	20668.89	0.853	0.147
41.00	30145.87	 2266.80	67587.33	  712.49	69854.13	-0.251	1.209	1.018	13341.38	100	100	  611.77	  100.72	49084.52	20769.61	0.859	0.141
42.00	29589.72	 1751.26	68659.02	  556.15	70410.28	-0.256	1.203	1.014	13352.38	100	100	  477.90	   78.25	49562.42	20847.86	0.859	0.141
43.00	29156.20	 1351.60	69492.20	  433.52	70843.80	-0.259	1.199	1.010	13359.40	100	100	  374.04	   59.48	49936.46	20907.34	0.863	0.137
44.00	28819.69	 1038.81	70141.50	  336.51	71180.31	-0.261	1.196	1.008	13363.33	100	100	  291.39	   45.12	50227.85	20952.46	0.866	0.134
45.00	28561.19	  796.26	70642.55	  258.50	71438.81	-0.265	1.193	1.006	13365.66	100	100	  223.93	   34.57	50451.78	20987.03	0.866	0.134
46.00	28360.36	  612.42	71027.22	  200.83	71639.64	-0.264	1.191	1.004	13367.02	100	100	  173.91	   26.92	50625.69	21013.95	0.866	0.134
47.00	28208.71	  465.68	71325.61	  151.65	71791.29	-0.268	1.189	1.003	13367.95	100	100	  131.73	   19.92	50757.42	21033.87	0.869	0.131
48.00	28091.36	  357.46	71551.18	  117.35	71908.64	-0.269	1.188	1.002	13368.41	100	100	  102.08	   15.27	50859.50	21049.14	0.870	0.130
49.00	28002.45	  271.38	71726.17	   88.91	71997.55	-0.270	1.187	1.002	13368.83	100	100	   77.13	   11.78	50936.63	21060.92	0.868	0.132
50.00	27932.44	  209.43	71858.13	   70.01	72067.56	-0.267	1.187	1.001	13369.05	100	100	   60.94	    9.07	50997.57	21069.99	0.870	0.130
51.00	27878.92	  159.64	71961.44	   53.52	72121.08	-0.265	1.186	1.001	13369.17	100	100	   46.46	    7.06	51044.03	21077.05	0.868	0.132
52.00	27838.96	  120.70	72040.34	   39.96	72161.04	-0.276	1.186	1.000	13369.25	100	100	   34.97	    4.99	51079.00	21082.04	0.875	0.125
53.00	27808.14	   92.92	72098.94	   30.82	72191.86	-0.271	1.185	1.000	13369.27	100	100	   27.12	    3.70	51106.12	21085.74	0.880	0.120
54.00	27784.30	   71.69	72144.01	   23.84	72215.70	-0.260	1.185	1.000	13369.27	100	100	   20.99	    2.85	51127.11	21088.59	0.880	0.120
55.00	27766.16	   55.21	72178.63	   18.14	72233.84	-0.260	1.185	1.000	13369.28	100	100	   15.56	    2.58	51142.67	21091.17	0.858	0.142
56.00	27751.82	   42.70	72205.48	   14.34	72248.18	-0.259	1.185	1.000	13369.30	100	100	   12.67	    1.67	51155.34	21092.84	0.884	0.116
57.00	27741.12	   32.14	72226.74	   10.70	72258.88	-0.271	1.185	1.000	13369.30	100	100	    9.26	    1.44	51164.60	21094.28	0.865	0.135
58.00	27733.18	   24.33	72242.49	    7.94	72266.82	-0.281	1.185	1.000	13369.31	100	100	    6.80	    1.14	51171.40	21095.42	0.856	0.144
59.00	27726.54	   19.37	72254.09	    6.64	72273.46	-0.253	1.184	0.999	13369.32	100	100	    5.88	    0.76	51177.28	21096.18	0.886	0.114
60.00	27721.76	   14.29	72263.95	    4.78	72278.24	-0.266	1.184	0.999	13369.32	100	100	    4.14	    0.64	51181.42	21096.82	0.866	0.134
61.00	27718.35	   10.69	72270.96	    3.41	72281.65	-0.297	1.184	0.999	13369.32	100	100	    2.98	    0.43	51184.40	21097.25	0.874	0.126
62.00	27715.18	    8.94	72275.88	    3.17	72284.82	-0.235	1.184	0.999	13369.32	100	100	    2.80	    0.37	51187.20	21097.62	0.883	0.117
63.00	27713.24	    6.03	72280.73	    1.94	72286.76	-0.286	1.184	0.999	13369.32	100	100	    1.69	    0.25	51188.89	21097.87	0.871	0.129
64.00	27711.63	    4.92	72283.45	    1.61	72288.37	-0.299	1.184	0.999	13369.32	100	100	    1.43	    0.18	51190.32	21098.05	0.888	0.112
65.00	27710.32	    3.86	72285.82	    1.31	72289.68	-0.223	1.184	0.999	13369.32	100	100	    1.14	    0.17	51191.46	21098.22	0.870	0.130
66.00	27709.27	    3.02	72287.71	    1.05	72290.73	-0.244	1.184	0.999	13369.32	100	100	    0.94	    0.11	51192.40	21098.33	0.895	0.105
67.00	27708.56	    2.25	72289.19	    0.71	72291.44	-0.270	1.184	0.999	13369.32	100	100	    0.60	    0.11	51193.00	21098.44	0.845	0.155
68.00	27707.97	    1.86	72290.17	    0.59	72292.03	-0.242	1.184	0.999	13369.32	100	100	    0.49	    0.10	51193.49	21098.54	0.831	0.169
69.00	27707.38	    1.70	72290.92	    0.59	72292.62	-0.140	1.184	0.999	13369.32	100	100	    0.48	    0.11	51193.97	21098.65	0.814	0.186
70.00	27706.94	    1.36	72291.70	    0.44	72293.06	-0.157	1.184	0.999	13369.32	100	100	    0.41	    0.03	51194.38	21098.68	0.932	0.068
71.00	27706.57	    1.12	72292.31	    0.37	72293.43	-0.209	1.184	0.999	13369.32	100	100	    0.29	    0.08	51194.67	21098.76	0.784	0.216
72.00	27706.21	    1.05	72292.74	    0.36	72293.79	-0.129	1.184	0.999	13369.32	100	100	    0.32	    0.04	51194.99	21098.80	0.889	0.111
73.00	27705.98	    0.68	72293.34	    0.23	72294.02	-0.249	1.184	0.999	13369.32	100	100	    0.18	    0.05	51195.17	21098.85	0.783	0.217
74.00	27705.76	    0.55	72293.69	    0.22	72294.24	-0.323	1.184	0.999	13369.32	100	100	    0.18	    0.04	51195.35	21098.89	0.818	0.182
75.00	27705.66	    0.28	72294.06	    0.10	72294.34	-0.444	1.184	0.999	13369.32	100	100	    0.08	    0.02	51195.43	21098.91	0.800	0.200
76.00	27705.57	    0.23	72294.20	    0.09	72294.43	-0.436	1.184	0.999	13369.32	100	100	    0.09	    0.00	51195.52	21098.91	1.000	0.000
77.00	27705.47	    0.20	72294.33	    0.10	72294.53	-0.168	1.184	0.999	13369.32	100	100	    0.09	    0.01	51195.61	21098.92	0.900	0.100
78.00	27705.47	    0.08	72294.45	    0.00	72294.53	-0.528	1.184	0.999	13369.32	100	100	    0.00	    0.00	51195.61	21098.92	0.000	0.000
79.00	27705.43	    0.12	72294.45	    0.04	72294.57	-0.255	1.184	0.999	13369.32	100	100	    0.02	    0.02	51195.63	21098.94	0.500	0.500
80.00	27705.39	    0.10	72294.51	    0.04	72294.61	0.112	1.184	0.999	13369.32	100	100	    0.03	    0.01	51195.66	21098.95	0.750	0.250
81.00	27705.38	    0.06	72294.56	    0.01	72294.62	-0.347	1.184	0.999	13369.32	100	100	    0.00	    0.01	51195.66	21098.96	0.000	1.000
82.00	27705.33	    0.10	72294.57	    0.05	72294.67	0.000	1.184	0.999	13369.32	100	100	    0.04	    0.01	51195.70	21098.97	0.800	0.200
83.00	27705.31	    0.08	72294.61	    0.02	72294.69	0.144	1.184	0.999	13369.32	100	100	    0.02	    0.00	51195.72	21098.97	1.000	0.000
84.00	27705.29	    0.06	72294.65	    0.02	72294.71	-0.255	1.184	0.999	13369.32	100	100	    0.01	    0.01	51195.73	21098.98	0.500	0.500
85.00	27705.26	    0.06	72294.68	    0.03	72294.74	-0.144	1.184	0.999	13369.32	100	100	    0.03	    0.00	51195.76	21098.98	1.000	0.000
86.00	27705.26	    0.04	72294.70	    0.00	72294.74	-0.203	1.184	0.999	13369.32	100	100	    0.00	    0.00	51195.76	21098.98	0.000	0.000
87.00	27705.25	    0.05	72294.70	    0.01	72294.75	-0.091	1.184	0.999	13369.32	100	100	    0.01	    0.00	51195.77	21098.98	1.000	0.000
88.00	27705.24	    0.05	72294.71	    0.01	72294.76	0.112	1.184	0.999	13369.32	100	100	    0.01	    0.00	51195.78	21098.98	1.000	0.000
89.00	27705.21	    0.06	72294.73	    0.03	72294.79	0.091	1.184	0.999	13369.32	100	100	    0.02	    0.01	51195.80	21098.99	0.667	0.333
90.00	27705.21	    0.00	72294.79	    0.00	72294.79	-0.805	1.184	0.999	13369.32	100	100	    0.00	    0.00	51195.80	21098.99	0.000	0.000
91.00	27705.21	    0.00	72294.79	    0.00	72294.79	-0.896	1.184	0.999	13369.32	100	100	    0.00	    0.00	51195.80	21098.99	0.000	0.000
92.00	27705.21	    0.00	72294.79	    0.00	72294.79	0.000	1.184	0.999	13369.32	100	100	    0.00	    0.00	51195.80	21098.99	0.000	0.000
93.00	27705.21	    0.00	72294.79	    0.00	72294.79	0.000	1.184	0.999	13369.32	100	100	    0.00	    0.00	51195.80	21098.99	0.000	0.000
94.00	27705.21	    0.00	72294.79	    0.00	72294.79	0.000	1.184	0.999	13369.32	100	100	    0.00	    0.00	51195.80	21098.99	0.000	0.000
95.00	27705.21	    0.00	72294.79	    0.00	72294.79	0.000	1.184	0.999	13369.32	100	100	    0.00	    0.00	51195.80	21098.99	0.000	0.000
96.00	27705.21	    0.00	72294.79	    0.00	72294.79	0.000	1.184	0.999	13369.32	100	100	    0.00	    0.00	51195.80	21098.99	0.000	0.000
97.00	27705.21	    0.00	72294.79	    0.00	72294.79	0.000	1.184	0.999	13369.32	100	100	    0.00	    0.00	51195.80	21098.99	0.000	0.000
98.00	27705.21	    0.00	72294.79	    0.00	72294.79	0.000	1.184	0.999	13369.32	100	100	    0.00	    0.00	51195.80	21098.99	0.000	0.000
99.00	27705.21	    0.00	72294.79	    0.00	72294.79	0.000	1.184	0.999	13369.32	100	100	    0.00	    0.00	51195.80	21098.99	0.000	0.000
100.00	27705.21	    0.00	72294.79	    0.00	72294.79	0.000	1.184	0.999	13369.32	100	100	    0.00	    0.00	51195.80	21098.99	0.000	0.000
101.00	27705.21	    0.00	72294.79	    0.00	72294.79	0.000	1.184	0.999	13369.32	100	100	    0.00	    0.00	51195.80	21098.99	0.000	0.000
102.00	27705.21	    0.00	72294.79	    0.00	72294.79	0.000	1.184	0.999	13369.32	100	100	    0.00	    0.00	51195.80	21098.99	0.000	0.000
103.00	27705.21	    0.00	72294.79	    0.00	72294.79	0.000	1.184	0.999	13369.32	100	100	    0.00	    0.00	51195.80	21098.99	0.000	0.000
104.00	27705.21	    0.00	72294.79	    0.00	72294.79	0.000	1.184	0.999	13369.32	100	100	    0.00	    0.00	51195.80	21098.99	0.000	0.000
105.00	27705.21	    0.00	72294.79	    0.00	72294.79	0.000	1.184	0.999	13369.32	100	100	    0.00	    0.00	51195.80	21098.99	0.000	0.000
106.00	27705.21	    0.00	72294.79	    0.00	72294.79	0.000	1.184	0.999	13369.32	100	100	    0.00	    0.00	51195.80	21098.99	0.000	0.000
107.00	27705.21	    0.00	72294.79	    0.00	72294.79	0.000	1.184	0.999	13369.32	100	100	    0.00	    0.00	51195.80	21098.99	0.000	0.000
108.00	27705.21	    0.00	72294.79	    0.00	72294.79	0.000	1.184	0.999	13369.32	100	100	    0.00	    0.00	51195.80	21098.99	0.000	0.000
109.00	27705.21	    0.00	72294.79	    0.00	72294.79	0.000	1.184	0.999	13369.32	100	100	    0.00	    0.00	51195.80	21098.99	0.000	0.000
110.00	27705.21	    0.00	72294.79	    0.00	72294.79	0.000	1.184	0.999	13369.32	100	100	    0.00	    0.00	51195.80	21098.99	0.000	0.000
111.00	27705.21	    0.00	72294.79	    0.00	72294.79	0.000	1.184	0.999	13369.32	100	100	    0.00	    0.00	51195.80	21098.99	0.000	0.000
112.00	27705.21	    0.00	72294.79	    0.00	72294.79	0.000	1.184	0.999	13369.32	100	100	    0.00	    0.00	51195.80	21098.99	0.000	0.000
113.00	27705.21	    0.00	72294.79	    0.00	72294.79	0.000	1.184	0.999	13369.32	100	100	    0.00	    0.00	51195.80	21098.99	0.000	0.000
114.00	27705.21	    0.00	72294.79	    0.00	72294.79	0.000	1.184	0.999	13369.32	100	100	    0.00	    0.00	51195.80	21098.99	0.000	0.000
115.00	27705.21	    0.00	72294.79	    0.00	72294.79	0.000	1.184	0.999	13369.32	100	100	    0.00	    0.00	51195.80	21098.99	0.000	0.000
116.00	27705.21	    0.00	72294.79	    0.00	72294.79	0.000	1.184	0.999	13369.32	100	100	    0.00	    0.00	51195.80	21098.99	0.000	0.000
117.00	27705.21	    0.00	72294.79	    0.00	72294.79	0.000	1.184	0.999	13369.32	100	100	    0.00	    0.00	51195.80	21098.99	0.000	0.000
118.00	27705.21	    0.00	72294.79	    0.00	72294.79	0.000	1.184	0.999	13369.32	100	100	    0.00	    0.00	51195.80	21098.99	0.000	0.000
119.00	27705.21	    0.00	72294.79	    0.00	72294.79	0.000	1.184	0.999	13369.32	100	100	    0.00	    0.00	51195.80	21098.99	0.000	0.000
120.00	27705.21	    0.00	72294.79	    0.00	72294.79	0.000	1.184	0.999	13369.32	100	100	    0.00	    0.00	51195.80	21098.99	0.000	0.000
121.00	27705.21	    0.00	72294.79	    0.00	72294.79	0.000	1.184	0.999	13369.32	100	100	    0.00	    0.00	51195.80	21098.99	0.000	0.000
122.00	27705.21	    0.00	72294.79	    0.00	72294.79	0.000	1.184	0.999	13369.32	100	100	    0.00	    0.00	51195.80	21098.99	0.000	0.000
123.00	27705.21	    0.00	72294.79	    0.00	72294.79	0.000	1.184	0.999	13369.32	100	100	    0.00	    0.00	51195.80	21098.99	0.000	0.000
124.00	27705.21	    0.00	72294.79	    0.00	72294.79	0.000	1.184	0.999	13369.32	100	100	    0.00	    0.00	51195.80	21098.99	0.000	0.000
125.00	27705.21	    0.00	72294.79	    0.00	72294.79	0.000	1.184	0.999	13369.32	100	100	    0.00	    0.00	51195.80	21098.99	0.000	0.000
126.00	27705.21	    0.00	72294.79	    0.00	72294.79	0.000	1.184	0.999	13369.32	100	100	    0.00	    0.00	51195.80	21098.99	0.000	0.000
127.00	27705.21	    0.00	72294.79	    0.00	72294.79	0.000	1.184	0.999	13369.32	100	100	    0.00	    0.00	51195.80	21098.99	0.000	0.000
128.00	27705.21	    0.00	72294.79	    0.00	72294.79	0.000	1.184	0.999	13369.32	100	100	    0.00	    0.00	51195.80	21098.99	0.000	0.000
129.00	27705.21	    0.00	72294.79	    0.00	72294.79	0.000	1.184	0.999	13369.32	100	100	    0.00	    0.00	51195.80	21098.99	0.000	0.000
130.00	27705.21	    0.00	72294.79	    0.00	72294.79	0.000	1.184	0.999	13369.32	100	100	    0.00	    0.00	51195.80	21098.99	0.000	0.000
131.00	27705.21	    0.00	72294.79	    0.00	72294.79	0.000	1.184	0.999	13369.32	100	100	    0.00	    0.00	51195.80	21098.99	0.000	0.000
132.00	27705.21	    0.00	72294.79	    0.00	72294.79	0.000	1.184	0.999	13369.32	100	100	    0.00	    0.00	51195.80	21098.99	0.000	0.000
133.00	27705.21	    0.00	72294.79	    0.00	72294.79	0.000	1.184	0.999	13369.32	100	100	    0.00	    0.00	51195.80	21098.99	0.000	0.000
134.00	27705.21	    0.00	72294.79	    0.00	72294.79	0.000	1.184	0.999	13369.32	100	100	    0.00	    0.00	51195.80	21098.99	0.000	0.000
135.00	27705.21	    0.00	72294.79	    0.00	72294.79	0.000	1.184	0.999	13369.32	100	100	    0.00	    0.00	51195.80	21098.99	0.000	0.000
136.00	27705.21	    0.00	72294.79	    0.00	72294.79	0.000	1.184	0.999	13369.32	100	100	    0.00	    0.00	51195.80	21098.99	0.000	0.000
137.00	27705.21	    0.00	72294.79	    0.00	72294.79	0.000	1.184	0.999	13369.32	100	100	    0.00	    0.00	51195.80	21098.99	0.000	0.000
138.00	27705.21	    0.00	72294.79	    0.00	72294.79	0.000	1.184	0.999	13369.32	100	100	    0.00	    0.00	51195.80	21098.99	0.000	0.000
139.00	27705.21	    0.00	72294.79	    0.00	72294.79	0.000	1.184	0.999	13369.32	100	100	    0.00	    0.00	51195.80	21098.99	0.000	0.000
140.00	27705.21	    0.00	72294.79	    0.00	72294.79	0.000	1.184	0.999	13369.32	100	100	    0.00	    0.00	51195.80	21098.99	0.000	0.000
141.00	27705.21	    0.00	72294.79	    0.00	72294.79	0.000	1.184	0.999	13369.32	100	100	    0.00	    0.00	51195.80	21098.99	0.000	0.000
142.00	27705.21	    0.00	72294.79	    0.00	72294.79	0.000	1.184	0.999	13369.32	100	100	    0.00	    0.00	51195.80	21098.99	0.000	0.000
143.00	27705.21	    0.00	72294.79	    0.00	72294.79	0.000	1.184	0.999	13369.32	100	100	    0.00	    0.00	51195.80	21098.99	0.000	0.000
144.00	27705.21	    0.00	72294.79	    0.00	72294.79	0.000	1.184	0.999	13369.32	100	100	    0.00	    0.00	51195.80	21098.99	0.000	0.000
145.00	27705.21	    0.00	72294.79	    0.00	72294.79	0.000	1.184	0.999	13369.32	100	100	    0.00	    0.00	51195.80	21098.99	0.000	0.000
146.00	27705.21	    0.00	72294.79	    0.00	72294.79	0.000	1.184	0.999	13369.32	100	100	    0.00	    0.00	51195.80	21098.99	0.000	0.000
147.00	27705.21	    0.00	72294.79	    0.00	72294.79	0.000	1.184	0.999	13369.32	100	100	    0.00	    0.00	51195.80	21098.99	0.000	0.000
148.00	27705.21	    0.00	72294.79	    0.00	72294.79	0.000	1.184	0.999	13369.32	100	100	    0.00	    0.00	51195.80	21098.99	0.000	0.000
149.00	27705.21	    0.00	72294.79	    0.00	72294.79	0.000	1.184	0.999	13369.32	100	100	    0.00	    0.00	51195.80	21098.99	0.000	0.000
150.00	27705.21	    0.00	72294.79	    0.00	72294.79	0.000	1.184	0.999	13369.32	100	100	    0.00	    0.00	51195.80	21098.99	0.000	0.000
151.00	27705.21	    0.00	72294.79	    0.00	72294.79	0.000	1.184	0.999	13369.32	100	100	    0.00	    0.00	51195.80	21098.99	0.000	0.000
152.00	27705.21	    0.00	72294.79	    0.00	72294.79	0.000	1.184	0.999	13369.32	100	100	    0.00	    0.00	51195.80	21098.99	0.000	0.000
153.00	27705.21	    0.00	72294.79	    0.00	72294.79	0.000	1.184	0.999	13369.32	100	100	    0.00	    0.00	51195.80	21098.99	0.000	0.000
154.00	27705.21	    0.00	72294.79	    0.00	72294.79	0.000	1.184	0.999	13369.32	100	100	    0.00	    0.00	51195.80	21098.99	0.000	0.000
155.00	27705.21	    0.00	72294.79	    0.00	72294.79	0.000	1.184	0.999	13369.32	100	100	    0.00	    0.00	51195.80	21098.99	0.000	0.000
156.00	27705.21	    0.00	72294.79	    0.00	72294.79	0.000	1.184	0.999	13369.32	100	100	    0.00	    0.00	51195.80	21098.99	0.000	0.000
157.00	27705.21	    0.00	72294.79	    0.00	72294.79	0.000	1.184	0.999	13369.32	100	100	    0.00	    0.00	51195.80	21098.99	0.000	0.000
158.00	27705.21	    0.00	72294.79	    0.00	72294.79	0.000	1.184	0.999	13369.32	100	100	    0.00	    0.00	51195.80	21098.99	0.000	0.000
159.00	27705.21	    0.00	72294.79	    0.00	72294.79	0.000	1.184	0.999	13369.32	100	100	    0.00	    0.00	51195.80	21098.99	0.000	0.000
160.00	27705.21	    0.00	72294.79	    0.00	72294.79	0.000	1.184	0.999	13369.32	100	100	    0.00	    0.00	51195.80	21098.99	0.000	0.000
161.00	27705.21	    0.00	72294.79	    0.00	72294.79	0.000	1.184	0.999	13369.32	100	100	    0.00	    0.00	51195.80	21098.99	0.000	0.000
162.00	27705.21	    0.00	72294.79	    0.00	72294.79	0.000	1.184	0.999	13369.32	100	100	    0.00	    0.00	51195.80	21098.99	0.000	0.000
163.00	27705.21	    0.00	72294.79	    0.00	72294.79	0.000	1.184	0.999	13369.32	100	100	    0.00	    0.00	51195.80	21098.99	0.000	0.000
164.00	27705.21	    0.00	72294.79	    0.00	72294.79	0.000	1.184	0.999	13369.32	100	100	    0.00	    0.00	51195.80	21098.99	0.000	0.000
165.00	27705.21	    0.00	72294.79	    0.00	72294.79	0.000	1.184	0.999	13369.32	100	100	    0.00	    0.00	51195.80	21098.99	0.000	0.000
166.00	27705.21	    0.00	72294.79	    0.00	72294.79	0.000	1.184	0.999	13369.32	100	100	    0.00	    0.00	51195.80	21098.99	0.000	0.000
167.00	27705.21	    0.00	72294.79	    0.00	72294.79	0.000	1.184	0.999	13369.32	100	100	    0.00	    0.00	51195.80	21098.99	0.000	0.000
168.00	27705.21	    0.00	72294.79	    0.00	72294.79	0.000	1.184	0.999	13369.32	100	100	    0.00	    0.00	51195.80	21098.99	0.000	0.000
169.00	27705.21	    0.00	72294.79	    0.00	72294.79	0.000	1.184	0.999	13369.32	100	100	    0.00	    0.00	51195.80	21098.99	0.000	0.000
170.00	27705.21	    0.00	72294.79	    0.00	72294.79	0.000	1.184	0.999	13369.32	100	100	    0.00	    0.00	51195.80	21098.99	0.000	0.000
171.00	27705.21	    0.00	72294.79	    0.00	72294.79	0.000	1.184	0.999	13369.32	100	100	    0.00	    0.00	51195.80	21098.99	0.000	0.000
172.00	27705.21	    0.00	72294.79	    0.00	72294.79	0.000	1.184	0.999	13369.32	100	100	    0.00	    0.00	51195.80	21098.99	0.000	0.000
173.00	27705.21	    0.00	72294.79	    0.00	72294.79	0.000	1.184	0.999	13369.32	100	100	    0.00	    0.00	51195.80	21098.99	0.000	0.000
174.00	27705.21	    0.00	72294.79	    0.00	72294.79	0.000	1.184	0.999	13369.32	100	100	    0.00	    0.00	51195.80	21098.99	0.000	0.000
175.00	27705.21	    0.00	72294.79	    0.00	72294.79	0.000	1.184	0.999	13369.32	100	100	    0.00	    0.00	51195.80	21098.99	0.000	0.000
176.00	27705.21	    0.00	72294.79	    0.00	72294.79	0.000	1.184	0.999	13369.32	100	100	    0.00	    0.00	51195.80	21098.99	0.000	0.000
177.00	27705.21	    0.00	72294.79	    0.00	72294.79	0.000	1.184	0.999	13369.32	100	100	    0.00	    0.00	51195.80	21098.99	0.000	0.000
178.00	27705.21	    0.00	72294.79	    0.00	72294.79	0.000	1.184	0.999	13369.32	100	100	    0.00	    0.00	51195.80	21098.99	0.000	0.000
179.00	27705.21	    0.00	72294.79	    0.00	72294.79	0.000	1.184	0.999	13369.32	100	100	    0.00	    0.00	51195.80	21098.99	0.000	0.000
180.00	27705.21	    0.00	72294.79	    0.00	72294.79	0.000	1.184	0.999	13369.32	100	100	    0.00	    0.00	51195.80	21098.99	0.000	0.000
181.00	27705.21	    0.00	72294.79	    0.00	72294.79	0.000	1.184	0.999	13369.32	100	100	    0.00	    0.00	51195.80	21098.99	0.000	0.000
182.00	27705.21	    0.00	72294.79	    0.00	72294.79	0.000	1.184	0.999	13369.32	100	100	    0.00	    0.00	51195.80	21098.99	0.000	0.000
183.00	27705.21	    0.00	72294.79	    0.00	72294.79	0.000	1.184	0.999	13369.32	100	100	    0.00	    0.00	51195.80	21098.99	0.000	0.000
184.00	27705.21	    0.00	72294.79	    0.00	72294.79	0.000	1.184	0.999	13369.32	100	100	    0.00	    0.00	51195.80	21098.99	0.000	0.000
185.00	27705.21	    0.00	72294.79	    0.00	72294.79	0.000	1.184	0.999	13369.32	100	100	    0.00	    0.00	51195.80	21098.99	0.000	0.000
186.00	27705.21	    0.00	72294.79	    0.00	72294.79	0.000	1.184	0.999	13369.32	100	100	    0.00	    0.00	51195.80	21098.99	0.000	0.000
187.00	27705.21	    0.00	72294.79	    0.00	72294.79	0.000	1.184	0.999	13369.32	100	100	    0.00	    0.00	51195.80	21098.99	0.000	0.000
188.00	27705.21	    0.00	72294.79	    0.00	72294.79	0.000	1.184	0.999	13369.32	100	100	    0.00	    0.00	51195.80	21098.99	0.000	0.000
189.00	27705.21	    0.00	72294.79	    0.00	72294.79	0.000	1.184	0.999	13369.32	100	100	    0.00	    0.00	51195.80	21098.99	0.000	0.000
190.00	27705.21	    0.00	72294.79	    0.00	72294.79	0.000	1.184	0.999	13369.32	100	100	    0.00	    0.00	51195.80	21098.99	0.000	0.000
191.00	27705.21	    0.00	72294.79	    0.00	72294.79	0.000	1.184	0.999	13369.32	100	100	    0.00	    0.00	51195.80	21098.99	0.000	0.000
192.00	27705.21	    0.00	72294.79	    0.00	72294.79	0.000	1.184	0.999	13369.32	100	100	    0.00	    0.00	51195.80	21098.99	0.000	0.000
193.00	27705.21	    0.00	72294.79	    0.00	72294.79	0.000	1.184	0.999	13369.32	100	100	    0.00	    0.00	51195.80	21098.99	0.000	0.000
194.00	27705.21	    0.00	72294.79	    0.00	72294.79	0.000	1.184	0.999	13369.32	100	100	    0.00	    0.00	51195.80	21098.99	0.000	0.000
195.00	27705.21	    0.00	72294.79	    0.00	72294.79	0.000	1.184	0.999	13369.32	100	100	    0.00	    0.00	51195.80	21098.99	0.000	0.000
196.00	27705.21	    0.00	72294.79	    0.00	72294.79	0.000	1.184	0.999	13369.32	100	100	    0.00	    0.00	51195.80	21098.99	0.000	0.000
197.00	27705.21	    0.00	72294.79	    0.00	72294.79	0.000	1.184	0.999	13369.32	100	100	    0.00	    0.00	51195.80	21098.99	0.000	0.000
198.00	27705.21	    0.00	72294.79	    0.00	72294.79	0.000	1.184	0.999	13369.32	100	100	    0.00	    0.00	51195.80	21098.99	0.000	0.000
199.00	27705.21	    0.00	72294.79	    0.00	72294.79	0.000	1.184	0.999	13369.32	100	100	    0.00	    0.00	51195.80	21098.99	0.000	0.000
200.00	27705.21	    0.00	72294.79	    0.00	72294.79	0.000	1.184	0.999	13369.32	100	100	    0.00	    0.00	51195.80	21098.99	0.000	0.000
201.00	27705.21	    0.00	72294.79	    0.00	72294.79	0.000	1.184	0.999	13369.32	100	100	    0.00	    0.00	51195.80	21098.99	0.000	0.000
202.00	27705.21	    0.00	72294.79	    0.00	72294.79	0.000	1.184	0.999	13369.32	100	100	    0.00	    0.00	51195.80	21098.99	0.000	0.000
203.00	27705.21	    0.00	72294.79	    0.00	72294.79	0.000	1.184	0.999	13369.32	100	100	    0.00	    0.00	51195.80	21098.99	0.000	0.000
204.00	27705.21	    0.00	72294.79	    0.00	72294.79	0.000	1.184	0.999	13369.32	100	100	    0.00	    0.00	51195.80	21098.99	0.000	0.000
205.00	27705.21	    0.00	72294.79	    0.00	72294.79	0.000	1.184	0.999	13369.32	100	100	    0.00	    0.00	51195.80	21098.99	0.000	0.000
206.00	27705.21	    0.00	72294.79	    0.00	72294.79	0.000	1.184	0.999	13369.32	100	100	    0.00	    0.00	51195.80	21098.99	0.000	0.000
207.00	27705.21	    0.00	72294.79	    0.00	72294.79	0.000	1.184	0.999	13369.32	100	100	    0.00	    0.00	51195.80	21098.99	0.000	0.000
208.00	27705.21	    0.00	72294.79	    0.00	72294.79	0.000	1.184	0.999	13369.32	100	100	    0.00	    0.00	51195.80	21098.99	0.000	0.000
209.00	27705.21	    0.00	72294.79	    0.00	72294.79	0.000	1.184	0.999	13369.32	100	100	    0.00	    0.00	51195.80	21098.99	0.000	0.000
210.00	27705.21	    0.00	72294.79	    0.00	72294.79	0.000	1.184	0.999	13369.32	100	100	    0.00	    0.00	51195.80	21098.99	0.000	0.000
211.00	27705.21	    0.00	72294.79	    0.00	72294.79	0.000	1.184	0.999	13369.32	100	100	    0.00	    0.00	51195.80	21098.99	0.000	0.000
212.00	27705.21	    0.00	72294.79	    0.00	72294.79	0.000	1.184	0.999	13369.32	100	100	    0.00	    0.00	51195.80	21098.99	0.000	0.000
213.00	27705.21	    0.00	72294.79	    0.00	72294.79	0.000	1.184	0.999	13369.32	100	100	    0.00	    0.00	51195.80	21098.99	0.000	0.000
214.00	27705.21	    0.00	72294.79	    0.00	72294.79	0.000	1.184	0.999	13369.32	100	100	    0.00	    0.00	51195.80	21098.99	0.000	0.000
215.00	27705.21	    0.00	72294.79	    0.00	72294.79	0.000	1.184	0.999	13369.32	100	100	    0.00	    0.00	51195.80	21098.99	0.000	0.000
216.00	27705.21	    0.00	72294.79	    0.00	72294.79	0.000	1.184	0.999	13369.32	100	100	    0.00	    0.00	51195.80	21098.99	0.000	0.000
217.00	27705.21	    0.00	72294.79	    0.00	72294.79	0.000	1.184	0.999	13369.32	100	100	    0.00	    0.00	51195.80	21098.99	0.000	0.000
218.00	27705.21	    0.00	72294.79	    0.00	72294.79	0.000	1.184	0.999	13369.32	100	100	    0.00	    0.00	51195.80	21098.99	0.000	0.000
219.00	27705.21	    0.00	72294.79	    0.00	72294.79	0.000	1.184	0.999	13369.32	100	100	    0.00	    0.00	51195.80	21098.99	0.000	0.000
220.00	27705.21	    0.00	72294.79	    0.00	72294.79	0.000	1.184	0.999	13369.32	100	100	    0.00	    0.00	51195.80	21098.99	0.000	0.000
221.00	27705.21	    0.00	72294.79	    0.00	72294.79	0.000	1.184	0.999	13369.32	100	100	    0.00	    0.00	51195.80	21098.99	0.000	0.000
222.00	27705.21	    0.00	72294.79	    0.00	72294.79	0.000	1.184	0.999	13369.32	100	100	    0.00	    0.00	51195.80	21098.99	0.000	0.000
223.00	27705.21	    0.00	72294.79	    0.00	72294.79	0.000	1.184	0.999	13369.32	100	100	    0.00	    0.00	51195.80	21098.99	0.000	0.000
224.00	27705.21	    0.00	72294.79	    0.00	72294.79	0.000	1.184	0.999	13369.32	100	100	    0.00	    0.00	51195.80	21098.99	0.000	0.000
225.00	27705.21	    0.00	72294.79	    0.00	72294.79	0.000	1.184	0.999	13369.32	100	100	    0.00	    0.00	51195.80	21098.99	0.000	0.000
226.00	27705.21	    0.00	72294.79	    0.00	72294.79	0.000	1.184	0.999	13369.32	100	100	    0.00	    0.00	51195.80	21098.99	0.000	0.000
227.00	27705.21	    0.00	72294.79	    0.00	72294.79	0.000	1.184	0.999	13369.32	100	100	    0.00	    0.00	51195.80	21098.99	0.000	0.000
228.00	27705.21	    0.00	72294.79	    0.00	72294.79	0.000	1.184	0.999	13369.32	100	100	    0.00	    0.00	51195.80	21098.99	0.000	0.000
229.00	27705.21	    0.00	72294.79	    0.00	72294.79	0.000	1.184	0.999	13369.32	100	100	    0.00	    0.00	51195.80	21098.99	0.000	0.000
230.00	27705.21	    0.00	72294.79	    0.00	72294.79	0.000	1.184	0.999	13369.32	100	100	    0.00	    0.00	51195.80	21098.99	0.000	0.000
231.00	27705.21	    0.00	72294.79	    0.00	72294.79	0.000	1.184	0.999	13369.32	100	100	    0.00	    0.00	51195.80	21098.99	0.000	0.000
232.00	27705.21	    0.00	72294.79	    0.00	72294.79	0.000	1.184	0.999	13369.32	100	100	    0.00	    0.00	51195.80	21098.99	0.000	0.000
233.00	27705.21	    0.00	72294.79	    0.00	72294.79	0.000	1.184	0.999	13369.32	100	100	    0.00	    0.00	51195.80	21098.99	0.000	0.000
234.00	27705.21	    0.00	72294.79	    0.00	72294.79	0.000	1.184	0.999	13369.32	100	100	    0.00	    0.00	51195.80	21098.99	0.000	0.000
235.00	27705.21	    0.00	72294.79	    0.00	72294.79	0.000	1.184	0.999	13369.32	100	100	    0.00	    0.00	51195.80	21098.99	0.000	0.000
236.00	27705.21	    0.00	72294.79	    0.00	72294.79	0.000	1.184	0.999	13369.32	100	100	    0.00	    0.00	51195.80	21098.99	0.000	0.000
237.00	27705.21	    0.00	72294.79	    0.00	72294.79	0.000	1.184	0.999	13369.32	100	100	    0.00	    0.00	51195.80	21098.99	0.000	0.000
238.00	27705.21	    0.00	72294.79	    0.00	72294.79	0.000	1.184	0.999	13369.32	100	100	    0.00	    0.00	51195.80	21098.99	0.000	0.000
239.00	27705.21	    0.00	72294.79	    0.00	72294.79	0.000	1.184	0.999	13369.32	100	100	    0.00	    0.00	51195.80	21098.99	0.000	0.000
240.00	27705.21	    0.00	72294.79	    0.00	72294.79	0.000	1.184	0.999	13369.32	100	100	    0.00	    0.00	51195.80	21098.99	0.000	0.000
241.00	27705.21	    0.00	72294.79	    0.00	72294.79	0.000	1.184	0.999	13369.32	100	100	    0.00	    0.00	51195.80	21098.99	0.000	0.000
242.00	27705.21	    0.00	72294.79	    0.00	72294.79	0.000	1.184	0.999	13369.32	100	100	    0.00	    0.00	51195.80	21098.99	0.000	0.000
243.00	27705.21	    0.00	72294.79	    0.00	72294.79	0.000	1.184	0.999	13369.32	100	100	    0.00	    0.00	51195.80	21098.99	0.000	0.000
244.00	27705.21	    0.00	72294.79	    0.00	72294.79	0.000	1.184	0.999	13369.32	100	100	    0.00	    0.00	51195.80	21098.99	0.000	0.000
245.00	27705.21	    0.00	72294.79	    0.00	72294.79	0.000	1.184	0.999	13369.32	100	100	    0.00	    0.00	51195.80	21098.99	0.000	0.000
246.00	27705.21	    0.00	72294.79	    0.00	72294.79	0.000	1.184	0.999	13369.32	100	100	    0.00	    0.00	51195.80	21098.99	0.000	0.000
247.00	27705.21	    0.00	72294.79	    0.00	72294.79	0.000	1.184	0.999	13369.32	100	100	    0.00	    0.00	51195.80	21098.99	0.000	0.000
248.00	27705.21	    0.00	72294.79	    0.00	72294.79	0.000	1.184	0.999	13369.32	100	100	    0.00	    0.00	51195.80	21098.99	0.000	0.000
249.00	27705.21	    0.00	72294.79	    0.00	72294.79	0.000	1.184	0.999	13369.32	100	100	    0.00	    0.00	51195.80	21098.99	0.000	0.000
250.00	27705.21	    0.00	72294.79	    0.00	72294.79	0.000	1.184	0.999	13369.32	100	100	    0.00	    0.00	51195.80	21098.99	0.000	0.000
251.00	27705.21	    0.00	72294.79	    0.00	72294.79	0.000	1.184	0.999	13369.32	100	100	    0.00	    0.00	51195.80	21098.99	0.000	0.000
252.00	27705.21	    0.00	72294.79	    0.00	72294.79	0.000	1.184	0.999	13369.32	100	100	    0.00	    0.00	51195.80	21098.99	0.000	0.000
253.00	27705.21	    0.00	72294.79	    0.00	72294.79	0.000	1.184	0.999	13369.32	100	100	    0.00	    0.00	51195.80	21098.99	0.000	0.000
254.00	27705.21	    0.00	72294.79	    0.00	72294.79	0.000	1.184	0.999	13369.32	100	100	    0.00	    0.00	51195.80	21098.99	0.000	0.000
255.00	27705.21	    0.00	72294.79	    0.00	72294.79	0.000	1.184	0.999	13369.32	100	100	    0.00	    0.00	51195.80	21098.99	0.000	0.000
256.00	27705.21	    0.00	72294.79	    0.00	72294.79	0.000	1.184	0.999	13369.32	100	100	    0.00	    0.00	51195.80	21098.99	0.000	0.000
257.00	27705.21	    0.00	72294.79	    0.00	72294.79	0.000	1.184	0.999	13369.32	100	100	    0.00	    0.00	51195.80	21098.99	0.000	0.000
258.00	27705.21	    0.00	72294.79	    0.00	72294.79	0.000	1.184	0.999	13369.32	100	100	    0.00	    0.00	51195.80	21098.99	0.000	0.000
259.00	27705.21	    0.00	72294.79	    0.00	72294.79	0.000	1.184	0.999	13369.32	100	100	    0.00	    0.00	51195.80	21098.99	0.000	0.000
260.00	27705.21	    0.00	72294.79	    0.00	72294.79	0.000	1.184	0.999	13369.32	100	100	    0.00	    0.00	51195.80	21098.99	0.000	0.000
261.00	27705.21	    0.00	72294.79	    0.00	72294.79	0.000	1.184	0.999	13369.32	100	100	    0.00	    0.00	51195.80	21098.99	0.000	0.000
262.00	27705.21	    0.00	72294.79	    0.00	72294.79	0.000	1.184	0.999	13369.32	100	100	    0.00	    0.00	51195.80	21098.99	0.000	0.000
263.00	27705.21	    0.00	72294.79	    0.00	72294.79	0.000	1.184	0.999	13369.32	100	100	    0.00	    0.00	51195.80	21098.99	0.000	0.000
264.00	27705.21	    0.00	72294.79	    0.00	72294.79	0.000	1.184	0.999	13369.32	100	100	    0.00	    0.00	51195.80	21098.99	0.000	0.000
265.00	27705.21	    0.00	72294.79	    0.00	72294.79	0.000	1.184	0.999	13369.32	100	100	    0.00	    0.00	51195.80	21098.99	0.000	0.000
266.00	27705.21	    0.00	72294.79	    0.00	72294.79	0.000	1.184	0.999	13369.32	100	100	    0.00	    0.00	51195.80	21098.99	0.000	0.000
267.00	27705.21	    0.00	72294.79	    0.00	72294.79	0.000	1.184	0.999	13369.32	100	100	    0.00	    0.00	51195.80	21098.99	0.000	0.000
268.00	27705.21	    0.00	72294.79	    0.00	72294.79	0.000	1.184	0.999	13369.32	100	100	    0.00	    0.00	51195.80	21098.99	0.000	0.000
269.00	27705.21	    0.00	72294.79	    0.00	72294.79	0.000	1.184	0.999	13369.32	100	100	    0.00	    0.00	51195.80	21098.99	0.000	0.000
270.00	27705.21	    0.00	72294.79	    0.00	72294.79	0.000	1.184	0.999	13369.32	100	100	    0.00	    0.00	51195.80	21098.99	0.000	0.000
271.00	27705.21	    0.00	72294.79	    0.00	72294.79	0.000	1.184	0.999	13369.32	100	100	    0.00	    0.00	51195.80	21098.99	0.000	0.000
272.00	27705.21	    0.00	72294.79	    0.00	72294.79	0.000	1.184	0.999	13369.32	100	100	    0.00	    0.00	51195.80	21098.99	0.000	0.000
273.00	27705.21	    0.00	72294.79	    0.00	72294.79	0.000	1.184	0.999	13369.32	100	100	    0.00	    0.00	51195.80	21098.99	0.000	0.000
274.00	27705.21	    0.00	72294.79	    0.00	72294.79	0.000	1.184	0.999	13369.32	100	100	    0.00	    0.00	51195.80	21098.99	0.000	0.000
275.00	27705.21	    0.00	72294.79	    0.00	72294.79	0.000	1.184	0.999	13369.32	100	100	    0.00	    0.00	51195.80	21098.99	0.000	0.000
276.00	27705.21	    0.00	72294.79	    0.00	72294.79	0.000	1.184	0.999	13369.32	100	100	    0.00	    0.00	51195.80	21098.99	0.000	0.000
277.00	27705.21	    0.00	72294.79	    0.00	72294.79	0.000	1.184	0.999	13369.32	100	100	    0.00	    0.00	51195.80	21098.99	0.000	0.000
278.00	27705.21	    0.00	72294.79	    0.00	72294.79	0.000	1.184	0.999	13369.32	100	100	    0.00	    0.00	51195.80	21098.99	0.000	0.000
279.00	27705.21	    0.00	72294.79	    0.00	72294.79	0.000	1.184	0.999	13369.32	100	100	    0.00	    0.00	51195.80	21098.99	0.000	0.000
280.00	27705.21	    0.00	72294.79	    0.00	72294.79	0.000	1.184	0.999	13369.32	100	100	    0.00	    0.00	51195.80	21098.99	0.000	0.000
281.00	27705.21	    0.00	72294.79	    0.00	72294.79	0.000	1.184	0.999	13369.32	100	100	    0.00	    0.00	51195.80	21098.99	0.000	0.000
282.00	27705.21	    0.00	72294.79	    0.00	72294.79	0.000	1.184	0.999	13369.32	100	100	    0.00	    0.00	51195.80	21098.99	0.000	0.000
283.00	27705.21	    0.00	72294.79	    0.00	72294.79	0.000	1.184	0.999	13369.32	100	100	    0.00	    0.00	51195.80	21098.99	0.000	0.000
284.00	27705.21	    0.00	72294.79	    0.00	72294.79	0.000	1.184	0.999	13369.32	100	100	    0.00	    0.00	51195.80	21098.99	0.000	0.000
285.00	27705.21	    0.00	72294.79	    0.00	72294.79	0.000	1.184	0.999	13369.32	100	100	    0.00	    0.00	51195.80	21098.99	0.000	0.000
286.00	27705.21	    0.00	72294.79	    0.00	72294.79	0.000	1.184	0.999	13369.32	100	100	    0.00	    0.00	51195.80	21098.99	0.000	0.000
287.00	27705.21	    0.00	72294.79	    0.00	72294.79	0.000	1.184	0.999	13369.32	100	100	    0.00	    0.00	51195.80	21098.99	0.000	0.000
288.00	27705.21	    0.00	72294.79	    0.00	72294.79	0.000	1.184	0.999	13369.32	100	100	    0.00	    0.00	51195.80	21098.99	0.000	0.000
289.00	27705.21	    0.00	72294.79	    0.00	72294.79	0.000	1.184	0.999	13369.32	100	100	    0.00	    0.00	51195.80	21098.99	0.000	0.000
290.00	27705.21	    0.00	72294.79	    0.00	72294.79	0.000	1.184	0.999	13369.32	100	100	    0.00	    0.00	51195.80	21098.99	0.000	0.000
291.00	27705.21	    0.00	72294.79	    0.00	72294.79	0.000	1.184	0.999	13369.32	100	100	    0.00	    0.00	51195.80	21098.99	0.000	0.000
292.00	27705.21	    0.00	72294.79	    0.00	72294.79	0.000	1.184	0.999	13369.32	100	100	    0.00	    0.00	51195.80	21098.99	0.000	0.000
293.00	27705.21	    0.00	72294.79	    0.00	72294.79	0.000	1.184	0.999	13369.32	100	100	    0.00	    0.00	51195.80	21098.99	0.000	0.000
294.00	27705.21	    0.00	72294.79	    0.00	72294.79	0.000	1.184	0.999	13369.32	100	100	    0.00	    0.00	51195.80	21098.99	0.000	0.000
295.00	27705.21	    0.00	72294.79	    0.00	72294.79	0.000	1.184	0.999	13369.32	100	100	    0.00	    0.00	51195.80	21098.99	0.000	0.000
296.00	27705.21	    0.00	72294.79	    0.00	72294.79	0.000	1.184	0.999	13369.32	100	100	    0.00	    0.00	51195.80	21098.99	0.000	0.000
297.00	27705.21	    0.00	72294.79	    0.00	72294.79	0.000	1.184	0.999	13369.32	100	100	    0.00	    0.00	51195.80	21098.99	0.000	0.000
298.00	27705.21	    0.00	72294.79	    0.00	72294.79	0.000	1.184	0.999	13369.32	100	100	    0.00	    0.00	51195.80	21098.99	0.000	0.000
299.00	27705.21	    0.00	72294.79	    0.00	72294.79	0.000	1.184	0.999	13369.32	100	100	    0.00	    0.00	51195.80	21098.99	0.000	0.000
300.00	27705.21	    0.00	72294.79	    0.00	72294.79	0.000	1.184	0.999	13369.32	100	100	    0.00	    0.00	51195.80	21098.99	0.000	0.000
301.00	27705.21	    0.00	72294.79	    0.00	72294.79	0.000	1.184	0.999	13369.32	100	100	    0.00	    0.00	51195.80	21098.99	0.000	0.000
302.00	27705.21	    0.00	72294.79	    0.00	72294.79	0.000	1.184	0.999	13369.32	100	100	    0.00	    0.00	51195.80	21098.99	0.000	0.000
303.00	27705.21	    0.00	72294.79	    0.00	72294.79	0.000	1.184	0.999	13369.32	100	100	    0.00	    0.00	51195.80	21098.99	0.000	0.000
304.00	27705.21	    0.00	72294.79	    0.00	72294.79	0.000	1.184	0.999	13369.32	100	100	    0.00	    0.00	51195.80	21098.99	0.000	0.000
305.00	27705.21	    0.00	72294.79	    0.00	72294.79	0.000	1.184	0.999	13369.32	100	100	    0.00	    0.00	51195.80	21098.99	0.000	0.000
306.00	27705.21	    0.00	72294.79	    0.00	72294.79	0.000	1.184	0.999	13369.32	100	100	    0.00	    0.00	51195.80	21098.99	0.000	0.000
307.00	27705.21	    0.00	72294.79	    0.00	72294.79	0.000	1.184	0.999	13369.32	100	100	    0.00	    0.00	51195.80	21098.99	0.000	0.000
308.00	27705.21	    0.00	72294.79	    0.00	72294.79	0.000	1.184	0.999	13369.32	100	100	    0.00	    0.00	51195.80	21098.99	0.000	0.000
309.00	27705.21	    0.00	72294.79	    0.00	72294.79	0.000	1.184	0.999	13369.32	100	100	    0.00	    0.00	51195.80	21098.99	0.000	0.000
310.00	27705.21	    0.00	72294.79	    0.00	72294.79	0.000	1.184	0.999	13369.32	100	100	    0.00	    0.00	51195.80	21098.99	0.000	0.000
311.00	27705.21	    0.00	72294.79	    0.00	72294.79	0.000	1.184	0.999	13369.32	100	100	    0.00	    0.00	51195.80	21098.99	0.000	0.000
312.00	27705.21	    0.00	72294.79	    0.00	72294.79	0.000	1.184	0.999	13369.32	100	100	    0.00	    0.00	51195.80	21098.99	0.000	0.000
313.00	27705.21	    0.00	72294.79	    0.00	72294.79	0.000	1.184	0.999	13369.32	100	100	    0.00	    0.00	51195.80	21098.99	0.000	0.000
314.00	27705.21	    0.00	72294.79	    0.00	72294.79	0.000	1.184	0.999	13369.32	100	100	    0.00	    0.00	51195.80	21098.99	0.000	0.000
315.00	27705.21	    0.00	72294.79	    0.00	72294.79	0.000	1.184	0.999	13369.32	100	100	    0.00	    0.00	51195.80	21098.99	0.000	0.000
316.00	27705.21	    0.00	72294.79	    0.00	72294.79	0.000	1.184	0.999	13369.32	100	100	    0.00	    0.00	51195.80	21098.99	0.000	0.000
317.00	27705.21	    0.00	72294.79	    0.00	72294.79	0.000	1.184	0.999	13369.32	100	100	    0.00	    0.00	51195.80	21098.99	0.000	0.000
318.00	27705.21	    0.00	72294.79	    0.00	72294.79	0.000	1.184	0.999	13369.32	100	100	    0.00	    0.00	51195.80	21098.99	0.000	0.000
319.00	27705.21	    0.00	72294.79	    0.00	72294.79	0.000	1.184	0.999	13369.32	100	100	    0.00	    0.00	51195.80	21098.99	0.000	0.000
320.00	27705.21	    0.00	72294.79	    0.00	72294.79	0.000	1.184	0.999	13369.32	100	100	    0.00	    0.00	51195.80	21098.99	0.000	0.000
321.00	27705.21	    0.00	72294.79	    0.00	72294.79	0.000	1.184	0.999	13369.32	100	100	    0.00	    0.00	51195.80	21098.99	0.000	0.000
322.00	27705.21	    0.00	72294.79	    0.00	72294.79	0.000	1.184	0.999	13369.32	100	100	    0.00	    0.00	51195.80	21098.99	0.000	0.000
323.00	27705.21	    0.00	72294.79	    0.00	72294.79	0.000	1.184	0.999	13369.32	100	100	    0.00	    0.00	51195.80	21098.99	0.000	0.000
324.00	27705.21	    0.00	72294.79	    0.00	72294.79	0.000	1.184	0.999	13369.32	100	100	    0.00	    0.00	51195.80	21098.99	0.000	0.000
325.00	27705.21	    0.00	72294.79	    0.00	72294.79	0.000	1.184	0.999	13369.32	100	100	    0.00	    0.00	51195.80	21098.99	0.000	0.000
326.00	27705.21	    0.00	72294.79	    0.00	72294.79	0.000	1.184	0.999	13369.32	100	100	    0.00	    0.00	51195.80	21098.99	0.000	0.000
327.00	27705.21	    0.00	72294.79	    0.00	72294.79	0.000	1.184	0.999	13369.32	100	100	    0.00	    0.00	51195.80	21098.99	0.000	0.000
328.00	27705.21	    0.00	72294.79	    0.00	72294.79	0.000	1.184	0.999	13369.32	100	100	    0.00	    0.00	51195.80	21098.99	0.000	0.000
329.00	27705.21	    0.00	72294.79	    0.00	72294.79	0.000	1.184	0.999	13369.32	100	100	    0.00	    0.00	51195.80	21098.99	0.000	0.000
330.00	27705.21	    0.00	72294.79	    0.00	72294.79	0.000	1.184	0.999	13369.32	100	100	    0.00	    0.00	51195.80	21098.99	0.000	0.000
331.00	27705.21	    0.00	72294.79	    0.00	72294.79	0.000	1.184	0.999	13369.32	100	100	    0.00	    0.00	51195.80	21098.99	0.000	0.000
332.00	27705.21	    0.00	72294.79	    0.00	72294.79	0.000	1.184	0.999	13369.32	100	100	    0.00	    0.00	51195.80	21098.99	0.000	0.000
333.00	27705.21	    0.00	72294.79	    0.00	72294.79	0.000	1.184	0.999	13369.32	100	100	    0.00	    0.00	51195.80	21098.99	0.000	0.000
334.00	27705.21	    0.00	72294.79	    0.00	72294.79	0.000	1.184	0.999	13369.32	100	100	    0.00	    0.00	51195.80	21098.99	0.000	0.000
335.00	27705.21	    0.00	72294.79	    0.00	72294.79	0.000	1.184	0.999	13369.32	100	100	    0.00	    0.00	51195.80	21098.99	0.000	0.000
336.00	27705.21	    0.00	72294.79	    0.00	72294.79	0.000	1.184	0.999	13369.32	100	100	    0.00	    0.00	51195.80	21098.99	0.000	0.000
337.00	27705.21	    0.00	72294.79	    0.00	72294.79	0.000	1.184	0.999	13369.32	100	100	    0.00	    0.00	51195.80	21098.99	0.000	0.000
338.00	27705.21	    0.00	72294.79	    0.00	72294.79	0.000	1.184	0.999	13369.32	100	100	    0.00	    0.00	51195.80	21098.99	0.000	0.000
339.00	27705.21	    0.00	72294.79	    0.00	72294.79	0.000	1.184	0.999	13369.32	100	100	    0.00	    0.00	51195.80	21098.99	0.000	0.000
340.00	27705.21	    0.00	72294.79	    0.00	72294.79	0.000	1.184	0.999	13369.32	100	100	    0.00	    0.00	51195.80	21098.99	0.000	0.000
341.00	27705.21	    0.00	72294.79	    0.00	72294.79	0.000	1.184	0.999	13369.32	100	100	    0.00	    0.00	51195.80	21098.99	0.000	0.000
342.00	27705.21	    0.00	72294.79	    0.00	72294.79	0.000	1.184	0.999	13369.32	100	100	    0.00	    0.00	51195.80	21098.99	0.000	0.000
343.00	27705.21	    0.00	72294.79	    0.00	72294.79	0.000	1.184	0.999	13369.32	100	100	    0.00	    0.00	51195.80	21098.99	0.000	0.000
344.00	27705.21	    0.00	72294.79	    0.00	72294.79	0.000	1.184	0.999	13369.32	100	100	    0.00	    0.00	51195.80	21098.99	0.000	0.000
345.00	27705.21	    0.00	72294.79	    0.00	72294.79	0.000	1.184	0.999	13369.32	100	100	    0.00	    0.00	51195.80	21098.99	0.000	0.000
346.00	27705.21	    0.00	72294.79	    0.00	72294.79	0.000	1.184	0.999	13369.32	100	100	    0.00	    0.00	51195.80	21098.99	0.000	0.000
347.00	27705.21	    0.00	72294.79	    0.00	72294.79	0.000	1.184	0.999	13369.32	100	100	    0.00	    0.00	51195.80	21098.99	0.000	0.000
348.00	27705.21	    0.00	72294.79	    0.00	72294.79	0.000	1.184	0.999	13369.32	100	100	    0.00	    0.00	51195.80	21098.99	0.000	0.000
349.00	27705.21	    0.00	72294.79	    0.00	72294.79	0.000	1.184	0.999	13369.32	100	100	    0.00	    0.00	51195.80	21098.99	0.000	0.000
350.00	27705.21	    0.00	72294.79	    0.00	72294.79	0.000	1.184	0.999	13369.32	100	100	    0.00	    0.00	51195.80	21098.99	0.000	0.000
351.00	27705.21	    0.00	72294.79	    0.00	72294.79	0.000	1.184	0.999	13369.32	100	100	    0.00	    0.00	51195.80	21098.99	0.000	0.000
352.00	27705.21	    0.00	72294.79	    0.00	72294.79	0.000	1.184	0.999	13369.32	100	100	    0.00	    0.00	51195.80	21098.99	0.000	0.000
353.00	27705.21	    0.00	72294.79	    0.00	72294.79	0.000	1.184	0.999	13369.32	100	100	    0.00	    0.00	51195.80	21098.99	0.000	0.000
354.00	27705.21	    0.00	72294.79	    0.00	72294.79	0.000	1.184	0.999	13369.32	100	100	    0.00	    0.00	51195.80	21098.99	0.000	0.000
355.00	27705.21	    0.00	72294.79	    0.00	72294.79	0.000	1.184	0.999	13369.32	100	100	    0.00	    0.00	51195.80	21098.99	0.000	0.000
356.00	27705.21	    0.00	72294.79	    0.00	72294.79	0.000	1.184	0.999	13369.32	100	100	    0.00	    0.00	51195.80	21098.99	0.000	0.000
357.00	27705.21	    0.00	72294.79	    0.00	72294.79	0.000	1.184	0.999	13369.32	100	100	    0.00	    0.00	51195.80	21098.99	0.000	0.000
358.00	27705.21	    0.00	72294.79	    0.00	72294.79	0.000	1.184	0.999	13369.32	100	100	    0.00	    0.00	51195.80	21098.99	0.000	0.000
359.00	27705.21	    0.00	72294.79	    0.00	72294.79	0.000	1.184	0.999	13369.32	100	100	    0.00	    0.00	51195.80	21098.99	0.000	0.000
360.00	27705.21	    0.00	72294.79	    0.00	72294.79	0.000	1.184	0.999	13369.32	100	100	    0.00	    0.00	51195.80	21098.99	0.000	0.000
361.00	27705.21	    0.00	72294.79	    0.00	72294.79	0.000	1.184	0.999	13369.32	100	100	    0.00	    0.00	51195.80	21098.99	0.000	0.000
362.00	27705.21	    0.00	72294.79	    0.00	72294.79	0.000	1.184	0.999	13369.32	100	100	    0.00	    0.00	51195.80	21098.99	0.000	0.000
363.00	27705.21	    0.00	72294.79	    0.00	72294.79	0.000	1.184	0.999	13369.32	100	100	    0.00	    0.00	51195.80	21098.99	0.000	0.000
364.00	27705.21	    0.00	72294.79	    0.00	72294.79	0.000	1.184	0.999	13369.32	100	100	    0.00	    0.00	51195.80	21098.99	0.000	0.000
365.00	27705.21	    0.00	72294.79	    0.00	72294.79	0.000	1.184	0.999	13369.32	100	100	    0.00	    0.00	51195.80	21098.99	0.000	0.000
366.00	27705.21	    0.00	72294.79	    0.00	72294.79	0.000	1.184	0.999	13369.32	100	100	    0.00	    0.00	51195.80	21098.99	0.000	0.000
367.00	27705.21	    0.00	72294.79	    0.00	72294.79	0.000	1.184	0.999	13369.32	100	100	    0.00	    0.00	51195.80	21098.99	0.000	0.000
368.00	27705.21	    0.00	72294.79	    0.00	72294.79	0.000	1.184	0.999	13369.32	100	100	    0.00	    0.00	51195.80	21098.99	0.000	0.000
369.00	27705.21	    0.00	72294.79	    0.00	72294.79	0.000	1.184	0.999	13369.32	100	100	    0.00	    0.00	51195.80	21098.99	0.000	0.000
370.00	27705.21	    0.00	72294.79	    0.00	72294.79	0.000	1.184	0.999	13369.32	100	100	    0.00	    0.00	51195.80	21098.99	0.000	0.000
371.00	27705.21	    0.00	72294.79	    0.00	72294.79	0.000	1.184	0.999	13369.32	100	100	    0.00	    0.00	51195.80	21098.99	0.000	0.000
372.00	27705.21	    0.00	72294.79	    0.00	72294.79	0.000	1.184	0.999	13369.32	100	100	    0.00	    0.00	51195.80	21098.99	0.000	0.000
373.00	27705.21	    0.00	72294.79	    0.00	72294.79	0.000	1.184	0.999	13369.32	100	100	    0.00	    0.00	51195.80	21098.99	0.000	0.000
374.00	27705.21	    0.00	72294.79	    0.00	72294.79	0.000	1.184	0.999	13369.32	100	100	    0.00	    0.00	51195.80	21098.99	0.000	0.000
375.00	27705.21	    0.00	72294.79	    0.00	72294.79	0.000	1.184	0.999	13369.32	100	100	    0.00	    0.00	51195.80	21098.99	0.000	0.000
376.00	27705.21	    0.00	72294.79	    0.00	72294.79	0.000	1.184	0.999	13369.32	100	100	    0.00	    0.00	51195.80	21098.99	0.000	0.000
377.00	27705.21	    0.00	72294.79	    0.00	72294.79	0.000	1.184	0.999	13369.32	100	100	    0.00	    0.00	51195.80	21098.99	0.000	0.000
378.00	27705.21	    0.00	72294.79	    0.00	72294.79	0.000	1.184	0.999	13369.32	100	100	    0.00	    0.00	51195.80	21098.99	0.000	0.000
379.00	27705.21	    0.00	72294.79	    0.00	72294.79	0.000	1.184	0.999	13369.32	100	100	    0.00	    0.00	51195.80	21098.99	0.000	0.000
380.00	27705.21	    0.00	72294.79	    0.00	72294.79	0.000	1.184	0.999	13369.32	100	100	    0.00	    0.00	51195.80	21098.99	0.000	0.000
381.00	27705.21	    0.00	72294.79	    0.00	72294.79	0.000	1.184	0.999	13369.32	100	100	    0.00	    0.00	51195.80	21098.99	0.000	0.000
382.00	27705.21	    0.00	72294.79	    0.00	72294.79	0.000	1.184	0.999	13369.32	100	100	    0.00	    0.00	51195.80	21098.99	0.000	0.000
383.00	27705.21	    0.00	72294.79	    0.00	72294.79	0.000	1.184	0.999	13369.32	100	100	    0.00	    0.00	51195.80	21098.99	0.000	0.000
384.00	27705.21	    0.00	72294.79	    0.00	72294.79	0.000	1.184	0.999	13369.32	100	100	    0.00	    0.00	51195.80	21098.99	0.000	0.000
385.00	27705.21	    0.00	72294.79	    0.00	72294.79	0.000	1.184	0.999	13369.32	100	100	    0.00	    0.00	51195.80	21098.99	0.000	0.000
386.00	27705.21	    0.00	72294.79	    0.00	72294.79	0.000	1.184	0.999	13369.32	100	100	    0.00	    0.00	51195.80	21098.99	0.000	0.000
387.00	27705.21	    0.00	72294.79	    0.00	72294.79	0.000	1.184	0.999	13369.32	100	100	    0.00	    0.00	51195.80	21098.99	0.000	0.000
388.00	27705.21	    0.00	72294.79	    0.00	72294.79	0.000	1.184	0.999	13369.32	100	100	    0.00	    0.00	51195.80	21098.99	0.000	0.000
389.00	27705.21	    0.00	72294.79	    0.00	72294.79	0.000	1.184	0.999	13369.32	100	100	    0.00	    0.00	51195.80	21098.99	0.000	0.000
390.00	27705.21	    0.00	72294.79	    0.00	72294.79	0.000	1.184	0.999	13369.32	100	100	    0.00	    0.00	51195.80	21098.99	0.000	0.000
391.00	27705.21	    0.00	72294.79	    0.00	72294.79	0.000	1.184	0.999	13369.32	100	100	    0.00	    0.00	51195.80	21098.99	0.000	0.000
392.00	27705.21	    0.00	72294.79	    0.00	72294.79	0.000	1.184	0.999	13369.32	100	100	    0.00	    0.00	51195.80	21098.99	0.000	0.000
393.00	27705.21	    0.00	72294.79	    0.00	72294.79	0.000	1.184	0.999	13369.32	100	100	    0.00	    0.00	51195.80	21098.99	0.000	0.000
394.00	27705.21	    0.00	72294.79	    0.00	72294.79	0.000	1.184	0.999	13369.32	100	100	    0.00	    0.00	51195.80	21098.99	0.000	0.000
395.00	27705.21	    0.00	72294.79	    0.00	72294.79	0.000	1.184	0.999	13369.32	100	100	    0.00	    0.00	51195.80	21098.99	0.000	0.000
396.00	27705.21	    0.00	72294.79	    0.00	72294.79	0.000	1.184	0.999	13369.32	100	100	    0.00	    0.00	51195.80	21098.99	0.000	0.000
397.00	27705.21	    0.00	72294.79	    0.00	72294.79	0.000	1.184	0.999	13369.32	100	100	    0.00	    0.00	51195.80	21098.99	0.000	0.000
398.00	27705.21	    0.00	72294.79	    0.00	72294.79	0.000	1.184	0.999	13369.32	100	100	    0.00	    0.00	51195.80	21098.99	0.000	0.000
399.00	27705.21	    0.00	72294.79	    0.00	72294.79	0.000	1.184	0.999	13369.32	100	100	    0.00	    0.00	51195.80	21098.99	0.000	0.000
400.00	27705.21	    0.00	72294.79	    0.00	72294.79	0.000	1.184	0.999	13369.32	100	100	    0.00	    0.00	51195.80	21098.99	0.000	0.000
401.00	27705.21	    0.00	72294.79	    0.00	72294.79	0.000	1.184	0.999	13369.32	100	100	    0.00	    0.00	51195.80	21098.99	0.000	0.000
402.00	27705.21	    0.00	72294.79	    0.00	72294.79	0.000	1.184	0.999	13369.32	100	100	    0.00	    0.00	51195.80	21098.99	0.000	0.000
403.00	27705.21	    0.00	72294.79	    0.00	72294.79	0.000	1.184	0.999	13369.32	100	100	    0.00	    0.00	51195.80	21098.99	0.000	0.000
404.00	27705.21	    0.00	72294.79	    0.00	72294.79	0.000	1.184	0.999	13369.32	100	100	    0.00	    0.00	51195.80	21098.99	0.000	0.000
405.00	27705.21	    0.00	72294.79	    0.00	72294.79	0.000	1.184	0.999	13369.32	100	100	    0.00	    0.00	51195.80	21098.99	0.000	0.000
406.00	27705.21	    0.00	72294.79	    0.00	72294.79	0.000	1.184	0.999	13369.32	100	100	    0.00	    0.00	51195.80	21098.99	0.000	0.000
407.00	27705.21	    0.00	72294.79	    0.00	72294.79	0.000	1.184	0.999	13369.32	100	100	    0.00	    0.00	51195.80	21098.99	0.000	0.000
408.00	27705.21	    0.00	72294.79	    0.00	72294.79	0.000	1.184	0.999	13369.32	100	100	    0.00	    0.00	51195.80	21098.99	0.000	0.000
409.00	27705.21	    0.00	72294.79	    0.00	72294.79	0.000	1.184	0.999	13369.32	100	100	    0.00	    0.00	51195.80	21098.99	0.000	0.000
410.00	27705.21	    0.00	72294.79	    0.00	72294.79	0.000	1.184	0.999	13369.32	100	100	    0.00	    0.00	51195.80	21098.99	0.000	0.000
411.00	27705.21	    0.00	72294.79	    0.00	72294.79	0.000	1.184	0.999	13369.32	100	100	    0.00	    0.00	51195.80	21098.99	0.000	0.000
412.00	27705.21	    0.00	72294.79	    0.00	72294.79	0.000	1.184	0.999	13369.32	100	100	    0.00	    0.00	51195.80	21098.99	0.000	0.000
413.00	27705.21	    0.00	72294.79	    0.00	72294.79	0.000	1.184	0.999	13369.32	100	100	    0.00	    0.00	51195.80	21098.99	0.000	0.000
414.00	27705.21	    0.00	72294.79	    0.00	72294.79	0.000	1.184	0.999	13369.32	100	100	    0.00	    0.00	51195.80	21098.99	0.000	0.000
415.00	27705.21	    0.00	72294.79	    0.00	72294.79	0.000	1.184	0.999	13369.32	100	100	    0.00	    0.00	51195.80	21098.99	0.000	0.000
416.00	27705.21	    0.00	72294.79	    0.00	72294.79	0.000	1.184	0.999	13369.32	100	100	    0.00	    0.00	51195.80	21098.99	0.000	0.000
417.00	27705.21	    0.00	72294.79	    0.00	72294.79	0.000	1.184	0.999	13369.32	100	100	    0.00	    0.00	51195.80	21098.99	0.000	0.000
418.00	27705.21	    0.00	72294.79	    0.00	72294.79	0.000	1.184	0.999	13369.32	100	100	    0.00	    0.00	51195.80	21098.99	0.000	0.000
419.00	27705.21	    0.00	72294.79	    0.00	72294.79	0.000	1.184	0.999	13369.32	100	100	    0.00	    0.00	51195.80	21098.99	0.000	0.000
420.00	27705.21	    0.00	72294.79	    0.00	72294.79	0.000	1.184	0.999	13369.32	100	100	    0.00	    0.00	51195.80	21098.99	0.000	0.000
421.00	27705.21	    0.00	72294.79	    0.00	72294.79	0.000	1.184	0.999	13369.32	100	100	    0.00	    0.00	51195.80	21098.99	0.000	0.000
422.00	27705.21	    0.00	72294.79	    0.00	72294.79	0.000	1.184	0.999	13369.32	100	100	    0.00	    0.00	51195.80	21098.99	0.000	0.000
423.00	27705.21	    0.00	72294.79	    0.00	72294.79	0.000	1.184	0.999	13369.32	100	100	    0.00	    0.00	51195.80	21098.99	0.000	0.000
424.00	27705.21	    0.00	72294.79	    0.00	72294.79	0.000	1.184	0.999	13369.32	100	100	    0.00	    0.00	51195.80	21098.99	0.000	0.000
425.00	27705.21	    0.00	72294.79	    0.00	72294.79	0.000	1.184	0.999	13369.32	100	100	    0.00	    0.00	51195.80	21098.99	0.000	0.000
426.00	27705.21	    0.00	72294.79	    0.00	72294.79	0.000	1.184	0.999	13369.32	100	100	    0.00	    0.00	51195.80	21098.99	0.000	0.000
427.00	27705.21	    0.00	72294.79	    0.00	72294.79	0.000	1.184	0.999	13369.32	100	100	    0.00	    0.00	51195.80	21098.99	0.000	0.000
428.00	27705.21	    0.00	72294.79	    0.00	72294.79	0.000	1.184	0.999	13369.32	100	100	    0.00	    0.00	51195.80	21098.99	0.000	0.000
429.00	27705.21	    0.00	72294.79	    0.00	72294.79	0.000	1.184	0.999	13369.32	100	100	    0.00	    0.00	51195.80	21098.99	0.000	0.000
430.00	27705.21	    0.00	72294.79	    0.00	72294.79	0.000	1.184	0.999	13369.32	100	100	    0.00	    0.00	51195.80	21098.99	0.000	0.000
431.00	27705.21	    0.00	72294.79	    0.00	72294.79	0.000	1.184	0.999	13369.32	100	100	    0.00	    0.00	51195.80	21098.99	0.000	0.000
432.00	27705.21	    0.00	72294.79	    0.00	72294.79	0.000	1.184	0.999	13369.32	100	100	    0.00	    0.00	51195.80	21098.99	0.000	0.000
433.00	27705.21	    0.00	72294.79	    0.00	72294.79	0.000	1.184	0.999	13369.32	100	100	    0.00	    0.00	51195.80	21098.99	0.000	0.000
434.00	27705.21	    0.00	72294.79	    0.00	72294.79	0.000	1.184	0.999	13369.32	100	100	    0.00	    0.00	51195.80	21098.99	0.000	0.000
435.00	27705.21	    0.00	72294.79	    0.00	72294.79	0.000	1.184	0.999	13369.32	100	100	    0.00	    0.00	51195.80	21098.99	0.000	0.000
436.00	27705.21	    0.00	72294.79	    0.00	72294.79	0.000	1.184	0.999	13369.32	100	100	    0.00	    0.00	51195.80	21098.99	0.000	0.000
437.00	27705.21	    0.00	72294.79	    0.00	72294.79	0.000	1.184	0.999	13369.32	100	100	    0.00	    0.00	51195.80	21098.99	0.000	0.000
438.00	27705.21	    0.00	72294.79	    0.00	72294.79	0.000	1.184	0.999	13369.32	100	100	    0.00	    0.00	51195.80	21098.99	0.000	0.000
439.00	27705.21	    0.00	72294.79	    0.00	72294.79	0.000	1.184	0.999	13369.32	100	100	    0.00	    0.00	51195.80	21098.99	0.000	0.000
440.00	27705.21	    0.00	72294.79	    0.00	72294.79	0.000	1.184	0.999	13369.32	100	100	    0.00	    0.00	51195.80	21098.99	0.000	0.000
441.00	27705.21	    0.00	72294.79	    0.00	72294.79	0.000	1.184	0.999	13369.32	100	100	    0.00	    0.00	51195.80	21098.99	0.000	0.000
442.00	27705.21	    0.00	72294.79	    0.00	72294.79	0.000	1.184	0.999	13369.32	100	100	    0.00	    0.00	51195.80	21098.99	0.000	0.000
443.00	27705.21	    0.00	72294.79	    0.00	72294.79	0.000	1.184	0.999	13369.32	100	100	    0.00	    0.00	51195.80	21098.99	0.000	0.000
444.00	27705.21	    0.00	72294.79	    0.00	72294.79	0.000	1.184	0.999	13369.32	100	100	    0.00	    0.00	51195.80	21098.99	0.000	0.000
445.00	27705.21	    0.00	72294.79	    0.00	72294.79	0.000	1.184	0.999	13369.32	100	100	    0.00	    0.00	51195.80	21098.99	0.000	0.000
446.00	27705.21	    0.00	72294.79	    0.00	72294.79	0.000	1.184	0.999	13369.32	100	100	    0.00	    0.00	51195.80	21098.99	0.000	0.000
447.00	27705.21	    0.00	72294.79	    0.00	72294.79	0.000	1.184	0.999	13369.32	100	100	    0.00	    0.00	51195.80	21098.99	0.000	0.000
448.00	27705.21	    0.00	72294.79	    0.00	72294.79	0.000	1.184	0.999	13369.32	100	100	    0.00	    0.00	51195.80	21098.99	0.000	0.000
449.00	27705.21	    0.00	72294.79	    0.00	72294.79	0.000	1.184	0.999	13369.32	100	100	    0.00	    0.00	51195.80	21098.99	0.000	0.000
450.00	27705.21	    0.00	72294.79	    0.00	72294.79	0.000	1.184	0.999	13369.32	100	100	    0.00	    0.00	51195.80	21098.99	0.000	0.000
451.00	27705.21	    0.00	72294.79	    0.00	72294.79	0.000	1.184	0.999	13369.32	100	100	    0.00	    0.00	51195.80	21098.99	0.000	0.000
452.00	27705.21	    0.00	72294.79	    0.00	72294.79	0.000	1.184	0.999	13369.32	100	100	    0.00	    0.00	51195.80	21098.99	0.000	0.000
453.00	27705.21	    0.00	72294.79	    0.00	72294.79	0.000	1.184	0.999	13369.32	100	100	    0.00	    0.00	51195.80	21098.99	0.000	0.000
454.00	27705.21	    0.00	72294.79	    0.00	72294.79	0.000	1.184	0.999	13369.32	100	100	    0.00	    0.00	51195.80	21098.99	0.000	0.000
455.00	27705.21	    0.00	72294.79	    0.00	72294.79	0.000	1.184	0.999	13369.32	100	100	    0.00	    0.00	51195.80	21098.99	0.000	0.000
456.00	27705.21	    0.00	72294.79	    0.00	72294.79	0.000	1.184	0.999	13369.32	100	100	    0.00	    0.00	51195.80	21098.99	0.000	0.000
457.00	27705.21	    0.00	72294.79	    0.00	72294.79	0.000	1.184	0.999	13369.32	100	100	    0.00	    0.00	51195.80	21098.99	0.000	0.000
458.00	27705.21	    0.00	72294.79	    0.00	72294.79	0.000	1.184	0.999	13369.32	100	100	    0.00	    0.00	51195.80	21098.99	0.000	0.000
459.00	27705.21	    0.00	72294.79	    0.00	72294.79	0.000	1.184	0.999	13369.32	100	100	    0.00	    0.00	51195.80	21098.99	0.000	0.000
460.00	27705.21	    0.00	72294.79	    0.00	72294.79	0.000	1.184	0.999	13369.32	100	100	    0.00	    0.00	51195.80	21098.99	0.000	0.000
461.00	27705.21	    0.00	72294.79	    0.00	72294.79	0.000	1.184	0.999	13369.32	100	100	    0.00	    0.00	51195.80	21098.99	0.000	0.000
462.00	27705.21	    0.00	72294.79	    0.00	72294.79	0.000	1.184	0.999	13369.32	100	100	    0.00	    0.00	51195.80	21098.99	0.000	0.000
463.00	27705.21	    0.00	72294.79	    0.00	72294.79	0.000	1.184	0.999	13369.32	100	100	    0.00	    0.00	51195.80	21098.99	0.000	0.000
464.00	27705.21	    0.00	72294.79	    0.00	72294.79	0.000	1.184	0.999	13369.32	100	100	    0.00	    0.00	51195.80	21098.99	0.000	0.000
465.00	27705.21	    0.00	72294.79	    0.00	72294.79	0.000	1.184	0.999	13369.32	100	100	    0.00	    0.00	51195.80	21098.99	0.000	0.000
466.00	27705.21	    0.00	72294.79	    0.00	72294.79	0.000	1.184	0.999	13369.32	100	100	    0.00	    0.00	51195.80	21098.99	0.000	0.000
467.00	27705.21	    0.00	72294.79	    0.00	72294.79	0.000	1.184	0.999	13369.32	100	100	    0.00	    0.00	51195.80	21098.99	0.000	0.000
468.00	27705.21	    0.00	72294.79	    0.00	72294.79	0.000	1.184	0.999	13369.32	100	100	    0.00	    0.00	51195.80	21098.99	0.000	0.000
469.00	27705.21	    0.00	72294.79	    0.00	72294.79	0.000	1.184	0.999	13369.32	100	100	    0.00	    0.00	51195.80	21098.99	0.000	0.000
470.00	27705.21	    0.00	72294.79	    0.00	72294.79	0.000	1.184	0.999	13369.32	100	100	    0.00	    0.00	51195.80	21098.99	0.000	0.000
471.00	27705.21	    0.00	72294.79	    0.00	72294.79	0.000	1.184	0.999	13369.32	100	100	    0.00	    0.00	51195.80	21098.99	0.000	0.000
472.00	27705.21	    0.00	72294.79	    0.00	72294.79	0.000	1.184	0.999	13369.32	100	100	    0.00	    0.00	51195.80	21098.99	0.000	0.000
473.00	27705.21	    0.00	72294.79	    0.00	72294.79	0.000	1.184	0.999	13369.32	100	100	    0.00	    0.00	51195.80	21098.99	0.000	0.000
474.00	27705.21	    0.00	72294.79	    0.00	72294.79	0.000	1.184	0.999	13369.32	100	100	    0.00	    0.00	51195.80	21098.99	0.000	0.000
475.00	27705.21	    0.00	72294.79	    0.00	72294.79	0.000	1.184	0.999	13369.32	100	100	    0.00	    0.00	51195.80	21098.99	0.000	0.000
476.00	27705.21	    0.00	72294.79	    0.00	72294.79	0.000	1.184	0.999	13369.32	100	100	    0.00	    0.00	51195.80	21098.99	0.000	0.000
477.00	27705.21	    0.00	72294.79	    0.00	72294.79	0.000	1.184	0.999	13369.32	100	100	    0.00	    0.00	51195.80	21098.99	0.000	0.000
478.00	27705.21	    0.00	72294.79	    0.00	72294.79	0.000	1.184	0.999	13369.32	100	100	    0.00	    0.00	51195.80	21098.99	0.000	0.000
479.00	27705.21	    0.00	72294.79	    0.00	72294.79	0.000	1.184	0.999	13369.32	100	100	    0.00	    0.00	51195.80	21098.99	0.000	0.000
480.00	27705.21	    0.00	72294.79	    0.00	72294.79	0.000	1.184	0.999	13369.32	100	100	    0.00	    0.00	51195.80	21098.99	0.000	0.000
481.00	27705.21	    0.00	72294.79	    0.00	72294.79	0.000	1.184	0.999	13369.32	100	100	    0.00	    0.00	51195.80	21098.99	0.000	0.000
482.00	27705.21	    0.00	72294.79	    0.00	72294.79	0.000	1.184	0.999	13369.32	100	100	    0.00	    0.00	51195.80	21098.99	0.000	0.000
483.00	27705.21	    0.00	72294.79	    0.00	72294.79	0.000	1.184	0.999	13369.32	100	100	    0.00	    0.00	51195.80	21098.99	0.000	0.000
484.00	27705.21	    0.00	72294.79	    0.00	72294.79	0.000	1.184	0.999	13369.32	100	100	    0.00	    0.00	51195.80	21098.99	0.000	0.000
485.00	27705.21	    0.00	72294.79	    0.00	72294.79	0.000	1.184	0.999	13369.32	100	100	    0.00	    0.00	51195.80	21098.99	0.000	0.000
486.00	27705.21	    0.00	72294.79	    0.00	72294.79	0.000	1.184	0.999	13369.32	100	100	    0.00	    0.00	51195.80	21098.99	0.000	0.000
487.00	27705.21	    0.00	72294.79	    0.00	72294.79	0.000	1.184	0.999	13369.32	100	100	    0.00	    0.00	51195.80	21098.99	0.000	0.000
488.00	27705.21	    0.00	72294.79	    0.00	72294.79	0.000	1.184	0.999	13369.32	100	100	    0.00	    0.00	51195.80	21098.99	0.000	0.000
489.00	27705.21	    0.00	72294.79	    0.00	72294.79	0.000	1.184	0.999	13369.32	100	100	    0.00	    0.00	51195.80	21098.99	0.000	0.000
490.00	27705.21	    0.00	72294.79	    0.00	72294.79	0.000	1.184	0.999	13369.32	100	100	    0.00	    0.00	51195.80	21098.99	0.000	0.000
491.00	27705.21	    0.00	72294.79	    0.00	72294.79	0.000	1.184	0.999	13369.32	100	100	    0.00	    0.00	51195.80	21098.99	0.000	0.000
492.00	27705.21	    0.00	72294.79	    0.00	72294.79	0.000	1.184	0.999	13369.32	100	100	    0.00	    0.00	51195.80	21098.99	0.000	0.000
493.00	27705.21	    0.00	72294.79	    0.00	72294.79	0.000	1.184	0.999	13369.32	100	100	    0.00	    0.00	51195.80	21098.99	0.000	0.000
494.00	27705.21	    0.00	72294.79	    0.00	72294.79	0.000	1.184	0.999	13369.32	100	100	    0.00	    0.00	51195.80	21098.99	0.000	0.000
495.00	27705.21	    0.00	72294.79	    0.00	72294.79	0.000	1.184	0.999	13369.32	100	100	    0.00	    0.00	51195.80	21098.99	0.000	0.000
496.00	27705.21	    0.00	72294.79	    0.00	72294.79	0.000	1.184	0.999	13369.32	100	100	    0.00	    0.00	51195.80	21098.99	0.000	0.000
497.00	27705.21	    0.00	72294.79	    0.00	72294.79	0.000	1.184	0.999	13369.32	100	100	    0.00	    0.00	51195.80	21098.99	0.000	0.000
498.00	27705.21	    0.00	72294.79	    0.00	72294.79	0.000	1.184	0.999	13369.32	100	100	    0.00	    0.00	51195.80	21098.99	0.000	0.000
499.00	27705.21	    0.00	72294.79	    0.00	72294.79	0.000	1.184	0.999	13369.32	100	100	    0.00	    0.00	51195.80	21098.99	0.000	0.000
500.00	27705.21	    0.00	72294.79	    0.00	72294.79	0.000	1.184	0.999	13369.32	100	100	    0.00	    0.00	51195.80	21098.99	0.000	0.000
