0.00	99950.00	   50.00	    0.00	    0.00	   50.00	0.000	1.860	1.860	    0.00	  1		    0.00	    0.00	   23.00	   27.00	0.000	0.000
1.00	99949.94	   50.06	    0.00	    0.06	   50.06	0.000	1.837	1.836	    0.06	 18		    0.06	    0.00	   23.06	   27.00	1.000	0.000
2.00	99949.52	   50.38	    0.10	    0.46	   50.48	2.121	1.980	1.979	    0.06	 69		    0.41	    0.06	   23.42	   27.06	0.875	0.125
3.00	99946.32	   52.14	    1.54	    3.34	   53.68	0.863	2.025	2.023	    0.09	 97		    2.55	    0.79	   25.85	   27.84	0.762	0.238
4.00	99930.17	   63.90	    5.93	   16.26	   69.83	0.304	2.020	2.018	    0.16	100		   11.89	    4.37	   37.65	   32.18	0.731	0.269
5.00	99894.93	   91.53	   13.54	   35.24	  105.07	0.297	2.029	2.026	    0.25	100		   25.31	    9.93	   62.96	   42.11	0.718	0.282
6.00	99848.64	  122.81	   28.55	   46.29	  151.36	0.327	2.010	2.007	    0.44	100		   33.65	   12.64	   96.61	   54.75	0.727	0.273
7.00	99790.97	  155.99	   53.04	   57.67	  209.03	0.267	2.008	2.004	    0.72	100		   41.80	   15.87	  138.41	   70.62	0.725	0.275
8.00	99716.42	  200.56	   83.02	   74.55	  283.58	0.245	2.005	2.001	    1.08	100		   54.65	   19.90	  193.06	   90.52	0.733	0.267
9.00	99619.42	  259.53	  121.05	   97.00	  380.58	0.255	2.005	2.000	    1.87	100		   71.37	   25.63	  264.43	  116.15	0.736	0.264
10.00	99497.14	  331.60	  171.26	  122.28	  502.86	0.251	2.000	1.994	    3.00	100		   89.85	   32.43	  354.28	  148.58	0.735	0.265
11.00	99338.38	  426.94	  234.68	  158.76	  661.62	0.249	1.999	1.992	    4.85	100		  116.91	   41.85	  471.19	  190.43	0.736	0.264
12.00	99133.51	  549.71	  316.78	  204.87	  866.49	0.253	1.993	1.983	    8.38	100		  149.60	   55.27	  620.79	  245.70	0.730	0.270
13.00	98871.27	  705.80	  422.93	  262.24	 1128.73	0.251	1.993	1.980	   14.28	100		  192.65	   69.59	  813.44	  315.29	0.735	0.265
14.00	98536.12	  903.39	  560.49	  335.15	 1463.88	0.248	1.990	1.974	   23.38	100		  246.17	   88.98	 1059.61	  404.27	0.735	0.265
15.00	98108.55	 1158.11	  733.34	  427.57	 1891.45	0.248	1.984	1.964	   38.48	100		  313.84	  113.73	 1373.45	  518.00	0.734	0.266
16.00	97562.91	 1477.61	  959.48	  545.64	 2437.09	0.246	1.978	1.952	   61.80	100		  401.16	  144.48	 1774.61	  662.48	0.735	0.265
17.00	96869.72	 1881.88	 1248.40	  693.19	 3130.28	0.243	1.971	1.939	  100.29	100		  511.57	  181.62	 2286.18	  844.10	0.738	0.262
18.00	95989.46	 2391.75	 1618.79	  880.26	 4010.54	0.241	1.962	1.922	  160.69	100		  645.98	  234.28	 2932.16	 1078.38	0.734	0.266
19.00	94880.28	 3026.99	 2092.73	 1109.18	 5119.72	0.238	1.952	1.902	  253.86	100		  817.38	  291.80	 3749.54	 1370.18	0.737	0.263
20.00	93497.32	 3799.46	 2703.22	 1382.96	 6502.68	0.231	1.938	1.877	  399.66	100		 1017.90	  365.06	 4767.44	 1735.24	0.736	0.264
21.00	91771.59	 4755.80	 3472.61	 1725.73	 8228.41	0.226	1.919	1.844	  617.67	100		 1273.21	  452.52	 6040.65	 2187.76	0.738	0.262
22.00	89645.14	 5899.50	 4455.36	 2126.45	10354.86	0.220	1.897	1.807	  937.97	100		 1567.36	  559.09	 7608.01	 2746.85	0.737	0.263
23.00	87069.29	 7229.41	 5701.30	 2575.85	12930.71	0.209	1.871	1.764	 1392.33	100		 1903.52	  672.33	 9511.53	 3419.18	0.739	0.261
24.00	83984.07	 8759.84	 7256.09	 3085.22	16015.93	0.198	1.840	1.714	 2024.77	100		 2289.38	  795.84	11800.91	 4215.02	0.742	0.258
25.00	80349.51	10451.16	 9199.33	 3634.56	19650.49	0.184	1.803	1.658	 2865.19	100		 2699.70	  934.86	14500.61	 5149.88	0.743	0.257
26.00	76168.36	12221.31	11610.33	 4181.15	23831.64	0.167	1.761	1.596	 3912.42	100		 3114.20	 1066.95	17614.81	 6216.83	0.745	0.255
27.00	71475.69	13963.58	14560.73	 4692.67	28524.31	0.145	1.714	1.533	 5167.79	100		 3508.19	 1184.48	21123.00	 7401.31	0.748	0.252
28.00	66363.81	15542.12	18094.07	 5111.88	33636.19	0.120	1.663	1.467	 6578.63	100		 3835.30	 1276.58	24958.30	 8677.89	0.750	0.250
29.00	60996.52	16751.78	22251.70	 5367.29	39003.48	0.091	1.609	1.402	 8053.92	100		 4040.52	 1326.77	28998.82	10004.66	0.753	0.247
30.00	55477.85	17526.04	26996.11	 5518.67	44522.15	0.060	1.554	1.340	 9508.01	100		 4173.74	 1344.93	33172.56	11349.59	0.756	0.244
31.00	50131.25	17544.46	32324.29	 5346.60	49868.75	0.023	1.501	1.284	10812.10	100		 4066.51	 1280.09	37239.07	12629.68	0.761	0.239
32.00	45071.63	16939.95	37988.42	 5059.62	54928.37	-0.017	1.450	1.233	11920.29	100		 3870.76	 1188.86	41109.83	13818.54	0.765	0.235
33.00	40472.38	15684.72	43842.90	 4599.25	59527.62	-0.056	1.405	1.190	12792.94	100		 3537.12	 1062.13	44646.95	14880.67	0.769	0.231
34.00	36435.85	13947.57	49616.58	 4036.53	63564.15	-0.097	1.365	1.153	13438.88	100		 3121.42	  915.11	47768.37	15795.78	0.773	0.227
35.00	33010.09	11929.09	55060.82	 3425.76	66989.91	-0.137	1.330	1.123	13892.10	100		 2665.01	  760.75	50433.38	16556.53	0.778	0.222
36.00	30166.87	 9871.20	59961.93	 2843.22	69833.13	-0.173	1.302	1.099	14192.08	100		 2223.42	  619.80	52656.80	17176.33	0.782	0.218
37.00	27884.59	 7900.47	64214.94	 2282.28	72115.41	-0.206	1.279	1.080	14380.73	100		 1790.41	  491.87	54447.21	17668.20	0.784	0.216
38.00	26079.08	 6170.23	67750.69	 1805.51	73920.92	-0.235	1.261	1.065	14498.75	100		 1423.05	  382.46	55870.26	18050.66	0.788	0.212
39.00	24675.28	 4731.52	70593.20	 1403.80	75324.72	-0.256	1.247	1.054	14569.07	100		 1111.02	  292.78	56981.28	18343.44	0.791	0.209
40.00	23598.14	 3573.04	72828.82	 1077.14	76401.86	-0.273	1.237	1.045	14611.59	100		  853.36	  223.78	57834.64	18567.22	0.792	0.208
41.00	22772.43	 2686.27	74541.30	  825.71	77227.57	-0.283	1.228	1.039	14635.65	100		  656.78	  168.93	58491.42	18736.15	0.795	0.205
42.00	22143.35	 2006.98	75849.67	  629.08	77856.65	-0.288	1.222	1.034	14650.04	100		  499.41	  129.67	58990.83	18865.82	0.794	0.206
43.00	21674.59	 1484.67	76840.74	  468.76	78325.41	-0.296	1.217	1.030	14657.77	100		  373.74	   95.02	59364.57	18960.84	0.797	0.203
44.00	21321.67	 1103.88	77574.45	  352.92	78678.33	-0.299	1.214	1.028	14662.40	100		  279.37	   73.55	59643.94	19034.39	0.792	0.208
45.00	21056.47	  818.26	78125.27	  265.20	78943.53	-0.298	1.211	1.026	14664.79	100		  210.67	   54.53	59854.61	19088.92	0.794	0.206
46.00	20859.05	  602.64	78538.31	  197.42	79140.95	-0.303	1.209	1.024	14666.19	100		  157.70	   39.72	60012.31	19128.64	0.799	0.201
47.00	20714.55	  442.48	78842.97	  144.50	79285.45	-0.307	1.208	1.023	14666.85	100		  114.92	   29.58	60127.23	19158.22	0.795	0.205
48.00	20605.18	  330.07	79064.75	  109.37	79394.82	-0.301	1.207	1.022	14667.24	100		   87.33	   22.04	60214.56	19180.26	0.798	0.202
49.00	20524.81	  242.94	79232.25	   80.37	79475.19	-0.300	1.206	1.021	14667.47	100		   64.51	   15.86	60279.07	19196.12	0.803	0.197
50.00	20465.12	  179.17	79355.71	   59.69	79534.88	-0.305	1.205	1.021	14667.59	100		   47.51	   12.18	60326.58	19208.30	0.796	0.204
51.00	20420.95	  132.21	79446.84	   44.17	79579.05	-0.304	1.205	1.021	14667.64	100		   35.18	    8.99	60361.76	19217.29	0.796	0.204
52.00	20387.62	   98.88	79513.50	   33.33	79612.38	-0.297	1.205	1.020	14667.69	100		   26.57	    6.76	60388.33	19224.05	0.797	0.203
53.00	20362.67	   73.77	79563.56	   24.95	79637.33	-0.292	1.204	1.020	14667.71	100		   19.85	    5.10	60408.18	19229.15	0.796	0.204
54.00	20344.68	   54.20	79601.12	   17.99	79655.32	-0.301	1.204	1.020	14667.71	100		   14.53	    3.46	60422.71	19232.61	0.808	0.192
55.00	20331.69	   39.65	79628.66	   12.99	79668.31	-0.310	1.204	1.020	14667.72	100		   10.11	    2.88	60432.82	19235.49	0.778	0.222
56.00	20321.61	   29.82	79648.57	   10.08	79678.39	-0.299	1.204	1.020	14667.73	100		    8.02	    2.06	60440.84	19237.55	0.796	0.204
57.00	20314.14	   21.95	79663.91	    7.47	79685.86	-0.296	1.204	1.020	14667.73	100		    6.09	    1.38	60446.93	19238.93	0.815	0.185
58.00	20308.71	   16.09	79675.20	    5.43	79691.29	-0.308	1.204	1.020	14667.73	100		    4.37	    1.06	60451.30	19239.99	0.805	0.195
59.00	20304.89	   11.69	79683.42	    3.82	79695.11	-0.315	1.204	1.020	14667.73	100		    3.06	    0.76	60454.36	19240.75	0.801	0.199
60.00	20302.02	    8.88	79689.10	    2.87	79697.98	-0.297	1.204	1.020	14667.73	100		    2.41	    0.46	60456.77	19241.21	0.840	0.160
61.00	20299.73	    6.90	79693.37	    2.29	79700.27	-0.264	1.204	1.020	14667.73	100		    1.77	    0.52	60458.54	19241.73	0.773	0.227
62.00	20297.97	    5.22	79696.81	    1.76	79702.03	-0.266	1.204	1.020	14667.73	100		    1.41	    0.35	60459.95	19242.08	0.801	0.199
63.00	20296.73	    3.85	79699.42	    1.24	79703.27	-0.292	1.204	1.020	14667.73	100		    0.95	    0.29	60460.90	19242.37	0.766	0.234
64.00	20295.67	    2.94	79701.39	    1.06	79704.33	-0.287	1.204	1.020	14667.73	100		    0.85	    0.21	60461.75	19242.58	0.802	0.198
65.00	20295.00	    2.03	79702.97	    0.67	79705.00	-0.320	1.204	1.020	14667.73	100		    0.52	    0.15	60462.27	19242.73	0.776	0.224
66.00	20294.47	    1.46	79704.07	    0.53	79705.53	-0.350	1.204	1.020	14667.73	100		    0.39	    0.14	60462.66	19242.87	0.736	0.264
67.00	20294.09	    1.07	79704.84	    0.38	79705.91	-0.320	1.204	1.020	14667.73	100		    0.31	    0.07	60462.97	19242.94	0.816	0.184
68.00	20293.79	    0.80	79705.41	    0.30	79706.21	-0.301	1.204	1.020	14667.73	100		    0.24	    0.06	60463.21	19243.00	0.800	0.200
69.00	20293.60	    0.55	79705.85	    0.19	79706.40	-0.333	1.204	1.020	14667.73	100		    0.18	    0.01	60463.39	19243.01	0.947	0.053
70.00	20293.47	    0.37	79706.16	    0.13	79706.53	-0.386	1.204	1.020	14667.73	100		    0.11	    0.02	60463.50	19243.03	0.846	0.154
71.00	20293.40	    0.23	79706.37	    0.07	79706.60	-0.436	1.204	1.020	14667.73	100		    0.03	    0.04	60463.53	19243.07	0.429	0.571
72.00	20293.30	    0.21	79706.49	    0.10	79706.70	-0.283	1.204	1.020	14667.73	100		    0.07	    0.03	60463.60	19243.10	0.700	0.300
73.00	20293.27	    0.09	79706.64	    0.03	79706.73	-0.469	1.204	1.020	14667.73	100		    0.03	    0.00	60463.63	19243.10	1.000	0.000
74.00	20293.25	    0.06	79706.69	    0.02	79706.75	-0.626	1.204	1.020	14667.73	100		    0.02	    0.00	60463.65	19243.10	1.000	0.000
75.00	20293.25	    0.03	79706.72	    0.00	79706.75	-0.549	1.204	1.020	14667.73	100		    0.00	    0.00	60463.65	19243.10	0.000	0.000
76.00	20293.24	    0.04	79706.72	    0.01	79706.76	-0.203	1.204	1.020	14667.73	100		    0.01	    0.00	60463.66	19243.10	1.000	0.000
77.00	20293.23	    0.03	79706.74	    0.01	79706.77	0.000	1.204	1.020	14667.73	100		    0.01	    0.00	60463.67	19243.10	1.000	0.000
78.00	20293.22	    0.02	79706.76	    0.01	79706.78	-0.347	1.204	1.020	14667.73	100		    0.01	    0.00	60463.68	19243.10	1.000	0.000
79.00	20293.22	    0.00	79706.78	    0.00	79706.78	-0.549	1.204	1.020	14667.73	100		    0.00	    0.00	60463.68	19243.10	0.000	0.000
80.00	20293.22	    0.00	79706.78	    0.00	79706.78	-0.347	1.204	1.020	14667.73	100		    0.00	    0.00	60463.68	19243.10	0.000	0.000
81.00	20293.22	    0.00	79706.78	    0.00	79706.78	0.000	1.204	1.020	14667.73	100		    0.00	    0.00	60463.68	19243.10	0.000	0.000
82.00	20293.22	    0.00	79706.78	    0.00	79706.78	0.000	1.204	1.020	14667.73	100		    0.00	    0.00	60463.68	19243.10	0.000	0.000
83.00	20293.22	    0.00	79706.78	    0.00	79706.78	0.000	1.204	1.020	14667.73	100		    0.00	    0.00	60463.68	19243.10	0.000	0.000
84.00	20293.22	    0.00	79706.78	    0.00	79706.78	0.000	1.204	1.020	14667.73	100		    0.00	    0.00	60463.68	19243.10	0.000	0.000
85.00	20293.22	    0.00	79706.78	    0.00	79706.78	0.000	1.204	1.020	14667.73	100		    0.00	    0.00	60463.68	19243.10	0.000	0.000
86.00	20293.22	    0.00	79706.78	    0.00	79706.78	0.000	1.204	1.020	14667.73	100		    0.00	    0.00	60463.68	19243.10	0.000	0.000
87.00	20293.22	    0.00	79706.78	    0.00	79706.78	0.000	1.204	1.020	14667.73	100		    0.00	    0.00	60463.68	19243.10	0.000	0.000
88.00	20293.22	    0.00	79706.78	    0.00	79706.78	0.000	1.204	1.020	14667.73	100		    0.00	    0.00	60463.68	19243.10	0.000	0.000
89.00	20293.22	    0.00	79706.78	    0.00	79706.78	0.000	1.204	1.020	14667.73	100		    0.00	    0.00	60463.68	19243.10	0.000	0.000
90.00	20293.22	    0.00	79706.78	    0.00	79706.78	0.000	1.204	1.020	14667.73	100		    0.00	    0.00	60463.68	19243.10	0.000	0.000
91.00	20293.22	    0.00	79706.78	    0.00	79706.78	0.000	1.204	1.020	14667.73	100		    0.00	    0.00	60463.68	19243.10	0.000	0.000
92.00	20293.22	    0.00	79706.78	    0.00	79706.78	0.000	1.204	1.020	14667.73	100		    0.00	    0.00	60463.68	19243.10	0.000	0.000
93.00	20293.22	    0.00	79706.78	    0.00	79706.78	0.000	1.204	1.020	14667.73	100		    0.00	    0.00	60463.68	19243.10	0.000	0.000
94.00	20293.22	    0.00	79706.78	    0.00	79706.78	0.000	1.204	1.020	14667.73	100		    0.00	    0.00	60463.68	19243.10	0.000	0.000
95.00	20293.22	    0.00	79706.78	    0.00	79706.78	0.000	1.204	1.020	14667.73	100		    0.00	    0.00	60463.68	19243.10	0.000	0.000
96.00	20293.22	    0.00	79706.78	    0.00	79706.78	0.000	1.204	1.020	14667.73	100		    0.00	    0.00	60463.68	19243.10	0.000	0.000
97.00	20293.22	    0.00	79706.78	    0.00	79706.78	0.000	1.204	1.020	14667.73	100		    0.00	    0.00	60463.68	19243.10	0.000	0.000
98.00	20293.22	    0.00	79706.78	    0.00	79706.78	0.000	1.204	1.020	14667.73	100		    0.00	    0.00	60463.68	19243.10	0.000	0.000
99.00	20293.22	    0.00	79706.78	    0.00	79706.78	0.000	1.204	1.020	14667.73	100		    0.00	    0.00	60463.68	19243.10	0.000	0.000
100.00	20293.22	    0.00	79706.78	    0.00	79706.78	0.000	1.204	1.020	14667.73	100		    0.00	    0.00	60463.68	19243.10	0.000	0.000
101.00	20293.22	    0.00	79706.78	    0.00	79706.78	0.000	1.204	1.020	14667.73	100		    0.00	    0.00	60463.68	19243.10	0.000	0.000
102.00	20293.22	    0.00	79706.78	    0.00	79706.78	0.000	1.204	1.020	14667.73	100		    0.00	    0.00	60463.68	19243.10	0.000	0.000
103.00	20293.22	    0.00	79706.78	    0.00	79706.78	0.000	1.204	1.020	14667.73	100		    0.00	    0.00	60463.68	19243.10	0.000	0.000
104.00	20293.22	    0.00	79706.78	    0.00	79706.78	0.000	1.204	1.020	14667.73	100		    0.00	    0.00	60463.68	19243.10	0.000	0.000
105.00	20293.22	    0.00	79706.78	    0.00	79706.78	0.000	1.204	1.020	14667.73	100		    0.00	    0.00	60463.68	19243.10	0.000	0.000
106.00	20293.22	    0.00	79706.78	    0.00	79706.78	0.000	1.204	1.020	14667.73	100		    0.00	    0.00	60463.68	19243.10	0.000	0.000
107.00	20293.22	    0.00	79706.78	    0.00	79706.78	0.000	1.204	1.020	14667.73	100		    0.00	    0.00	60463.68	19243.10	0.000	0.000
108.00	20293.22	    0.00	79706.78	    0.00	79706.78	0.000	1.204	1.020	14667.73	100		    0.00	    0.00	60463.68	19243.10	0.000	0.000
109.00	20293.22	    0.00	79706.78	    0.00	79706.78	0.000	1.204	1.020	14667.73	100		    0.00	    0.00	60463.68	19243.10	0.000	0.000
110.00	20293.22	    0.00	79706.78	    0.00	79706.78	0.000	1.204	1.020	14667.73	100		    0.00	    0.00	60463.68	19243.10	0.000	0.000
111.00	20293.22	    0.00	79706.78	    0.00	79706.78	0.000	1.204	1.020	14667.73	100		    0.00	    0.00	60463.68	19243.10	0.000	0.000
112.00	20293.22	    0.00	79706.78	    0.00	79706.78	0.000	1.204	1.020	14667.73	100		    0.00	    0.00	60463.68	19243.10	0.000	0.000
113.00	20293.22	    0.00	79706.78	    0.00	79706.78	0.000	1.204	1.020	14667.73	100		    0.00	    0.00	60463.68	19243.10	0.000	0.000
114.00	20293.22	    0.00	79706.78	    0.00	79706.78	0.000	1.204	1.020	14667.73	100		    0.00	    0.00	60463.68	19243.10	0.000	0.000
115.00	20293.22	    0.00	79706.78	    0.00	79706.78	0.000	1.204	1.020	14667.73	100		    0.00	    0.00	60463.68	19243.10	0.000	0.000
116.00	20293.22	    0.00	79706.78	    0.00	79706.78	0.000	1.204	1.020	14667.73	100		    0.00	    0.00	60463.68	19243.10	0.000	0.000
117.00	20293.22	    0.00	79706.78	    0.00	79706.78	0.000	1.204	1.020	14667.73	100		    0.00	    0.00	60463.68	19243.10	0.000	0.000
118.00	20293.22	    0.00	79706.78	    0.00	79706.78	0.000	1.204	1.020	14667.73	100		    0.00	    0.00	60463.68	19243.10	0.000	0.000
119.00	20293.22	    0.00	79706.78	    0.00	79706.78	0.000	1.204	1.020	14667.73	100		    0.00	    0.00	60463.68	19243.10	0.000	0.000
120.00	20293.22	    0.00	79706.78	    0.00	79706.78	0.000	1.204	1.020	14667.73	100		    0.00	    0.00	60463.68	19243.10	0.000	0.000
121.00	20293.22	    0.00	79706.78	    0.00	79706.78	0.000	1.204	1.020	14667.73	100		    0.00	    0.00	60463.68	19243.10	0.000	0.000
122.00	20293.22	    0.00	79706.78	    0.00	79706.78	0.000	1.204	1.020	14667.73	100		    0.00	    0.00	60463.68	19243.10	0.000	0.000
123.00	20293.22	    0.00	79706.78	    0.00	79706.78	0.000	1.204	1.020	14667.73	100		    0.00	    0.00	60463.68	19243.10	0.000	0.000
124.00	20293.22	    0.00	79706.78	    0.00	79706.78	0.000	1.204	1.020	14667.73	100		    0.00	    0.00	60463.68	19243.10	0.000	0.000
125.00	20293.22	    0.00	79706.78	    0.00	79706.78	0.000	1.204	1.020	14667.73	100		    0.00	    0.00	60463.68	19243.10	0.000	0.000
126.00	20293.22	    0.00	79706.78	    0.00	79706.78	0.000	1.204	1.020	14667.73	100		    0.00	    0.00	60463.68	19243.10	0.000	0.000
127.00	20293.22	    0.00	79706.78	    0.00	79706.78	0.000	1.204	1.020	14667.73	100		    0.00	    0.00	60463.68	19243.10	0.000	0.000
128.00	20293.22	    0.00	79706.78	    0.00	79706.78	0.000	1.204	1.020	14667.73	100		    0.00	    0.00	60463.68	19243.10	0.000	0.000
129.00	20293.22	    0.00	79706.78	    0.00	79706.78	0.000	1.204	1.020	14667.73	100		    0.00	    0.00	60463.68	19243.10	0.000	0.000
130.00	20293.22	    0.00	79706.78	    0.00	79706.78	0.000	1.204	1.020	14667.73	100		    0.00	    0.00	60463.68	19243.10	0.000	0.000
131.00	20293.22	    0.00	79706.78	    0.00	79706.78	0.000	1.204	1.020	14667.73	100		    0.00	    0.00	60463.68	19243.10	0.000	0.000
132.00	20293.22	    0.00	79706.78	    0.00	79706.78	0.000	1.204	1.020	14667.73	100		    0.00	    0.00	60463.68	19243.10	0.000	0.000
133.00	20293.22	    0.00	79706.78	    0.00	79706.78	0.000	1.204	1.020	14667.73	100		    0.00	    0.00	60463.68	19243.10	0.000	0.000
134.00	20293.22	    0.00	79706.78	    0.00	79706.78	0.000	1.204	1.020	14667.73	100		    0.00	    0.00	60463.68	19243.10	0.000	0.000
135.00	20293.22	    0.00	79706.78	    0.00	79706.78	0.000	1.204	1.020	14667.73	100		    0.00	    0.00	60463.68	19243.10	0.000	0.000
136.00	20293.22	    0.00	79706.78	    0.00	79706.78	0.000	1.204	1.020	14667.73	100		    0.00	    0.00	60463.68	19243.10	0.000	0.000
137.00	20293.22	    0.00	79706.78	    0.00	79706.78	0.000	1.204	1.020	14667.73	100		    0.00	    0.00	60463.68	19243.10	0.000	0.000
138.00	20293.22	    0.00	79706.78	    0.00	79706.78	0.000	1.204	1.020	14667.73	100		    0.00	    0.00	60463.68	19243.10	0.000	0.000
139.00	20293.22	    0.00	79706.78	    0.00	79706.78	0.000	1.204	1.020	14667.73	100		    0.00	    0.00	60463.68	19243.10	0.000	0.000
140.00	20293.22	    0.00	79706.78	    0.00	79706.78	0.000	1.204	1.020	14667.73	100		    0.00	    0.00	60463.68	19243.10	0.000	0.000
141.00	20293.22	    0.00	79706.78	    0.00	79706.78	0.000	1.204	1.020	14667.73	100		    0.00	    0.00	60463.68	19243.10	0.000	0.000
142.00	20293.22	    0.00	79706.78	    0.00	79706.78	0.000	1.204	1.020	14667.73	100		    0.00	    0.00	60463.68	19243.10	0.000	0.000
143.00	20293.22	    0.00	79706.78	    0.00	79706.78	0.000	1.204	1.020	14667.73	100		    0.00	    0.00	60463.68	19243.10	0.000	0.000
144.00	20293.22	    0.00	79706.78	    0.00	79706.78	0.000	1.204	1.020	14667.73	100		    0.00	    0.00	60463.68	19243.10	0.000	0.000
145.00	20293.22	    0.00	79706.78	    0.00	79706.78	0.000	1.204	1.020	14667.73	100		    0.00	    0.00	60463.68	19243.10	0.000	0.000
146.00	20293.22	    0.00	79706.78	    0.00	79706.78	0.000	1.204	1.020	14667.73	100		    0.00	    0.00	60463.68	19243.10	0.000	0.000
147.00	20293.22	    0.00	79706.78	    0.00	79706.78	0.000	1.204	1.020	14667.73	100		    0.00	    0.00	60463.68	19243.10	0.000	0.000
148.00	20293.22	    0.00	79706.78	    0.00	79706.78	0.000	1.204	1.020	14667.73	100		    0.00	    0.00	60463.68	19243.10	0.000	0.000
149.00	20293.22	    0.00	79706.78	    0.00	79706.78	0.000	1.204	1.020	14667.73	100		    0.00	    0.00	60463.68	19243.10	0.000	0.000
150.00	20293.22	    0.00	79706.78	    0.00	79706.78	0.000	1.204	1.020	14667.73	100		    0.00	    0.00	60463.68	19243.10	0.000	0.000
151.00	20293.22	    0.00	79706.78	    0.00	79706.78	0.000	1.204	1.020	14667.73	100		    0.00	    0.00	60463.68	19243.10	0.000	0.000
152.00	20293.22	    0.00	79706.78	    0.00	79706.78	0.000	1.204	1.020	14667.73	100		    0.00	    0.00	60463.68	19243.10	0.000	0.000
153.00	20293.22	    0.00	79706.78	    0.00	79706.78	0.000	1.204	1.020	14667.73	100		    0.00	    0.00	60463.68	19243.10	0.000	0.000
154.00	20293.22	    0.00	79706.78	    0.00	79706.78	0.000	1.204	1.020	14667.73	100		    0.00	    0.00	60463.68	19243.10	0.000	0.000
155.00	20293.22	    0.00	79706.78	    0.00	79706.78	0.000	1.204	1.020	14667.73	100		    0.00	    0.00	60463.68	19243.10	0.000	0.000
156.00	20293.22	    0.00	79706.78	    0.00	79706.78	0.000	1.204	1.020	14667.73	100		    0.00	    0.00	60463.68	19243.10	0.000	0.000
157.00	20293.22	    0.00	79706.78	    0.00	79706.78	0.000	1.204	1.020	14667.73	100		    0.00	    0.00	60463.68	19243.10	0.000	0.000
158.00	20293.22	    0.00	79706.78	    0.00	79706.78	0.000	1.204	1.020	14667.73	100		    0.00	    0.00	60463.68	19243.10	0.000	0.000
159.00	20293.22	    0.00	79706.78	    0.00	79706.78	0.000	1.204	1.020	14667.73	100		    0.00	    0.00	60463.68	19243.10	0.000	0.000
160.00	20293.22	    0.00	79706.78	    0.00	79706.78	0.000	1.204	1.020	14667.73	100		    0.00	    0.00	60463.68	19243.10	0.000	0.000
161.00	20293.22	    0.00	79706.78	    0.00	79706.78	0.000	1.204	1.020	14667.73	100		    0.00	    0.00	60463.68	19243.10	0.000	0.000
162.00	20293.22	    0.00	79706.78	    0.00	79706.78	0.000	1.204	1.020	14667.73	100		    0.00	    0.00	60463.68	19243.10	0.000	0.000
163.00	20293.22	    0.00	79706.78	    0.00	79706.78	0.000	1.204	1.020	14667.73	100		    0.00	    0.00	60463.68	19243.10	0.000	0.000
164.00	20293.22	    0.00	79706.78	    0.00	79706.78	0.000	1.204	1.020	14667.73	100		    0.00	    0.00	60463.68	19243.10	0.000	0.000
165.00	20293.22	    0.00	79706.78	    0.00	79706.78	0.000	1.204	1.020	14667.73	100		    0.00	    0.00	60463.68	19243.10	0.000	0.000
166.00	20293.22	    0.00	79706.78	    0.00	79706.78	0.000	1.204	1.020	14667.73	100		    0.00	    0.00	60463.68	19243.10	0.000	0.000
167.00	20293.22	    0.00	79706.78	    0.00	79706.78	0.000	1.204	1.020	14667.73	100		    0.00	    0.00	60463.68	19243.10	0.000	0.000
168.00	20293.22	    0.00	79706.78	    0.00	79706.78	0.000	1.204	1.020	14667.73	100		    0.00	    0.00	60463.68	19243.10	0.000	0.000
169.00	20293.22	    0.00	79706.78	    0.00	79706.78	0.000	1.204	1.020	14667.73	100		    0.00	    0.00	60463.68	19243.10	0.000	0.000
170.00	20293.22	    0.00	79706.78	    0.00	79706.78	0.000	1.204	1.020	14667.73	100		    0.00	    0.00	60463.68	19243.10	0.000	0.000
171.00	20293.22	    0.00	79706.78	    0.00	79706.78	0.000	1.204	1.020	14667.73	100		    0.00	    0.00	60463.68	19243.10	0.000	0.000
172.00	20293.22	    0.00	79706.78	    0.00	79706.78	0.000	1.204	1.020	14667.73	100		    0.00	    0.00	60463.68	19243.10	0.000	0.000
173.00	20293.22	    0.00	79706.78	    0.00	79706.78	0.000	1.204	1.020	14667.73	100		    0.00	    0.00	60463.68	19243.10	0.000	0.000
174.00	20293.22	    0.00	79706.78	    0.00	79706.78	0.000	1.204	1.020	14667.73	100		    0.00	    0.00	60463.68	19243.10	0.000	0.000
175.00	20293.22	    0.00	79706.78	    0.00	79706.78	0.000	1.204	1.020	14667.73	100		    0.00	    0.00	60463.68	19243.10	0.000	0.000
176.00	20293.22	    0.00	79706.78	    0.00	79706.78	0.000	1.204	1.020	14667.73	100		    0.00	    0.00	60463.68	19243.10	0.000	0.000
177.00	20293.22	    0.00	79706.78	    0.00	79706.78	0.000	1.204	1.020	14667.73	100		    0.00	    0.00	60463.68	19243.10	0.000	0.000
178.00	20293.22	    0.00	79706.78	    0.00	79706.78	0.000	1.204	1.020	14667.73	100		    0.00	    0.00	60463.68	19243.10	0.000	0.000
179.00	20293.22	    0.00	79706.78	    0.00	79706.78	0.000	1.204	1.020	14667.73	100		    0.00	    0.00	60463.68	19243.10	0.000	0.000
180.00	20293.22	    0.00	79706.78	    0.00	79706.78	0.000	1.204	1.020	14667.73	100		    0.00	    0.00	60463.68	19243.10	0.000	0.000
181.00	20293.22	    0.00	79706.78	    0.00	79706.78	0.000	1.204	1.020	14667.73	100		    0.00	    0.00	60463.68	19243.10	0.000	0.000
182.00	20293.22	    0.00	79706.78	    0.00	79706.78	0.000	1.204	1.020	14667.73	100		    0.00	    0.00	60463.68	19243.10	0.000	0.000
183.00	20293.22	    0.00	79706.78	    0.00	79706.78	0.000	1.204	1.020	14667.73	100		    0.00	    0.00	60463.68	19243.10	0.000	0.000
184.00	20293.22	    0.00	79706.78	    0.00	79706.78	0.000	1.204	1.020	14667.73	100		    0.00	    0.00	60463.68	19243.10	0.000	0.000
185.00	20293.22	    0.00	79706.78	    0.00	79706.78	0.000	1.204	1.020	14667.73	100		    0.00	    0.00	60463.68	19243.10	0.000	0.000
186.00	20293.22	    0.00	79706.78	    0.00	79706.78	0.000	1.204	1.020	14667.73	100		    0.00	    0.00	60463.68	19243.10	0.000	0.000
187.00	20293.22	    0.00	79706.78	    0.00	79706.78	0.000	1.204	1.020	14667.73	100		    0.00	    0.00	60463.68	19243.10	0.000	0.000
188.00	20293.22	    0.00	79706.78	    0.00	79706.78	0.000	1.204	1.020	14667.73	100		    0.00	    0.00	60463.68	19243.10	0.000	0.000
189.00	20293.22	    0.00	79706.78	    0.00	79706.78	0.000	1.204	1.020	14667.73	100		    0.00	    0.00	60463.68	19243.10	0.000	0.000
190.00	20293.22	    0.00	79706.78	    0.00	79706.78	0.000	1.204	1.020	14667.73	100		    0.00	    0.00	60463.68	19243.10	0.000	0.000
191.00	20293.22	    0.00	79706.78	    0.00	79706.78	0.000	1.204	1.020	14667.73	100		    0.00	    0.00	60463.68	19243.10	0.000	0.000
192.00	20293.22	    0.00	79706.78	    0.00	79706.78	0.000	1.204	1.020	14667.73	100		    0.00	    0.00	60463.68	19243.10	0.000	0.000
193.00	20293.22	    0.00	79706.78	    0.00	79706.78	0.000	1.204	1.020	14667.73	100		    0.00	    0.00	60463.68	19243.10	0.000	0.000
194.00	20293.22	    0.00	79706.78	    0.00	79706.78	0.000	1.204	1.020	14667.73	100		    0.00	    0.00	60463.68	19243.10	0.000	0.000
195.00	20293.22	    0.00	79706.78	    0.00	79706.78	0.000	1.204	1.020	14667.73	100		    0.00	    0.00	60463.68	19243.10	0.000	0.000
196.00	20293.22	    0.00	79706.78	    0.00	79706.78	0.000	1.204	1.020	14667.73	100		    0.00	    0.00	60463.68	19243.10	0.000	0.000
197.00	20293.22	    0.00	79706.78	    0.00	79706.78	0.000	1.204	1.020	14667.73	100		    0.00	    0.00	60463.68	19243.10	0.000	0.000
198.00	20293.22	    0.00	79706.78	    0.00	79706.78	0.000	1.204	1.020	14667.73	100		    0.00	    0.00	60463.68	19243.10	0.000	0.000
199.00	20293.22	    0.00	79706.78	    0.00	79706.78	0.000	1.204	1.020	14667.73	100		    0.00	    0.00	60463.68	19243.10	0.000	0.000
200.00	20293.22	    0.00	79706.78	    0.00	79706.78	0.000	1.204	1.020	14667.73	100		    0.00	    0.00	60463.68	19243.10	0.000	0.000
201.00	20293.22	    0.00	79706.78	    0.00	79706.78	0.000	1.204	1.020	14667.73	100		    0.00	    0.00	60463.68	19243.10	0.000	0.000
202.00	20293.22	    0.00	79706.78	    0.00	79706.78	0.000	1.204	1.020	14667.73	100		    0.00	    0.00	60463.68	19243.10	0.000	0.000
203.00	20293.22	    0.00	79706.78	    0.00	79706.78	0.000	1.204	1.020	14667.73	100		    0.00	    0.00	60463.68	19243.10	0.000	0.000
204.00	20293.22	    0.00	79706.78	    0.00	79706.78	0.000	1.204	1.020	14667.73	100		    0.00	    0.00	60463.68	19243.10	0.000	0.000
205.00	20293.22	    0.00	79706.78	    0.00	79706.78	0.000	1.204	1.020	14667.73	100		    0.00	    0.00	60463.68	19243.10	0.000	0.000
206.00	20293.22	    0.00	79706.78	    0.00	79706.78	0.000	1.204	1.020	14667.73	100		    0.00	    0.00	60463.68	19243.10	0.000	0.000
207.00	20293.22	    0.00	79706.78	    0.00	79706.78	0.000	1.204	1.020	14667.73	100		    0.00	    0.00	60463.68	19243.10	0.000	0.000
208.00	20293.22	    0.00	79706.78	    0.00	79706.78	0.000	1.204	1.020	14667.73	100		    0.00	    0.00	60463.68	19243.10	0.000	0.000
209.00	20293.22	    0.00	79706.78	    0.00	79706.78	0.000	1.204	1.020	14667.73	100		    0.00	    0.00	60463.68	19243.10	0.000	0.000
210.00	20293.22	    0.00	79706.78	    0.00	79706.78	0.000	1.204	1.020	14667.73	100		    0.00	    0.00	60463.68	19243.10	0.000	0.000
211.00	20293.22	    0.00	79706.78	    0.00	79706.78	0.000	1.204	1.020	14667.73	100		    0.00	    0.00	60463.68	19243.10	0.000	0.000
212.00	20293.22	    0.00	79706.78	    0.00	79706.78	0.000	1.204	1.020	14667.73	100		    0.00	    0.00	60463.68	19243.10	0.000	0.000
213.00	20293.22	    0.00	79706.78	    0.00	79706.78	0.000	1.204	1.020	14667.73	100		    0.00	    0.00	60463.68	19243.10	0.000	0.000
214.00	20293.22	    0.00	79706.78	    0.00	79706.78	0.000	1.204	1.020	14667.73	100		    0.00	    0.00	60463.68	19243.10	0.000	0.000
215.00	20293.22	    0.00	79706.78	    0.00	79706.78	0.000	1.204	1.020	14667.73	100		    0.00	    0.00	60463.68	19243.10	0.000	0.000
216.00	20293.22	    0.00	79706.78	    0.00	79706.78	0.000	1.204	1.020	14667.73	100		    0.00	    0.00	60463.68	19243.10	0.000	0.000
217.00	20293.22	    0.00	79706.78	    0.00	79706.78	0.000	1.204	1.020	14667.73	100		    0.00	    0.00	60463.68	19243.10	0.000	0.000
218.00	20293.22	    0.00	79706.78	    0.00	79706.78	0.000	1.204	1.020	14667.73	100		    0.00	    0.00	60463.68	19243.10	0.000	0.000
219.00	20293.22	    0.00	79706.78	    0.00	79706.78	0.000	1.204	1.020	14667.73	100		    0.00	    0.00	60463.68	19243.10	0.000	0.000
220.00	20293.22	    0.00	79706.78	    0.00	79706.78	0.000	1.204	1.020	14667.73	100		    0.00	    0.00	60463.68	19243.10	0.000	0.000
221.00	20293.22	    0.00	79706.78	    0.00	79706.78	0.000	1.204	1.020	14667.73	100		    0.00	    0.00	60463.68	19243.10	0.000	0.000
222.00	20293.22	    0.00	79706.78	    0.00	79706.78	0.000	1.204	1.020	14667.73	100		    0.00	    0.00	60463.68	19243.10	0.000	0.000
223.00	20293.22	    0.00	79706.78	    0.00	79706.78	0.000	1.204	1.020	14667.73	100		    0.00	    0.00	60463.68	19243.10	0.000	0.000
224.00	20293.22	    0.00	79706.78	    0.00	79706.78	0.000	1.204	1.020	14667.73	100		    0.00	    0.00	60463.68	19243.10	0.000	0.000
225.00	20293.22	    0.00	79706.78	    0.00	79706.78	0.000	1.204	1.020	14667.73	100		    0.00	    0.00	60463.68	19243.10	0.000	0.000
226.00	20293.22	    0.00	79706.78	    0.00	79706.78	0.000	1.204	1.020	14667.73	100		    0.00	    0.00	60463.68	19243.10	0.000	0.000
227.00	20293.22	    0.00	79706.78	    0.00	79706.78	0.000	1.204	1.020	14667.73	100		    0.00	    0.00	60463.68	19243.10	0.000	0.000
228.00	20293.22	    0.00	79706.78	    0.00	79706.78	0.000	1.204	1.020	14667.73	100		    0.00	    0.00	60463.68	19243.10	0.000	0.000
229.00	20293.22	    0.00	79706.78	    0.00	79706.78	0.000	1.204	1.020	14667.73	100		    0.00	    0.00	60463.68	19243.10	0.000	0.000
230.00	20293.22	    0.00	79706.78	    0.00	79706.78	0.000	1.204	1.020	14667.73	100		    0.00	    0.00	60463.68	19243.10	0.000	0.000
231.00	20293.22	    0.00	79706.78	    0.00	79706.78	0.000	1.204	1.020	14667.73	100		    0.00	    0.00	60463.68	19243.10	0.000	0.000
232.00	20293.22	    0.00	79706.78	    0.00	79706.78	0.000	1.204	1.020	14667.73	100		    0.00	    0.00	60463.68	19243.10	0.000	0.000
233.00	20293.22	    0.00	79706.78	    0.00	79706.78	0.000	1.204	1.020	14667.73	100		    0.00	    0.00	60463.68	19243.10	0.000	0.000
234.00	20293.22	    0.00	79706.78	    0.00	79706.78	0.000	1.204	1.020	14667.73	100		    0.00	    0.00	60463.68	19243.10	0.000	0.000
235.00	20293.22	    0.00	79706.78	    0.00	79706.78	0.000	1.204	1.020	14667.73	100		    0.00	    0.00	60463.68	19243.10	0.000	0.000
236.00	20293.22	    0.00	79706.78	    0.00	79706.78	0.000	1.204	1.020	14667.73	100		    0.00	    0.00	60463.68	19243.10	0.000	0.000
237.00	20293.22	    0.00	79706.78	    0.00	79706.78	0.000	1.204	1.020	14667.73	100		    0.00	    0.00	60463.68	19243.10	0.000	0.000
238.00	20293.22	    0.00	79706.78	    0.00	79706.78	0.000	1.204	1.020	14667.73	100		    0.00	    0.00	60463.68	19243.10	0.000	0.000
239.00	20293.22	    0.00	79706.78	    0.00	79706.78	0.000	1.204	1.020	14667.73	100		    0.00	    0.00	60463.68	19243.10	0.000	0.000
240.00	20293.22	    0.00	79706.78	    0.00	79706.78	0.000	1.204	1.020	14667.73	100		    0.00	    0.00	60463.68	19243.10	0.000	0.000
241.00	20293.22	    0.00	79706.78	    0.00	79706.78	0.000	1.204	1.020	14667.73	100		    0.00	    0.00	60463.68	19243.10	0.000	0.000
242.00	20293.22	    0.00	79706.78	    0.00	79706.78	0.000	1.204	1.020	14667.73	100		    0.00	    0.00	60463.68	19243.10	0.000	0.000
243.00	20293.22	    0.00	79706.78	    0.00	79706.78	0.000	1.204	1.020	14667.73	100		    0.00	    0.00	60463.68	19243.10	0.000	0.000
244.00	20293.22	    0.00	79706.78	    0.00	79706.78	0.000	1.204	1.020	14667.73	100		    0.00	    0.00	60463.68	19243.10	0.000	0.000
245.00	20293.22	    0.00	79706.78	    0.00	79706.78	0.000	1.204	1.020	14667.73	100		    0.00	    0.00	60463.68	19243.10	0.000	0.000
246.00	20293.22	    0.00	79706.78	    0.00	79706.78	0.000	1.204	1.020	14667.73	100		    0.00	    0.00	60463.68	19243.10	0.000	0.000
247.00	20293.22	    0.00	79706.78	    0.00	79706.78	0.000	1.204	1.020	14667.73	100		    0.00	    0.00	60463.68	19243.10	0.000	0.000
248.00	20293.22	    0.00	79706.78	    0.00	79706.78	0.000	1.204	1.020	14667.73	100		    0.00	    0.00	60463.68	19243.10	0.000	0.000
249.00	20293.22	    0.00	79706.78	    0.00	79706.78	0.000	1.204	1.020	14667.73	100		    0.00	    0.00	60463.68	19243.10	0.000	0.000
250.00	20293.22	    0.00	79706.78	    0.00	79706.78	0.000	1.204	1.020	14667.73	100		    0.00	    0.00	60463.68	19243.10	0.000	0.000
251.00	20293.22	    0.00	79706.78	    0.00	79706.78	0.000	1.204	1.020	14667.73	100		    0.00	    0.00	60463.68	19243.10	0.000	0.000
252.00	20293.22	    0.00	79706.78	    0.00	79706.78	0.000	1.204	1.020	14667.73	100		    0.00	    0.00	60463.68	19243.10	0.000	0.000
253.00	20293.22	    0.00	79706.78	    0.00	79706.78	0.000	1.204	1.020	14667.73	100		    0.00	    0.00	60463.68	19243.10	0.000	0.000
254.00	20293.22	    0.00	79706.78	    0.00	79706.78	0.000	1.204	1.020	14667.73	100		    0.00	    0.00	60463.68	19243.10	0.000	0.000
255.00	20293.22	    0.00	79706.78	    0.00	79706.78	0.000	1.204	1.020	14667.73	100		    0.00	    0.00	60463.68	19243.10	0.000	0.000
256.00	20293.22	    0.00	79706.78	    0.00	79706.78	0.000	1.204	1.020	14667.73	100		    0.00	    0.00	60463.68	19243.10	0.000	0.000
257.00	20293.22	    0.00	79706.78	    0.00	79706.78	0.000	1.204	1.020	14667.73	100		    0.00	    0.00	60463.68	19243.10	0.000	0.000
258.00	20293.22	    0.00	79706.78	    0.00	79706.78	0.000	1.204	1.020	14667.73	100		    0.00	    0.00	60463.68	19243.10	0.000	0.000
259.00	20293.22	    0.00	79706.78	    0.00	79706.78	0.000	1.204	1.020	14667.73	100		    0.00	    0.00	60463.68	19243.10	0.000	0.000
260.00	20293.22	    0.00	79706.78	    0.00	79706.78	0.000	1.204	1.020	14667.73	100		    0.00	    0.00	60463.68	19243.10	0.000	0.000
261.00	20293.22	    0.00	79706.78	    0.00	79706.78	0.000	1.204	1.020	14667.73	100		    0.00	    0.00	60463.68	19243.10	0.000	0.000
262.00	20293.22	    0.00	79706.78	    0.00	79706.78	0.000	1.204	1.020	14667.73	100		    0.00	    0.00	60463.68	19243.10	0.000	0.000
263.00	20293.22	    0.00	79706.78	    0.00	79706.78	0.000	1.204	1.020	14667.73	100		    0.00	    0.00	60463.68	19243.10	0.000	0.000
264.00	20293.22	    0.00	79706.78	    0.00	79706.78	0.000	1.204	1.020	14667.73	100		    0.00	    0.00	60463.68	19243.10	0.000	0.000
265.00	20293.22	    0.00	79706.78	    0.00	79706.78	0.000	1.204	1.020	14667.73	100		    0.00	    0.00	60463.68	19243.10	0.000	0.000
266.00	20293.22	    0.00	79706.78	    0.00	79706.78	0.000	1.204	1.020	14667.73	100		    0.00	    0.00	60463.68	19243.10	0.000	0.000
267.00	20293.22	    0.00	79706.78	    0.00	79706.78	0.000	1.204	1.020	14667.73	100		    0.00	    0.00	60463.68	19243.10	0.000	0.000
268.00	20293.22	    0.00	79706.78	    0.00	79706.78	0.000	1.204	1.020	14667.73	100		    0.00	    0.00	60463.68	19243.10	0.000	0.000
269.00	20293.22	    0.00	79706.78	    0.00	79706.78	0.000	1.204	1.020	14667.73	100		    0.00	    0.00	60463.68	19243.10	0.000	0.000
270.00	20293.22	    0.00	79706.78	    0.00	79706.78	0.000	1.204	1.020	14667.73	100		    0.00	    0.00	60463.68	19243.10	0.000	0.000
271.00	20293.22	    0.00	79706.78	    0.00	79706.78	0.000	1.204	1.020	14667.73	100		    0.00	    0.00	60463.68	19243.10	0.000	0.000
272.00	20293.22	    0.00	79706.78	    0.00	79706.78	0.000	1.204	1.020	14667.73	100		    0.00	    0.00	60463.68	19243.10	0.000	0.000
273.00	20293.22	    0.00	79706.78	    0.00	79706.78	0.000	1.204	1.020	14667.73	100		    0.00	    0.00	60463.68	19243.10	0.000	0.000
274.00	20293.22	    0.00	79706.78	    0.00	79706.78	0.000	1.204	1.020	14667.73	100		    0.00	    0.00	60463.68	19243.10	0.000	0.000
275.00	20293.22	    0.00	79706.78	    0.00	79706.78	0.000	1.204	1.020	14667.73	100		    0.00	    0.00	60463.68	19243.10	0.000	0.000
276.00	20293.22	    0.00	79706.78	    0.00	79706.78	0.000	1.204	1.020	14667.73	100		    0.00	    0.00	60463.68	19243.10	0.000	0.000
277.00	20293.22	    0.00	79706.78	    0.00	79706.78	0.000	1.204	1.020	14667.73	100		    0.00	    0.00	60463.68	19243.10	0.000	0.000
278.00	20293.22	    0.00	79706.78	    0.00	79706.78	0.000	1.204	1.020	14667.73	100		    0.00	    0.00	60463.68	19243.10	0.000	0.000
279.00	20293.22	    0.00	79706.78	    0.00	79706.78	0.000	1.204	1.020	14667.73	100		    0.00	    0.00	60463.68	19243.10	0.000	0.000
280.00	20293.22	    0.00	79706.78	    0.00	79706.78	0.000	1.204	1.020	14667.73	100		    0.00	    0.00	60463.68	19243.10	0.000	0.000
281.00	20293.22	    0.00	79706.78	    0.00	79706.78	0.000	1.204	1.020	14667.73	100		    0.00	    0.00	60463.68	19243.10	0.000	0.000
282.00	20293.22	    0.00	79706.78	    0.00	79706.78	0.000	1.204	1.020	14667.73	100		    0.00	    0.00	60463.68	19243.10	0.000	0.000
283.00	20293.22	    0.00	79706.78	    0.00	79706.78	0.000	1.204	1.020	14667.73	100		    0.00	    0.00	60463.68	19243.10	0.000	0.000
284.00	20293.22	    0.00	79706.78	    0.00	79706.78	0.000	1.204	1.020	14667.73	100		    0.00	    0.00	60463.68	19243.10	0.000	0.000
285.00	20293.22	    0.00	79706.78	    0.00	79706.78	0.000	1.204	1.020	14667.73	100		    0.00	    0.00	60463.68	19243.10	0.000	0.000
286.00	20293.22	    0.00	79706.78	    0.00	79706.78	0.000	1.204	1.020	14667.73	100		    0.00	    0.00	60463.68	19243.10	0.000	0.000
287.00	20293.22	    0.00	79706.78	    0.00	79706.78	0.000	1.204	1.020	14667.73	100		    0.00	    0.00	60463.68	19243.10	0.000	0.000
288.00	20293.22	    0.00	79706.78	    0.00	79706.78	0.000	1.204	1.020	14667.73	100		    0.00	    0.00	60463.68	19243.10	0.000	0.000
289.00	20293.22	    0.00	79706.78	    0.00	79706.78	0.000	1.204	1.020	14667.73	100		    0.00	    0.00	60463.68	19243.10	0.000	0.000
290.00	20293.22	    0.00	79706.78	    0.00	79706.78	0.000	1.204	1.020	14667.73	100		    0.00	    0.00	60463.68	19243.10	0.000	0.000
291.00	20293.22	    0.00	79706.78	    0.00	79706.78	0.000	1.204	1.020	14667.73	100		    0.00	    0.00	60463.68	19243.10	0.000	0.000
292.00	20293.22	    0.00	79706.78	    0.00	79706.78	0.000	1.204	1.020	14667.73	100		    0.00	    0.00	60463.68	19243.10	0.000	0.000
293.00	20293.22	    0.00	79706.78	    0.00	79706.78	0.000	1.204	1.020	14667.73	100		    0.00	    0.00	60463.68	19243.10	0.000	0.000
294.00	20293.22	    0.00	79706.78	    0.00	79706.78	0.000	1.204	1.020	14667.73	100		    0.00	    0.00	60463.68	19243.10	0.000	0.000
295.00	20293.22	    0.00	79706.78	    0.00	79706.78	0.000	1.204	1.020	14667.73	100		    0.00	    0.00	60463.68	19243.10	0.000	0.000
296.00	20293.22	    0.00	79706.78	    0.00	79706.78	0.000	1.204	1.020	14667.73	100		    0.00	    0.00	60463.68	19243.10	0.000	0.000
297.00	20293.22	    0.00	79706.78	    0.00	79706.78	0.000	1.204	1.020	14667.73	100		    0.00	    0.00	60463.68	19243.10	0.000	0.000
298.00	20293.22	    0.00	79706.78	    0.00	79706.78	0.000	1.204	1.020	14667.73	100		    0.00	    0.00	60463.68	19243.10	0.000	0.000
299.00	20293.22	    0.00	79706.78	    0.00	79706.78	0.000	1.204	1.020	14667.73	100		    0.00	    0.00	60463.68	19243.10	0.000	0.000
300.00	20293.22	    0.00	79706.78	    0.00	79706.78	0.000	1.204	1.020	14667.73	100		    0.00	    0.00	60463.68	19243.10	0.000	0.000
301.00	20293.22	    0.00	79706.78	    0.00	79706.78	0.000	1.204	1.020	14667.73	100		    0.00	    0.00	60463.68	19243.10	0.000	0.000
302.00	20293.22	    0.00	79706.78	    0.00	79706.78	0.000	1.204	1.020	14667.73	100		    0.00	    0.00	60463.68	19243.10	0.000	0.000
303.00	20293.22	    0.00	79706.78	    0.00	79706.78	0.000	1.204	1.020	14667.73	100		    0.00	    0.00	60463.68	19243.10	0.000	0.000
304.00	20293.22	    0.00	79706.78	    0.00	79706.78	0.000	1.204	1.020	14667.73	100		    0.00	    0.00	60463.68	19243.10	0.000	0.000
305.00	20293.22	    0.00	79706.78	    0.00	79706.78	0.000	1.204	1.020	14667.73	100		    0.00	    0.00	60463.68	19243.10	0.000	0.000
306.00	20293.22	    0.00	79706.78	    0.00	79706.78	0.000	1.204	1.020	14667.73	100		    0.00	    0.00	60463.68	19243.10	0.000	0.000
307.00	20293.22	    0.00	79706.78	    0.00	79706.78	0.000	1.204	1.020	14667.73	100		    0.00	    0.00	60463.68	19243.10	0.000	0.000
308.00	20293.22	    0.00	79706.78	    0.00	79706.78	0.000	1.204	1.020	14667.73	100		    0.00	    0.00	60463.68	19243.10	0.000	0.000
309.00	20293.22	    0.00	79706.78	    0.00	79706.78	0.000	1.204	1.020	14667.73	100		    0.00	    0.00	60463.68	19243.10	0.000	0.000
310.00	20293.22	    0.00	79706.78	    0.00	79706.78	0.000	1.204	1.020	14667.73	100		    0.00	    0.00	60463.68	19243.10	0.000	0.000
311.00	20293.22	    0.00	79706.78	    0.00	79706.78	0.000	1.204	1.020	14667.73	100		    0.00	    0.00	60463.68	19243.10	0.000	0.000
312.00	20293.22	    0.00	79706.78	    0.00	79706.78	0.000	1.204	1.020	14667.73	100		    0.00	    0.00	60463.68	19243.10	0.000	0.000
313.00	20293.22	    0.00	79706.78	    0.00	79706.78	0.000	1.204	1.020	14667.73	100		    0.00	    0.00	60463.68	19243.10	0.000	0.000
314.00	20293.22	    0.00	79706.78	    0.00	79706.78	0.000	1.204	1.020	14667.73	100		    0.00	    0.00	60463.68	19243.10	0.000	0.000
315.00	20293.22	    0.00	79706.78	    0.00	79706.78	0.000	1.204	1.020	14667.73	100		    0.00	    0.00	60463.68	19243.10	0.000	0.000
316.00	20293.22	    0.00	79706.78	    0.00	79706.78	0.000	1.204	1.020	14667.73	100		    0.00	    0.00	60463.68	19243.10	0.000	0.000
317.00	20293.22	    0.00	79706.78	    0.00	79706.78	0.000	1.204	1.020	14667.73	100		    0.00	    0.00	60463.68	19243.10	0.000	0.000
318.00	20293.22	    0.00	79706.78	    0.00	79706.78	0.000	1.204	1.020	14667.73	100		    0.00	    0.00	60463.68	19243.10	0.000	0.000
319.00	20293.22	    0.00	79706.78	    0.00	79706.78	0.000	1.204	1.020	14667.73	100		    0.00	    0.00	60463.68	19243.10	0.000	0.000
320.00	20293.22	    0.00	79706.78	    0.00	79706.78	0.000	1.204	1.020	14667.73	100		    0.00	    0.00	60463.68	19243.10	0.000	0.000
321.00	20293.22	    0.00	79706.78	    0.00	79706.78	0.000	1.204	1.020	14667.73	100		    0.00	    0.00	60463.68	19243.10	0.000	0.000
322.00	20293.22	    0.00	79706.78	    0.00	79706.78	0.000	1.204	1.020	14667.73	100		    0.00	    0.00	60463.68	19243.10	0.000	0.000
323.00	20293.22	    0.00	79706.78	    0.00	79706.78	0.000	1.204	1.020	14667.73	100		    0.00	    0.00	60463.68	19243.10	0.000	0.000
324.00	20293.22	    0.00	79706.78	    0.00	79706.78	0.000	1.204	1.020	14667.73	100		    0.00	    0.00	60463.68	19243.10	0.000	0.000
325.00	20293.22	    0.00	79706.78	    0.00	79706.78	0.000	1.204	1.020	14667.73	100		    0.00	    0.00	60463.68	19243.10	0.000	0.000
326.00	20293.22	    0.00	79706.78	    0.00	79706.78	0.000	1.204	1.020	14667.73	100		    0.00	    0.00	60463.68	19243.10	0.000	0.000
327.00	20293.22	    0.00	79706.78	    0.00	79706.78	0.000	1.204	1.020	14667.73	100		    0.00	    0.00	60463.68	19243.10	0.000	0.000
328.00	20293.22	    0.00	79706.78	    0.00	79706.78	0.000	1.204	1.020	14667.73	100		    0.00	    0.00	60463.68	19243.10	0.000	0.000
329.00	20293.22	    0.00	79706.78	    0.00	79706.78	0.000	1.204	1.020	14667.73	100		    0.00	    0.00	60463.68	19243.10	0.000	0.000
330.00	20293.22	    0.00	79706.78	    0.00	79706.78	0.000	1.204	1.020	14667.73	100		    0.00	    0.00	60463.68	19243.10	0.000	0.000
331.00	20293.22	    0.00	79706.78	    0.00	79706.78	0.000	1.204	1.020	14667.73	100		    0.00	    0.00	60463.68	19243.10	0.000	0.000
332.00	20293.22	    0.00	79706.78	    0.00	79706.78	0.000	1.204	1.020	14667.73	100		    0.00	    0.00	60463.68	19243.10	0.000	0.000
333.00	20293.22	    0.00	79706.78	    0.00	79706.78	0.000	1.204	1.020	14667.73	100		    0.00	    0.00	60463.68	19243.10	0.000	0.000
334.00	20293.22	    0.00	79706.78	    0.00	79706.78	0.000	1.204	1.020	14667.73	100		    0.00	    0.00	60463.68	19243.10	0.000	0.000
335.00	20293.22	    0.00	79706.78	    0.00	79706.78	0.000	1.204	1.020	14667.73	100		    0.00	    0.00	60463.68	19243.10	0.000	0.000
336.00	20293.22	    0.00	79706.78	    0.00	79706.78	0.000	1.204	1.020	14667.73	100		    0.00	    0.00	60463.68	19243.10	0.000	0.000
337.00	20293.22	    0.00	79706.78	    0.00	79706.78	0.000	1.204	1.020	14667.73	100		    0.00	    0.00	60463.68	19243.10	0.000	0.000
338.00	20293.22	    0.00	79706.78	    0.00	79706.78	0.000	1.204	1.020	14667.73	100		    0.00	    0.00	60463.68	19243.10	0.000	0.000
339.00	20293.22	    0.00	79706.78	    0.00	79706.78	0.000	1.204	1.020	14667.73	100		    0.00	    0.00	60463.68	19243.10	0.000	0.000
340.00	20293.22	    0.00	79706.78	    0.00	79706.78	0.000	1.204	1.020	14667.73	100		    0.00	    0.00	60463.68	19243.10	0.000	0.000
341.00	20293.22	    0.00	79706.78	    0.00	79706.78	0.000	1.204	1.020	14667.73	100		    0.00	    0.00	60463.68	19243.10	0.000	0.000
342.00	20293.22	    0.00	79706.78	    0.00	79706.78	0.000	1.204	1.020	14667.73	100		    0.00	    0.00	60463.68	19243.10	0.000	0.000
343.00	20293.22	    0.00	79706.78	    0.00	79706.78	0.000	1.204	1.020	14667.73	100		    0.00	    0.00	60463.68	19243.10	0.000	0.000
344.00	20293.22	    0.00	79706.78	    0.00	79706.78	0.000	1.204	1.020	14667.73	100		    0.00	    0.00	60463.68	19243.10	0.000	0.000
345.00	20293.22	    0.00	79706.78	    0.00	79706.78	0.000	1.204	1.020	14667.73	100		    0.00	    0.00	60463.68	19243.10	0.000	0.000
346.00	20293.22	    0.00	79706.78	    0.00	79706.78	0.000	1.204	1.020	14667.73	100		    0.00	    0.00	60463.68	19243.10	0.000	0.000
347.00	20293.22	    0.00	79706.78	    0.00	79706.78	0.000	1.204	1.020	14667.73	100		    0.00	    0.00	60463.68	19243.10	0.000	0.000
348.00	20293.22	    0.00	79706.78	    0.00	79706.78	0.000	1.204	1.020	14667.73	100		    0.00	    0.00	60463.68	19243.10	0.000	0.000
349.00	20293.22	    0.00	79706.78	    0.00	79706.78	0.000	1.204	1.020	14667.73	100		    0.00	    0.00	60463.68	19243.10	0.000	0.000
350.00	20293.22	    0.00	79706.78	    0.00	79706.78	0.000	1.204	1.020	14667.73	100		    0.00	    0.00	60463.68	19243.10	0.000	0.000
351.00	20293.22	    0.00	79706.78	    0.00	79706.78	0.000	1.204	1.020	14667.73	100		    0.00	    0.00	60463.68	19243.10	0.000	0.000
352.00	20293.22	    0.00	79706.78	    0.00	79706.78	0.000	1.204	1.020	14667.73	100		    0.00	    0.00	60463.68	19243.10	0.000	0.000
353.00	20293.22	    0.00	79706.78	    0.00	79706.78	0.000	1.204	1.020	14667.73	100		    0.00	    0.00	60463.68	19243.10	0.000	0.000
354.00	20293.22	    0.00	79706.78	    0.00	79706.78	0.000	1.204	1.020	14667.73	100		    0.00	    0.00	60463.68	19243.10	0.000	0.000
355.00	20293.22	    0.00	79706.78	    0.00	79706.78	0.000	1.204	1.020	14667.73	100		    0.00	    0.00	60463.68	19243.10	0.000	0.000
356.00	20293.22	    0.00	79706.78	    0.00	79706.78	0.000	1.204	1.020	14667.73	100		    0.00	    0.00	60463.68	19243.10	0.000	0.000
357.00	20293.22	    0.00	79706.78	    0.00	79706.78	0.000	1.204	1.020	14667.73	100		    0.00	    0.00	60463.68	19243.10	0.000	0.000
358.00	20293.22	    0.00	79706.78	    0.00	79706.78	0.000	1.204	1.020	14667.73	100		    0.00	    0.00	60463.68	19243.10	0.000	0.000
359.00	20293.22	    0.00	79706.78	    0.00	79706.78	0.000	1.204	1.020	14667.73	100		    0.00	    0.00	60463.68	19243.10	0.000	0.000
360.00	20293.22	    0.00	79706.78	    0.00	79706.78	0.000	1.204	1.020	14667.73	100		    0.00	    0.00	60463.68	19243.10	0.000	0.000
361.00	20293.22	    0.00	79706.78	    0.00	79706.78	0.000	1.204	1.020	14667.73	100		    0.00	    0.00	60463.68	19243.10	0.000	0.000
362.00	20293.22	    0.00	79706.78	    0.00	79706.78	0.000	1.204	1.020	14667.73	100		    0.00	    0.00	60463.68	19243.10	0.000	0.000
363.00	20293.22	    0.00	79706.78	    0.00	79706.78	0.000	1.204	1.020	14667.73	100		    0.00	    0.00	60463.68	19243.10	0.000	0.000
364.00	20293.22	    0.00	79706.78	    0.00	79706.78	0.000	1.204	1.020	14667.73	100		    0.00	    0.00	60463.68	19243.10	0.000	0.000
365.00	20293.22	    0.00	79706.78	    0.00	79706.78	0.000	1.204	1.020	14667.73	100		    0.00	    0.00	60463.68	19243.10	0.000	0.000
366.00	20293.22	    0.00	79706.78	    0.00	79706.78	0.000	1.204	1.020	14667.73	100		    0.00	    0.00	60463.68	19243.10	0.000	0.000
367.00	20293.22	    0.00	79706.78	    0.00	79706.78	0.000	1.204	1.020	14667.73	100		    0.00	    0.00	60463.68	19243.10	0.000	0.000
368.00	20293.22	    0.00	79706.78	    0.00	79706.78	0.000	1.204	1.020	14667.73	100		    0.00	    0.00	60463.68	19243.10	0.000	0.000
369.00	20293.22	    0.00	79706.78	    0.00	79706.78	0.000	1.204	1.020	14667.73	100		    0.00	    0.00	60463.68	19243.10	0.000	0.000
370.00	20293.22	    0.00	79706.78	    0.00	79706.78	0.000	1.204	1.020	14667.73	100		    0.00	    0.00	60463.68	19243.10	0.000	0.000
371.00	20293.22	    0.00	79706.78	    0.00	79706.78	0.000	1.204	1.020	14667.73	100		    0.00	    0.00	60463.68	19243.10	0.000	0.000
372.00	20293.22	    0.00	79706.78	    0.00	79706.78	0.000	1.204	1.020	14667.73	100		    0.00	    0.00	60463.68	19243.10	0.000	0.000
373.00	20293.22	    0.00	79706.78	    0.00	79706.78	0.000	1.204	1.020	14667.73	100		    0.00	    0.00	60463.68	19243.10	0.000	0.000
374.00	20293.22	    0.00	79706.78	    0.00	79706.78	0.000	1.204	1.020	14667.73	100		    0.00	    0.00	60463.68	19243.10	0.000	0.000
375.00	20293.22	    0.00	79706.78	    0.00	79706.78	0.000	1.204	1.020	14667.73	100		    0.00	    0.00	60463.68	19243.10	0.000	0.000
376.00	20293.22	    0.00	79706.78	    0.00	79706.78	0.000	1.204	1.020	14667.73	100		    0.00	    0.00	60463.68	19243.10	0.000	0.000
377.00	20293.22	    0.00	79706.78	    0.00	79706.78	0.000	1.204	1.020	14667.73	100		    0.00	    0.00	60463.68	19243.10	0.000	0.000
378.00	20293.22	    0.00	79706.78	    0.00	79706.78	0.000	1.204	1.020	14667.73	100		    0.00	    0.00	60463.68	19243.10	0.000	0.000
379.00	20293.22	    0.00	79706.78	    0.00	79706.78	0.000	1.204	1.020	14667.73	100		    0.00	    0.00	60463.68	19243.10	0.000	0.000
380.00	20293.22	    0.00	79706.78	    0.00	79706.78	0.000	1.204	1.020	14667.73	100		    0.00	    0.00	60463.68	19243.10	0.000	0.000
381.00	20293.22	    0.00	79706.78	    0.00	79706.78	0.000	1.204	1.020	14667.73	100		    0.00	    0.00	60463.68	19243.10	0.000	0.000
382.00	20293.22	    0.00	79706.78	    0.00	79706.78	0.000	1.204	1.020	14667.73	100		    0.00	    0.00	60463.68	19243.10	0.000	0.000
383.00	20293.22	    0.00	79706.78	    0.00	79706.78	0.000	1.204	1.020	14667.73	100		    0.00	    0.00	60463.68	19243.10	0.000	0.000
384.00	20293.22	    0.00	79706.78	    0.00	79706.78	0.000	1.204	1.020	14667.73	100		    0.00	    0.00	60463.68	19243.10	0.000	0.000
385.00	20293.22	    0.00	79706.78	    0.00	79706.78	0.000	1.204	1.020	14667.73	100		    0.00	    0.00	60463.68	19243.10	0.000	0.000
386.00	20293.22	    0.00	79706.78	    0.00	79706.78	0.000	1.204	1.020	14667.73	100		    0.00	    0.00	60463.68	19243.10	0.000	0.000
387.00	20293.22	    0.00	79706.78	    0.00	79706.78	0.000	1.204	1.020	14667.73	100		    0.00	    0.00	60463.68	19243.10	0.000	0.000
388.00	20293.22	    0.00	79706.78	    0.00	79706.78	0.000	1.204	1.020	14667.73	100		    0.00	    0.00	60463.68	19243.10	0.000	0.000
389.00	20293.22	    0.00	79706.78	    0.00	79706.78	0.000	1.204	1.020	14667.73	100		    0.00	    0.00	60463.68	19243.10	0.000	0.000
390.00	20293.22	    0.00	79706.78	    0.00	79706.78	0.000	1.204	1.020	14667.73	100		    0.00	    0.00	60463.68	19243.10	0.000	0.000
391.00	20293.22	    0.00	79706.78	    0.00	79706.78	0.000	1.204	1.020	14667.73	100		    0.00	    0.00	60463.68	19243.10	0.000	0.000
392.00	20293.22	    0.00	79706.78	    0.00	79706.78	0.000	1.204	1.020	14667.73	100		    0.00	    0.00	60463.68	19243.10	0.000	0.000
393.00	20293.22	    0.00	79706.78	    0.00	79706.78	0.000	1.204	1.020	14667.73	100		    0.00	    0.00	60463.68	19243.10	0.000	0.000
394.00	20293.22	    0.00	79706.78	    0.00	79706.78	0.000	1.204	1.020	14667.73	100		    0.00	    0.00	60463.68	19243.10	0.000	0.000
395.00	20293.22	    0.00	79706.78	    0.00	79706.78	0.000	1.204	1.020	14667.73	100		    0.00	    0.00	60463.68	19243.10	0.000	0.000
396.00	20293.22	    0.00	79706.78	    0.00	79706.78	0.000	1.204	1.020	14667.73	100		    0.00	    0.00	60463.68	19243.10	0.000	0.000
397.00	20293.22	    0.00	79706.78	    0.00	79706.78	0.000	1.204	1.020	14667.73	100		    0.00	    0.00	60463.68	19243.10	0.000	0.000
398.00	20293.22	    0.00	79706.78	    0.00	79706.78	0.000	1.204	1.020	14667.73	100		    0.00	    0.00	60463.68	19243.10	0.000	0.000
399.00	20293.22	    0.00	79706.78	    0.00	79706.78	0.000	1.204	1.020	14667.73	100		    0.00	    0.00	60463.68	19243.10	0.000	0.000
400.00	20293.22	    0.00	79706.78	    0.00	79706.78	0.000	1.204	1.020	14667.73	100		    0.00	    0.00	60463.68	19243.10	0.000	0.000
401.00	20293.22	    0.00	79706.78	    0.00	79706.78	0.000	1.204	1.020	14667.73	100		    0.00	    0.00	60463.68	19243.10	0.000	0.000
402.00	20293.22	    0.00	79706.78	    0.00	79706.78	0.000	1.204	1.020	14667.73	100		    0.00	    0.00	60463.68	19243.10	0.000	0.000
403.00	20293.22	    0.00	79706.78	    0.00	79706.78	0.000	1.204	1.020	14667.73	100		    0.00	    0.00	60463.68	19243.10	0.000	0.000
404.00	20293.22	    0.00	79706.78	    0.00	79706.78	0.000	1.204	1.020	14667.73	100		    0.00	    0.00	60463.68	19243.10	0.000	0.000
405.00	20293.22	    0.00	79706.78	    0.00	79706.78	0.000	1.204	1.020	14667.73	100		    0.00	    0.00	60463.68	19243.10	0.000	0.000
406.00	20293.22	    0.00	79706.78	    0.00	79706.78	0.000	1.204	1.020	14667.73	100		    0.00	    0.00	60463.68	19243.10	0.000	0.000
407.00	20293.22	    0.00	79706.78	    0.00	79706.78	0.000	1.204	1.020	14667.73	100		    0.00	    0.00	60463.68	19243.10	0.000	0.000
408.00	20293.22	    0.00	79706.78	    0.00	79706.78	0.000	1.204	1.020	14667.73	100		    0.00	    0.00	60463.68	19243.10	0.000	0.000
409.00	20293.22	    0.00	79706.78	    0.00	79706.78	0.000	1.204	1.020	14667.73	100		    0.00	    0.00	60463.68	19243.10	0.000	0.000
410.00	20293.22	    0.00	79706.78	    0.00	79706.78	0.000	1.204	1.020	14667.73	100		    0.00	    0.00	60463.68	19243.10	0.000	0.000
411.00	20293.22	    0.00	79706.78	    0.00	79706.78	0.000	1.204	1.020	14667.73	100		    0.00	    0.00	60463.68	19243.10	0.000	0.000
412.00	20293.22	    0.00	79706.78	    0.00	79706.78	0.000	1.204	1.020	14667.73	100		    0.00	    0.00	60463.68	19243.10	0.000	0.000
413.00	20293.22	    0.00	79706.78	    0.00	79706.78	0.000	1.204	1.020	14667.73	100		    0.00	    0.00	60463.68	19243.10	0.000	0.000
414.00	20293.22	    0.00	79706.78	    0.00	79706.78	0.000	1.204	1.020	14667.73	100		    0.00	    0.00	60463.68	19243.10	0.000	0.000
415.00	20293.22	    0.00	79706.78	    0.00	79706.78	0.000	1.204	1.020	14667.73	100		    0.00	    0.00	60463.68	19243.10	0.000	0.000
416.00	20293.22	    0.00	79706.78	    0.00	79706.78	0.000	1.204	1.020	14667.73	100		    0.00	    0.00	60463.68	19243.10	0.000	0.000
417.00	20293.22	    0.00	79706.78	    0.00	79706.78	0.000	1.204	1.020	14667.73	100		    0.00	    0.00	60463.68	19243.10	0.000	0.000
418.00	20293.22	    0.00	79706.78	    0.00	79706.78	0.000	1.204	1.020	14667.73	100		    0.00	    0.00	60463.68	19243.10	0.000	0.000
419.00	20293.22	    0.00	79706.78	    0.00	79706.78	0.000	1.204	1.020	14667.73	100		    0.00	    0.00	60463.68	19243.10	0.000	0.000
420.00	20293.22	    0.00	79706.78	    0.00	79706.78	0.000	1.204	1.020	14667.73	100		    0.00	    0.00	60463.68	19243.10	0.000	0.000
421.00	20293.22	    0.00	79706.78	    0.00	79706.78	0.000	1.204	1.020	14667.73	100		    0.00	    0.00	60463.68	19243.10	0.000	0.000
422.00	20293.22	    0.00	79706.78	    0.00	79706.78	0.000	1.204	1.020	14667.73	100		    0.00	    0.00	60463.68	19243.10	0.000	0.000
423.00	20293.22	    0.00	79706.78	    0.00	79706.78	0.000	1.204	1.020	14667.73	100		    0.00	    0.00	60463.68	19243.10	0.000	0.000
424.00	20293.22	    0.00	79706.78	    0.00	79706.78	0.000	1.204	1.020	14667.73	100		    0.00	    0.00	60463.68	19243.10	0.000	0.000
425.00	20293.22	    0.00	79706.78	    0.00	79706.78	0.000	1.204	1.020	14667.73	100		    0.00	    0.00	60463.68	19243.10	0.000	0.000
426.00	20293.22	    0.00	79706.78	    0.00	79706.78	0.000	1.204	1.020	14667.73	100		    0.00	    0.00	60463.68	19243.10	0.000	0.000
427.00	20293.22	    0.00	79706.78	    0.00	79706.78	0.000	1.204	1.020	14667.73	100		    0.00	    0.00	60463.68	19243.10	0.000	0.000
428.00	20293.22	    0.00	79706.78	    0.00	79706.78	0.000	1.204	1.020	14667.73	100		    0.00	    0.00	60463.68	19243.10	0.000	0.000
429.00	20293.22	    0.00	79706.78	    0.00	79706.78	0.000	1.204	1.020	14667.73	100		    0.00	    0.00	60463.68	19243.10	0.000	0.000
430.00	20293.22	    0.00	79706.78	    0.00	79706.78	0.000	1.204	1.020	14667.73	100		    0.00	    0.00	60463.68	19243.10	0.000	0.000
431.00	20293.22	    0.00	79706.78	    0.00	79706.78	0.000	1.204	1.020	14667.73	100		    0.00	    0.00	60463.68	19243.10	0.000	0.000
432.00	20293.22	    0.00	79706.78	    0.00	79706.78	0.000	1.204	1.020	14667.73	100		    0.00	    0.00	60463.68	19243.10	0.000	0.000
433.00	20293.22	    0.00	79706.78	    0.00	79706.78	0.000	1.204	1.020	14667.73	100		    0.00	    0.00	60463.68	19243.10	0.000	0.000
434.00	20293.22	    0.00	79706.78	    0.00	79706.78	0.000	1.204	1.020	14667.73	100		    0.00	    0.00	60463.68	19243.10	0.000	0.000
435.00	20293.22	    0.00	79706.78	    0.00	79706.78	0.000	1.204	1.020	14667.73	100		    0.00	    0.00	60463.68	19243.10	0.000	0.000
436.00	20293.22	    0.00	79706.78	    0.00	79706.78	0.000	1.204	1.020	14667.73	100		    0.00	    0.00	60463.68	19243.10	0.000	0.000
437.00	20293.22	    0.00	79706.78	    0.00	79706.78	0.000	1.204	1.020	14667.73	100		    0.00	    0.00	60463.68	19243.10	0.000	0.000
438.00	20293.22	    0.00	79706.78	    0.00	79706.78	0.000	1.204	1.020	14667.73	100		    0.00	    0.00	60463.68	19243.10	0.000	0.000
439.00	20293.22	    0.00	79706.78	    0.00	79706.78	0.000	1.204	1.020	14667.73	100		    0.00	    0.00	60463.68	19243.10	0.000	0.000
440.00	20293.22	    0.00	79706.78	    0.00	79706.78	0.000	1.204	1.020	14667.73	100		    0.00	    0.00	60463.68	19243.10	0.000	0.000
441.00	20293.22	    0.00	79706.78	    0.00	79706.78	0.000	1.204	1.020	14667.73	100		    0.00	    0.00	60463.68	19243.10	0.000	0.000
442.00	20293.22	    0.00	79706.78	    0.00	79706.78	0.000	1.204	1.020	14667.73	100		    0.00	    0.00	60463.68	19243.10	0.000	0.000
443.00	20293.22	    0.00	79706.78	    0.00	79706.78	0.000	1.204	1.020	14667.73	100		    0.00	    0.00	60463.68	19243.10	0.000	0.000
444.00	20293.22	    0.00	79706.78	    0.00	79706.78	0.000	1.204	1.020	14667.73	100		    0.00	    0.00	60463.68	19243.10	0.000	0.000
445.00	20293.22	    0.00	79706.78	    0.00	79706.78	0.000	1.204	1.020	14667.73	100		    0.00	    0.00	60463.68	19243.10	0.000	0.000
446.00	20293.22	    0.00	79706.78	    0.00	79706.78	0.000	1.204	1.020	14667.73	100		    0.00	    0.00	60463.68	19243.10	0.000	0.000
447.00	20293.22	    0.00	79706.78	    0.00	79706.78	0.000	1.204	1.020	14667.73	100		    0.00	    0.00	60463.68	19243.10	0.000	0.000
448.00	20293.22	    0.00	79706.78	    0.00	79706.78	0.000	1.204	1.020	14667.73	100		    0.00	    0.00	60463.68	19243.10	0.000	0.000
449.00	20293.22	    0.00	79706.78	    0.00	79706.78	0.000	1.204	1.020	14667.73	100		    0.00	    0.00	60463.68	19243.10	0.000	0.000
450.00	20293.22	    0.00	79706.78	    0.00	79706.78	0.000	1.204	1.020	14667.73	100		    0.00	    0.00	60463.68	19243.10	0.000	0.000
451.00	20293.22	    0.00	79706.78	    0.00	79706.78	0.000	1.204	1.020	14667.73	100		    0.00	    0.00	60463.68	19243.10	0.000	0.000
452.00	20293.22	    0.00	79706.78	    0.00	79706.78	0.000	1.204	1.020	14667.73	100		    0.00	    0.00	60463.68	19243.10	0.000	0.000
453.00	20293.22	    0.00	79706.78	    0.00	79706.78	0.000	1.204	1.020	14667.73	100		    0.00	    0.00	60463.68	19243.10	0.000	0.000
454.00	20293.22	    0.00	79706.78	    0.00	79706.78	0.000	1.204	1.020	14667.73	100		    0.00	    0.00	60463.68	19243.10	0.000	0.000
455.00	20293.22	    0.00	79706.78	    0.00	79706.78	0.000	1.204	1.020	14667.73	100		    0.00	    0.00	60463.68	19243.10	0.000	0.000
456.00	20293.22	    0.00	79706.78	    0.00	79706.78	0.000	1.204	1.020	14667.73	100		    0.00	    0.00	60463.68	19243.10	0.000	0.000
457.00	20293.22	    0.00	79706.78	    0.00	79706.78	0.000	1.204	1.020	14667.73	100		    0.00	    0.00	60463.68	19243.10	0.000	0.000
458.00	20293.22	    0.00	79706.78	    0.00	79706.78	0.000	1.204	1.020	14667.73	100		    0.00	    0.00	60463.68	19243.10	0.000	0.000
459.00	20293.22	    0.00	79706.78	    0.00	79706.78	0.000	1.204	1.020	14667.73	100		    0.00	    0.00	60463.68	19243.10	0.000	0.000
460.00	20293.22	    0.00	79706.78	    0.00	79706.78	0.000	1.204	1.020	14667.73	100		    0.00	    0.00	60463.68	19243.10	0.000	0.000
461.00	20293.22	    0.00	79706.78	    0.00	79706.78	0.000	1.204	1.020	14667.73	100		    0.00	    0.00	60463.68	19243.10	0.000	0.000
462.00	20293.22	    0.00	79706.78	    0.00	79706.78	0.000	1.204	1.020	14667.73	100		    0.00	    0.00	60463.68	19243.10	0.000	0.000
463.00	20293.22	    0.00	79706.78	    0.00	79706.78	0.000	1.204	1.020	14667.73	100		    0.00	    0.00	60463.68	19243.10	0.000	0.000
464.00	20293.22	    0.00	79706.78	    0.00	79706.78	0.000	1.204	1.020	14667.73	100		    0.00	    0.00	60463.68	19243.10	0.000	0.000
465.00	20293.22	    0.00	79706.78	    0.00	79706.78	0.000	1.204	1.020	14667.73	100		    0.00	    0.00	60463.68	19243.10	0.000	0.000
466.00	20293.22	    0.00	79706.78	    0.00	79706.78	0.000	1.204	1.020	14667.73	100		    0.00	    0.00	60463.68	19243.10	0.000	0.000
467.00	20293.22	    0.00	79706.78	    0.00	79706.78	0.000	1.204	1.020	14667.73	100		    0.00	    0.00	60463.68	19243.10	0.000	0.000
468.00	20293.22	    0.00	79706.78	    0.00	79706.78	0.000	1.204	1.020	14667.73	100		    0.00	    0.00	60463.68	19243.10	0.000	0.000
469.00	20293.22	    0.00	79706.78	    0.00	79706.78	0.000	1.204	1.020	14667.73	100		    0.00	    0.00	60463.68	19243.10	0.000	0.000
470.00	20293.22	    0.00	79706.78	    0.00	79706.78	0.000	1.204	1.020	14667.73	100		    0.00	    0.00	60463.68	19243.10	0.000	0.000
471.00	20293.22	    0.00	79706.78	    0.00	79706.78	0.000	1.204	1.020	14667.73	100		    0.00	    0.00	60463.68	19243.10	0.000	0.000
472.00	20293.22	    0.00	79706.78	    0.00	79706.78	0.000	1.204	1.020	14667.73	100		    0.00	    0.00	60463.68	19243.10	0.000	0.000
473.00	20293.22	    0.00	79706.78	    0.00	79706.78	0.000	1.204	1.020	14667.73	100		    0.00	    0.00	60463.68	19243.10	0.000	0.000
474.00	20293.22	    0.00	79706.78	    0.00	79706.78	0.000	1.204	1.020	14667.73	100		    0.00	    0.00	60463.68	19243.10	0.000	0.000
475.00	20293.22	    0.00	79706.78	    0.00	79706.78	0.000	1.204	1.020	14667.73	100		    0.00	    0.00	60463.68	19243.10	0.000	0.000
476.00	20293.22	    0.00	79706.78	    0.00	79706.78	0.000	1.204	1.020	14667.73	100		    0.00	    0.00	60463.68	19243.10	0.000	0.000
477.00	20293.22	    0.00	79706.78	    0.00	79706.78	0.000	1.204	1.020	14667.73	100		    0.00	    0.00	60463.68	19243.10	0.000	0.000
478.00	20293.22	    0.00	79706.78	    0.00	79706.78	0.000	1.204	1.020	14667.73	100		    0.00	    0.00	60463.68	19243.10	0.000	0.000
479.00	20293.22	    0.00	79706.78	    0.00	79706.78	0.000	1.204	1.020	14667.73	100		    0.00	    0.00	60463.68	19243.10	0.000	0.000
480.00	20293.22	    0.00	79706.78	    0.00	79706.78	0.000	1.204	1.020	14667.73	100		    0.00	    0.00	60463.68	19243.10	0.000	0.000
481.00	20293.22	    0.00	79706.78	    0.00	79706.78	0.000	1.204	1.020	14667.73	100		    0.00	    0.00	60463.68	19243.10	0.000	0.000
482.00	20293.22	    0.00	79706.78	    0.00	79706.78	0.000	1.204	1.020	14667.73	100		    0.00	    0.00	60463.68	19243.10	0.000	0.000
483.00	20293.22	    0.00	79706.78	    0.00	79706.78	0.000	1.204	1.020	14667.73	100		    0.00	    0.00	60463.68	19243.10	0.000	0.000
484.00	20293.22	    0.00	79706.78	    0.00	79706.78	0.000	1.204	1.020	14667.73	100		    0.00	    0.00	60463.68	19243.10	0.000	0.000
485.00	20293.22	    0.00	79706.78	    0.00	79706.78	0.000	1.204	1.020	14667.73	100		    0.00	    0.00	60463.68	19243.10	0.000	0.000
486.00	20293.22	    0.00	79706.78	    0.00	79706.78	0.000	1.204	1.020	14667.73	100		    0.00	    0.00	60463.68	19243.10	0.000	0.000
487.00	20293.22	    0.00	79706.78	    0.00	79706.78	0.000	1.204	1.020	14667.73	100		    0.00	    0.00	60463.68	19243.10	0.000	0.000
488.00	20293.22	    0.00	79706.78	    0.00	79706.78	0.000	1.204	1.020	14667.73	100		    0.00	    0.00	60463.68	19243.10	0.000	0.000
489.00	20293.22	    0.00	79706.78	    0.00	79706.78	0.000	1.204	1.020	14667.73	100		    0.00	    0.00	60463.68	19243.10	0.000	0.000
490.00	20293.22	    0.00	79706.78	    0.00	79706.78	0.000	1.204	1.020	14667.73	100		    0.00	    0.00	60463.68	19243.10	0.000	0.000
491.00	20293.22	    0.00	79706.78	    0.00	79706.78	0.000	1.204	1.020	14667.73	100		    0.00	    0.00	60463.68	19243.10	0.000	0.000
492.00	20293.22	    0.00	79706.78	    0.00	79706.78	0.000	1.204	1.020	14667.73	100		    0.00	    0.00	60463.68	19243.10	0.000	0.000
493.00	20293.22	    0.00	79706.78	    0.00	79706.78	0.000	1.204	1.020	14667.73	100		    0.00	    0.00	60463.68	19243.10	0.000	0.000
494.00	20293.22	    0.00	79706.78	    0.00	79706.78	0.000	1.204	1.020	14667.73	100		    0.00	    0.00	60463.68	19243.10	0.000	0.000
495.00	20293.22	    0.00	79706.78	    0.00	79706.78	0.000	1.204	1.020	14667.73	100		    0.00	    0.00	60463.68	19243.10	0.000	0.000
496.00	20293.22	    0.00	79706.78	    0.00	79706.78	0.000	1.204	1.020	14667.73	100		    0.00	    0.00	60463.68	19243.10	0.000	0.000
497.00	20293.22	    0.00	79706.78	    0.00	79706.78	0.000	1.204	1.020	14667.73	100		    0.00	    0.00	60463.68	19243.10	0.000	0.000
498.00	20293.22	    0.00	79706.78	    0.00	79706.78	0.000	1.204	1.020	14667.73	100		    0.00	    0.00	60463.68	19243.10	0.000	0.000
499.00	20293.22	    0.00	79706.78	    0.00	79706.78	0.000	1.204	1.020	14667.73	100		    0.00	    0.00	60463.68	19243.10	0.000	0.000
500.00	20293.22	    0.00	79706.78	    0.00	79706.78	0.000	1.204	1.020	14667.73	100		    0.00	    0.00	60463.68	19243.10	0.000	0.000
