0.00	99950.00	   50.00	    0.00	    0.00	   50.00	0.000	2.560	2.560	    0.00	  1		    0.00	    0.00	   23.00	   27.00	0.000	0.000
1.00	99949.94	   50.06	    0.00	    0.06	   50.06	0.000	2.519	2.517	    0.11	 35		    0.00	    0.06	   23.00	   27.06	0.000	1.000
2.00	99949.27	   50.69	    0.03	    0.70	   50.73	2.262	2.587	2.586	    0.07	 91		    0.48	    0.22	   23.48	   27.24	0.688	0.312
3.00	99938.29	   60.61	    1.10	   11.05	   61.71	0.621	2.518	2.516	    0.10	100		    8.00	    3.05	   31.44	   30.27	0.724	0.276
4.00	99901.15	   93.96	    4.89	   37.14	   98.85	0.356	2.368	2.366	    0.14	100		   26.88	   10.26	   58.32	   40.53	0.724	0.276
5.00	99844.68	  138.95	   16.37	   56.47	  155.32	0.415	2.270	2.268	    0.24	100		   40.35	   16.12	   98.67	   56.65	0.715	0.285
6.00	99776.91	  183.03	   40.06	   67.77	  223.09	0.333	2.221	2.218	    0.60	100		   49.09	   18.68	  147.76	   75.33	0.724	0.276
7.00	99690.77	  235.79	   73.44	   86.14	  309.23	0.264	2.188	2.185	    1.00	100		   62.64	   23.50	  210.40	   98.83	0.727	0.273
8.00	99576.04	  306.03	  117.93	  114.73	  423.96	0.257	2.173	2.169	    1.76	100		   83.46	   31.27	  293.86	  130.10	0.727	0.273
9.00	99429.37	  393.37	  177.26	  146.67	  570.63	0.256	2.153	2.148	    2.90	100		  107.78	   38.89	  401.64	  168.99	0.735	0.265
10.00	99233.28	  513.84	  252.88	  196.09	  766.72	0.259	2.143	2.136	    4.89	100		  144.09	   52.00	  545.73	  220.99	0.735	0.265
11.00	98984.86	  664.01	  351.13	  248.42	 1015.14	0.262	2.133	2.125	    7.80	100		  181.67	   66.75	  727.40	  287.74	0.731	0.269
12.00	98661.71	  860.19	  478.10	  323.15	 1338.29	0.258	2.121	2.111	   13.17	100		  237.51	   85.64	  964.91	  373.38	0.735	0.265
13.00	98242.65	 1116.45	  640.90	  419.06	 1757.35	0.260	2.114	2.101	   22.39	100		  307.03	  112.03	 1271.94	  485.41	0.733	0.267
14.00	97709.29	 1433.48	  857.23	  533.36	 2290.71	0.255	2.108	2.091	   37.56	100		  391.87	  141.49	 1663.81	  626.90	0.735	0.265
15.00	97019.33	 1847.78	 1132.89	  689.96	 2980.67	0.252	2.100	2.079	   61.12	100		  505.22	  184.74	 2169.03	  811.64	0.732	0.268
16.00	96137.81	 2371.52	 1490.67	  881.52	 3862.19	0.252	2.089	2.064	   99.99	100		  645.37	  236.15	 2814.40	 1047.79	0.732	0.268
17.00	95007.72	 3042.37	 1949.91	 1130.09	 4992.28	0.249	2.079	2.047	  162.14	100		  828.37	  301.72	 3642.77	 1349.51	0.733	0.267
18.00	93582.61	 3869.15	 2548.24	 1425.11	 6417.39	0.245	2.067	2.027	  261.16	100		 1043.53	  381.58	 4686.30	 1731.09	0.732	0.268
19.00	91790.29	 4890.90	 3318.81	 1792.32	 8209.71	0.237	2.050	2.000	  415.12	100		 1312.06	  480.26	 5998.36	 2211.35	0.732	0.268
20.00	89536.75	 6164.08	 4299.17	 2253.54	10463.25	0.233	2.030	1.968	  648.68	100		 1655.61	  597.93	 7653.97	 2809.28	0.735	0.265
21.00	86769.02	 7664.60	 5566.38	 2767.73	13230.98	0.225	2.005	1.930	  990.48	100		 2033.53	  734.20	 9687.50	 3543.48	0.735	0.265
22.00	83405.42	 9415.85	 7178.73	 3363.60	16594.58	0.212	1.974	1.885	 1475.20	100		 2475.90	  887.70	12163.40	 4431.18	0.736	0.264
23.00	79390.60	11394.86	 9214.54	 4014.82	20609.40	0.198	1.939	1.835	 2143.25	100		 2963.42	 1051.40	15126.82	 5482.58	0.738	0.262
24.00	74714.77	13522.33	11762.90	 4675.83	25285.23	0.181	1.897	1.778	 2990.80	100		 3452.04	 1223.79	18578.86	 6706.37	0.738	0.262
25.00	69398.66	15683.05	14918.29	 5316.11	30601.34	0.160	1.849	1.718	 4026.58	100		 3946.35	 1369.76	22525.21	 8076.13	0.742	0.258
26.00	63529.41	17712.03	18758.56	 5869.25	36470.59	0.135	1.798	1.654	 5226.23	100		 4363.05	 1506.20	26888.26	 9582.33	0.743	0.257
27.00	57316.97	19339.73	23343.30	 6212.44	42683.03	0.105	1.742	1.590	 6489.15	100		 4642.06	 1570.38	31530.32	11152.71	0.747	0.253
28.00	50879.56	20455.58	28664.86	 6437.41	49120.44	0.072	1.684	1.527	 7734.97	100		 4834.91	 1602.50	36365.23	12755.21	0.751	0.249
29.00	44646.21	20624.27	34729.52	 6233.35	55353.79	0.032	1.628	1.468	 8851.19	100		 4713.74	 1519.61	41078.97	14274.82	0.756	0.244
30.00	38755.71	19969.55	41274.74	 5890.50	61244.29	-0.012	1.574	1.414	 9782.15	100		 4485.64	 1404.86	45564.61	15679.68	0.762	0.238
31.00	33482.49	18417.55	48099.96	 5273.22	66517.51	-0.057	1.525	1.368	10496.19	100		 4037.73	 1235.49	49602.34	16915.17	0.766	0.234
32.00	28920.59	16248.17	54831.24	 4561.90	71079.41	-0.103	1.483	1.328	11006.83	100		 3524.99	 1036.91	53127.33	17952.08	0.773	0.227
33.00	25137.46	13684.78	61177.76	 3783.13	74862.54	-0.149	1.448	1.296	11346.59	100		 2946.34	  836.79	56073.67	18788.87	0.779	0.221
34.00	22083.31	11078.72	66837.97	 3054.15	77916.69	-0.191	1.419	1.271	11559.58	100		 2396.90	  657.25	58470.57	19446.12	0.785	0.215
35.00	19700.02	 8650.81	71649.17	 2383.29	80299.98	-0.229	1.396	1.251	11685.99	100		 1885.85	  497.44	60356.42	19943.56	0.791	0.209
36.00	17863.13	 6567.51	75569.36	 1836.89	82136.87	-0.261	1.379	1.235	11760.26	100		 1461.63	  375.26	61818.05	20318.82	0.796	0.204
37.00	16470.73	 4881.53	78647.74	 1392.40	83529.27	-0.286	1.365	1.224	11801.06	100		 1114.10	  278.30	62932.15	20597.12	0.800	0.200
38.00	15444.51	 3553.06	81002.43	 1026.22	84555.49	-0.307	1.355	1.215	11824.09	100		  826.96	  199.26	63759.11	20796.38	0.806	0.194
39.00	14680.00	 2583.61	82736.39	  764.51	85320.00	-0.318	1.348	1.209	11836.61	100		  617.46	  147.05	64376.57	20943.43	0.808	0.192
40.00	14117.89	 1862.59	84019.52	  562.11	85882.11	-0.323	1.342	1.204	11843.52	100		  455.05	  107.06	64831.62	21050.49	0.810	0.190
41.00	13707.40	 1341.77	84950.83	  410.49	86292.60	-0.328	1.338	1.201	11847.09	100		  333.68	   76.81	65165.30	21127.30	0.813	0.187
42.00	13407.45	  965.65	85626.90	  299.95	86592.55	-0.328	1.335	1.199	11849.13	100		  243.63	   56.32	65408.93	21183.62	0.812	0.188
43.00	13189.09	  696.10	86114.81	  218.36	86810.91	-0.328	1.333	1.197	11850.10	100		  177.75	   40.61	65586.68	21224.23	0.814	0.186
44.00	13030.60	  501.92	86467.48	  158.49	86969.40	-0.327	1.332	1.196	11850.55	100		  129.82	   28.67	65716.50	21252.90	0.819	0.181
45.00	12916.72	  360.90	86722.38	  113.88	87083.28	-0.328	1.331	1.195	11850.77	100		   92.90	   20.98	65809.40	21273.88	0.816	0.184
46.00	12832.20	  262.63	86905.17	   84.52	87167.80	-0.324	1.330	1.194	11850.92	100		   68.99	   15.53	65878.39	21289.41	0.816	0.184
47.00	12772.20	  186.05	87041.75	   60.00	87227.80	-0.331	1.329	1.193	11851.00	100		   49.24	   10.76	65927.63	21300.17	0.821	0.179
48.00	12729.63	  133.59	87136.78	   42.57	87270.37	-0.338	1.329	1.193	11851.05	100		   35.15	    7.42	65962.78	21307.59	0.826	0.174
49.00	12697.51	   98.87	87203.62	   32.12	87302.49	-0.316	1.329	1.193	11851.08	100		   26.18	    5.94	65988.96	21313.53	0.815	0.185
50.00	12674.28	   70.91	87254.81	   23.23	87325.72	-0.317	1.328	1.193	11851.09	100		   19.06	    4.17	66008.02	21317.70	0.820	0.180
51.00	12657.74	   51.06	87291.20	   16.54	87342.26	-0.330	1.328	1.192	11851.10	100		   13.36	    3.18	66021.38	21320.88	0.808	0.192
52.00	12645.43	   37.55	87317.02	   12.31	87354.57	-0.318	1.328	1.192	11851.11	100		   10.09	    2.22	66031.47	21323.10	0.820	0.180
53.00	12637.11	   26.02	87336.87	    8.32	87362.89	-0.337	1.328	1.192	11851.11	100		    6.72	    1.60	66038.19	21324.70	0.808	0.192
54.00	12630.88	   19.04	87350.08	    6.23	87369.12	-0.340	1.328	1.192	11851.11	100		    5.04	    1.19	66043.23	21325.89	0.809	0.191
55.00	12626.60	   13.64	87359.76	    4.28	87373.40	-0.323	1.328	1.192	11851.11	100		    3.45	    0.83	66046.68	21326.72	0.806	0.194
56.00	12623.25	   10.30	87366.45	    3.35	87376.75	-0.307	1.328	1.192	11851.11	100		    2.74	    0.61	66049.42	21327.33	0.818	0.182
57.00	12620.81	    7.55	87371.64	    2.44	87379.19	-0.296	1.328	1.192	11851.11	100		    1.92	    0.52	66051.34	21327.85	0.787	0.213
58.00	12618.86	    5.63	87375.51	    1.95	87381.14	-0.302	1.328	1.192	11851.11	100		    1.63	    0.32	66052.97	21328.17	0.836	0.164
59.00	12617.56	    4.12	87378.32	    1.30	87382.44	-0.303	1.328	1.192	11851.11	100		    1.10	    0.20	66054.07	21328.37	0.846	0.154
60.00	12616.49	    3.15	87380.36	    1.07	87383.51	-0.290	1.328	1.192	11851.11	100		    0.87	    0.20	66054.94	21328.57	0.813	0.187
61.00	12615.85	    2.16	87381.99	    0.64	87384.15	-0.323	1.328	1.192	11851.11	100		    0.56	    0.08	66055.50	21328.65	0.875	0.125
62.00	12615.28	    1.76	87382.96	    0.57	87384.72	-0.291	1.328	1.192	11851.11	100		    0.46	    0.11	66055.96	21328.76	0.807	0.193
63.00	12614.84	    1.28	87383.88	    0.44	87385.16	-0.262	1.328	1.192	11851.11	100		    0.39	    0.05	66056.35	21328.81	0.886	0.114
64.00	12614.46	    1.04	87384.50	    0.38	87385.54	-0.263	1.328	1.192	11851.11	100		    0.30	    0.08	66056.65	21328.89	0.789	0.211
65.00	12614.21	    0.72	87385.07	    0.25	87385.79	-0.288	1.328	1.192	11851.11	100		    0.20	    0.05	66056.85	21328.94	0.800	0.200
66.00	12614.04	    0.45	87385.51	    0.17	87385.96	-0.419	1.328	1.192	11851.11	100		    0.16	    0.01	66057.01	21328.95	0.941	0.059
67.00	12613.97	    0.28	87385.75	    0.07	87386.03	-0.472	1.328	1.192	11851.11	100		    0.07	    0.00	66057.08	21328.95	1.000	0.000
68.00	12613.87	    0.23	87385.90	    0.10	87386.13	-0.336	1.328	1.192	11851.11	100		    0.07	    0.03	66057.15	21328.98	0.700	0.300
69.00	12613.83	    0.16	87386.01	    0.04	87386.17	-0.280	1.328	1.192	11851.11	100		    0.03	    0.01	66057.18	21328.99	0.750	0.250
70.00	12613.80	    0.11	87386.09	    0.03	87386.20	-0.369	1.328	1.192	11851.11	100		    0.03	    0.00	66057.21	21328.99	1.000	0.000
71.00	12613.76	    0.10	87386.14	    0.04	87386.24	-0.235	1.328	1.192	11851.11	100		    0.03	    0.01	66057.24	21329.00	0.750	0.250
72.00	12613.75	    0.03	87386.22	    0.01	87386.25	-0.650	1.328	1.192	11851.11	100		    0.01	    0.00	66057.25	21329.00	1.000	0.000
73.00	12613.74	    0.02	87386.24	    0.01	87386.26	-0.805	1.328	1.192	11851.11	100		    0.00	    0.01	66057.25	21329.01	0.000	1.000
74.00	12613.74	    0.00	87386.26	    0.00	87386.26	-0.549	1.328	1.192	11851.11	100		    0.00	    0.00	66057.25	21329.01	0.000	0.000
75.00	12613.74	    0.00	87386.26	    0.00	87386.26	-0.347	1.328	1.192	11851.11	100		    0.00	    0.00	66057.25	21329.01	0.000	0.000
76.00	12613.74	    0.00	87386.26	    0.00	87386.26	0.000	1.328	1.192	11851.11	100		    0.00	    0.00	66057.25	21329.01	0.000	0.000
77.00	12613.74	    0.00	87386.26	    0.00	87386.26	0.000	1.328	1.192	11851.11	100		    0.00	    0.00	66057.25	21329.01	0.000	0.000
78.00	12613.74	    0.00	87386.26	    0.00	87386.26	0.000	1.328	1.192	11851.11	100		    0.00	    0.00	66057.25	21329.01	0.000	0.000
79.00	12613.74	    0.00	87386.26	    0.00	87386.26	0.000	1.328	1.192	11851.11	100		    0.00	    0.00	66057.25	21329.01	0.000	0.000
80.00	12613.74	    0.00	87386.26	    0.00	87386.26	0.000	1.328	1.192	11851.11	100		    0.00	    0.00	66057.25	21329.01	0.000	0.000
81.00	12613.74	    0.00	87386.26	    0.00	87386.26	0.000	1.328	1.192	11851.11	100		    0.00	    0.00	66057.25	21329.01	0.000	0.000
82.00	12613.74	    0.00	87386.26	    0.00	87386.26	0.000	1.328	1.192	11851.11	100		    0.00	    0.00	66057.25	21329.01	0.000	0.000
83.00	12613.74	    0.00	87386.26	    0.00	87386.26	0.000	1.328	1.192	11851.11	100		    0.00	    0.00	66057.25	21329.01	0.000	0.000
84.00	12613.74	    0.00	87386.26	    0.00	87386.26	0.000	1.328	1.192	11851.11	100		    0.00	    0.00	66057.25	21329.01	0.000	0.000
85.00	12613.74	    0.00	87386.26	    0.00	87386.26	0.000	1.328	1.192	11851.11	100		    0.00	    0.00	66057.25	21329.01	0.000	0.000
86.00	12613.74	    0.00	87386.26	    0.00	87386.26	0.000	1.328	1.192	11851.11	100		    0.00	    0.00	66057.25	21329.01	0.000	0.000
87.00	12613.74	    0.00	87386.26	    0.00	87386.26	0.000	1.328	1.192	11851.11	100		    0.00	    0.00	66057.25	21329.01	0.000	0.000
88.00	12613.74	    0.00	87386.26	    0.00	87386.26	0.000	1.328	1.192	11851.11	100		    0.00	    0.00	66057.25	21329.01	0.000	0.000
89.00	12613.74	    0.00	87386.26	    0.00	87386.26	0.000	1.328	1.192	11851.11	100		    0.00	    0.00	66057.25	21329.01	0.000	0.000
90.00	12613.74	    0.00	87386.26	    0.00	87386.26	0.000	1.328	1.192	11851.11	100		    0.00	    0.00	66057.25	21329.01	0.000	0.000
91.00	12613.74	    0.00	87386.26	    0.00	87386.26	0.000	1.328	1.192	11851.11	100		    0.00	    0.00	66057.25	21329.01	0.000	0.000
92.00	12613.74	    0.00	87386.26	    0.00	87386.26	0.000	1.328	1.192	11851.11	100		    0.00	    0.00	66057.25	21329.01	0.000	0.000
93.00	12613.74	    0.00	87386.26	    0.00	87386.26	0.000	1.328	1.192	11851.11	100		    0.00	    0.00	66057.25	21329.01	0.000	0.000
94.00	12613.74	    0.00	87386.26	    0.00	87386.26	0.000	1.328	1.192	11851.11	100		    0.00	    0.00	66057.25	21329.01	0.000	0.000
95.00	12613.74	    0.00	87386.26	    0.00	87386.26	0.000	1.328	1.192	11851.11	100		    0.00	    0.00	66057.25	21329.01	0.000	0.000
96.00	12613.74	    0.00	87386.26	    0.00	87386.26	0.000	1.328	1.192	11851.11	100		    0.00	    0.00	66057.25	21329.01	0.000	0.000
97.00	12613.74	    0.00	87386.26	    0.00	87386.26	0.000	1.328	1.192	11851.11	100		    0.00	    0.00	66057.25	21329.01	0.000	0.000
98.00	12613.74	    0.00	87386.26	    0.00	87386.26	0.000	1.328	1.192	11851.11	100		    0.00	    0.00	66057.25	21329.01	0.000	0.000
99.00	12613.74	    0.00	87386.26	    0.00	87386.26	0.000	1.328	1.192	11851.11	100		    0.00	    0.00	66057.25	21329.01	0.000	0.000
100.00	12613.74	    0.00	87386.26	    0.00	87386.26	0.000	1.328	1.192	11851.11	100		    0.00	    0.00	66057.25	21329.01	0.000	0.000
101.00	12613.74	    0.00	87386.26	    0.00	87386.26	0.000	1.328	1.192	11851.11	100		    0.00	    0.00	66057.25	21329.01	0.000	0.000
102.00	12613.74	    0.00	87386.26	    0.00	87386.26	0.000	1.328	1.192	11851.11	100		    0.00	    0.00	66057.25	21329.01	0.000	0.000
103.00	12613.74	    0.00	87386.26	    0.00	87386.26	0.000	1.328	1.192	11851.11	100		    0.00	    0.00	66057.25	21329.01	0.000	0.000
104.00	12613.74	    0.00	87386.26	    0.00	87386.26	0.000	1.328	1.192	11851.11	100		    0.00	    0.00	66057.25	21329.01	0.000	0.000
105.00	12613.74	    0.00	87386.26	    0.00	87386.26	0.000	1.328	1.192	11851.11	100		    0.00	    0.00	66057.25	21329.01	0.000	0.000
106.00	12613.74	    0.00	87386.26	    0.00	87386.26	0.000	1.328	1.192	11851.11	100		    0.00	    0.00	66057.25	21329.01	0.000	0.000
107.00	12613.74	    0.00	87386.26	    0.00	87386.26	0.000	1.328	1.192	11851.11	100		    0.00	    0.00	66057.25	21329.01	0.000	0.000
108.00	12613.74	    0.00	87386.26	    0.00	87386.26	0.000	1.328	1.192	11851.11	100		    0.00	    0.00	66057.25	21329.01	0.000	0.000
109.00	12613.74	    0.00	87386.26	    0.00	87386.26	0.000	1.328	1.192	11851.11	100		    0.00	    0.00	66057.25	21329.01	0.000	0.000
110.00	12613.74	    0.00	87386.26	    0.00	87386.26	0.000	1.328	1.192	11851.11	100		    0.00	    0.00	66057.25	21329.01	0.000	0.000
111.00	12613.74	    0.00	87386.26	    0.00	87386.26	0.000	1.328	1.192	11851.11	100		    0.00	    0.00	66057.25	21329.01	0.000	0.000
112.00	12613.74	    0.00	87386.26	    0.00	87386.26	0.000	1.328	1.192	11851.11	100		    0.00	    0.00	66057.25	21329.01	0.000	0.000
113.00	12613.74	    0.00	87386.26	    0.00	87386.26	0.000	1.328	1.192	11851.11	100		    0.00	    0.00	66057.25	21329.01	0.000	0.000
114.00	12613.74	    0.00	87386.26	    0.00	87386.26	0.000	1.328	1.192	11851.11	100		    0.00	    0.00	66057.25	21329.01	0.000	0.000
115.00	12613.74	    0.00	87386.26	    0.00	87386.26	0.000	1.328	1.192	11851.11	100		    0.00	    0.00	66057.25	21329.01	0.000	0.000
116.00	12613.74	    0.00	87386.26	    0.00	87386.26	0.000	1.328	1.192	11851.11	100		    0.00	    0.00	66057.25	21329.01	0.000	0.000
117.00	12613.74	    0.00	87386.26	    0.00	87386.26	0.000	1.328	1.192	11851.11	100		    0.00	    0.00	66057.25	21329.01	0.000	0.000
118.00	12613.74	    0.00	87386.26	    0.00	87386.26	0.000	1.328	1.192	11851.11	100		    0.00	    0.00	66057.25	21329.01	0.000	0.000
119.00	12613.74	    0.00	87386.26	    0.00	87386.26	0.000	1.328	1.192	11851.11	100		    0.00	    0.00	66057.25	21329.01	0.000	0.000
120.00	12613.74	    0.00	87386.26	    0.00	87386.26	0.000	1.328	1.192	11851.11	100		    0.00	    0.00	66057.25	21329.01	0.000	0.000
121.00	12613.74	    0.00	87386.26	    0.00	87386.26	0.000	1.328	1.192	11851.11	100		    0.00	    0.00	66057.25	21329.01	0.000	0.000
122.00	12613.74	    0.00	87386.26	    0.00	87386.26	0.000	1.328	1.192	11851.11	100		    0.00	    0.00	66057.25	21329.01	0.000	0.000
123.00	12613.74	    0.00	87386.26	    0.00	87386.26	0.000	1.328	1.192	11851.11	100		    0.00	    0.00	66057.25	21329.01	0.000	0.000
124.00	12613.74	    0.00	87386.26	    0.00	87386.26	0.000	1.328	1.192	11851.11	100		    0.00	    0.00	66057.25	21329.01	0.000	0.000
125.00	12613.74	    0.00	87386.26	    0.00	87386.26	0.000	1.328	1.192	11851.11	100		    0.00	    0.00	66057.25	21329.01	0.000	0.000
126.00	12613.74	    0.00	87386.26	    0.00	87386.26	0.000	1.328	1.192	11851.11	100		    0.00	    0.00	66057.25	21329.01	0.000	0.000
127.00	12613.74	    0.00	87386.26	    0.00	87386.26	0.000	1.328	1.192	11851.11	100		    0.00	    0.00	66057.25	21329.01	0.000	0.000
128.00	12613.74	    0.00	87386.26	    0.00	87386.26	0.000	1.328	1.192	11851.11	100		    0.00	    0.00	66057.25	21329.01	0.000	0.000
129.00	12613.74	    0.00	87386.26	    0.00	87386.26	0.000	1.328	1.192	11851.11	100		    0.00	    0.00	66057.25	21329.01	0.000	0.000
130.00	12613.74	    0.00	87386.26	    0.00	87386.26	0.000	1.328	1.192	11851.11	100		    0.00	    0.00	66057.25	21329.01	0.000	0.000
131.00	12613.74	    0.00	87386.26	    0.00	87386.26	0.000	1.328	1.192	11851.11	100		    0.00	    0.00	66057.25	21329.01	0.000	0.000
132.00	12613.74	    0.00	87386.26	    0.00	87386.26	0.000	1.328	1.192	11851.11	100		    0.00	    0.00	66057.25	21329.01	0.000	0.000
133.00	12613.74	    0.00	87386.26	    0.00	87386.26	0.000	1.328	1.192	11851.11	100		    0.00	    0.00	66057.25	21329.01	0.000	0.000
134.00	12613.74	    0.00	87386.26	    0.00	87386.26	0.000	1.328	1.192	11851.11	100		    0.00	    0.00	66057.25	21329.01	0.000	0.000
135.00	12613.74	    0.00	87386.26	    0.00	87386.26	0.000	1.328	1.192	11851.11	100		    0.00	    0.00	66057.25	21329.01	0.000	0.000
136.00	12613.74	    0.00	87386.26	    0.00	87386.26	0.000	1.328	1.192	11851.11	100		    0.00	    0.00	66057.25	21329.01	0.000	0.000
137.00	12613.74	    0.00	87386.26	    0.00	87386.26	0.000	1.328	1.192	11851.11	100		    0.00	    0.00	66057.25	21329.01	0.000	0.000
138.00	12613.74	    0.00	87386.26	    0.00	87386.26	0.000	1.328	1.192	11851.11	100		    0.00	    0.00	66057.25	21329.01	0.000	0.000
139.00	12613.74	    0.00	87386.26	    0.00	87386.26	0.000	1.328	1.192	11851.11	100		    0.00	    0.00	66057.25	21329.01	0.000	0.000
140.00	12613.74	    0.00	87386.26	    0.00	87386.26	0.000	1.328	1.192	11851.11	100		    0.00	    0.00	66057.25	21329.01	0.000	0.000
141.00	12613.74	    0.00	87386.26	    0.00	87386.26	0.000	1.328	1.192	11851.11	100		    0.00	    0.00	66057.25	21329.01	0.000	0.000
142.00	12613.74	    0.00	87386.26	    0.00	87386.26	0.000	1.328	1.192	11851.11	100		    0.00	    0.00	66057.25	21329.01	0.000	0.000
143.00	12613.74	    0.00	87386.26	    0.00	87386.26	0.000	1.328	1.192	11851.11	100		    0.00	    0.00	66057.25	21329.01	0.000	0.000
144.00	12613.74	    0.00	87386.26	    0.00	87386.26	0.000	1.328	1.192	11851.11	100		    0.00	    0.00	66057.25	21329.01	0.000	0.000
145.00	12613.74	    0.00	87386.26	    0.00	87386.26	0.000	1.328	1.192	11851.11	100		    0.00	    0.00	66057.25	21329.01	0.000	0.000
146.00	12613.74	    0.00	87386.26	    0.00	87386.26	0.000	1.328	1.192	11851.11	100		    0.00	    0.00	66057.25	21329.01	0.000	0.000
147.00	12613.74	    0.00	87386.26	    0.00	87386.26	0.000	1.328	1.192	11851.11	100		    0.00	    0.00	66057.25	21329.01	0.000	0.000
148.00	12613.74	    0.00	87386.26	    0.00	87386.26	0.000	1.328	1.192	11851.11	100		    0.00	    0.00	66057.25	21329.01	0.000	0.000
149.00	12613.74	    0.00	87386.26	    0.00	87386.26	0.000	1.328	1.192	11851.11	100		    0.00	    0.00	66057.25	21329.01	0.000	0.000
150.00	12613.74	    0.00	87386.26	    0.00	87386.26	0.000	1.328	1.192	11851.11	100		    0.00	    0.00	66057.25	21329.01	0.000	0.000
151.00	12613.74	    0.00	87386.26	    0.00	87386.26	0.000	1.328	1.192	11851.11	100		    0.00	    0.00	66057.25	21329.01	0.000	0.000
152.00	12613.74	    0.00	87386.26	    0.00	87386.26	0.000	1.328	1.192	11851.11	100		    0.00	    0.00	66057.25	21329.01	0.000	0.000
153.00	12613.74	    0.00	87386.26	    0.00	87386.26	0.000	1.328	1.192	11851.11	100		    0.00	    0.00	66057.25	21329.01	0.000	0.000
154.00	12613.74	    0.00	87386.26	    0.00	87386.26	0.000	1.328	1.192	11851.11	100		    0.00	    0.00	66057.25	21329.01	0.000	0.000
155.00	12613.74	    0.00	87386.26	    0.00	87386.26	0.000	1.328	1.192	11851.11	100		    0.00	    0.00	66057.25	21329.01	0.000	0.000
156.00	12613.74	    0.00	87386.26	    0.00	87386.26	0.000	1.328	1.192	11851.11	100		    0.00	    0.00	66057.25	21329.01	0.000	0.000
157.00	12613.74	    0.00	87386.26	    0.00	87386.26	0.000	1.328	1.192	11851.11	100		    0.00	    0.00	66057.25	21329.01	0.000	0.000
158.00	12613.74	    0.00	87386.26	    0.00	87386.26	0.000	1.328	1.192	11851.11	100		    0.00	    0.00	66057.25	21329.01	0.000	0.000
159.00	12613.74	    0.00	87386.26	    0.00	87386.26	0.000	1.328	1.192	11851.11	100		    0.00	    0.00	66057.25	21329.01	0.000	0.000
160.00	12613.74	    0.00	87386.26	    0.00	87386.26	0.000	1.328	1.192	11851.11	100		    0.00	    0.00	66057.25	21329.01	0.000	0.000
161.00	12613.74	    0.00	87386.26	    0.00	87386.26	0.000	1.328	1.192	11851.11	100		    0.00	    0.00	66057.25	21329.01	0.000	0.000
162.00	12613.74	    0.00	87386.26	    0.00	87386.26	0.000	1.328	1.192	11851.11	100		    0.00	    0.00	66057.25	21329.01	0.000	0.000
163.00	12613.74	    0.00	87386.26	    0.00	87386.26	0.000	1.328	1.192	11851.11	100		    0.00	    0.00	66057.25	21329.01	0.000	0.000
164.00	12613.74	    0.00	87386.26	    0.00	87386.26	0.000	1.328	1.192	11851.11	100		    0.00	    0.00	66057.25	21329.01	0.000	0.000
165.00	12613.74	    0.00	87386.26	    0.00	87386.26	0.000	1.328	1.192	11851.11	100		    0.00	    0.00	66057.25	21329.01	0.000	0.000
166.00	12613.74	    0.00	87386.26	    0.00	87386.26	0.000	1.328	1.192	11851.11	100		    0.00	    0.00	66057.25	21329.01	0.000	0.000
167.00	12613.74	    0.00	87386.26	    0.00	87386.26	0.000	1.328	1.192	11851.11	100		    0.00	    0.00	66057.25	21329.01	0.000	0.000
168.00	12613.74	    0.00	87386.26	    0.00	87386.26	0.000	1.328	1.192	11851.11	100		    0.00	    0.00	66057.25	21329.01	0.000	0.000
169.00	12613.74	    0.00	87386.26	    0.00	87386.26	0.000	1.328	1.192	11851.11	100		    0.00	    0.00	66057.25	21329.01	0.000	0.000
170.00	12613.74	    0.00	87386.26	    0.00	87386.26	0.000	1.328	1.192	11851.11	100		    0.00	    0.00	66057.25	21329.01	0.000	0.000
171.00	12613.74	    0.00	87386.26	    0.00	87386.26	0.000	1.328	1.192	11851.11	100		    0.00	    0.00	66057.25	21329.01	0.000	0.000
172.00	12613.74	    0.00	87386.26	    0.00	87386.26	0.000	1.328	1.192	11851.11	100		    0.00	    0.00	66057.25	21329.01	0.000	0.000
173.00	12613.74	    0.00	87386.26	    0.00	87386.26	0.000	1.328	1.192	11851.11	100		    0.00	    0.00	66057.25	21329.01	0.000	0.000
174.00	12613.74	    0.00	87386.26	    0.00	87386.26	0.000	1.328	1.192	11851.11	100		    0.00	    0.00	66057.25	21329.01	0.000	0.000
175.00	12613.74	    0.00	87386.26	    0.00	87386.26	0.000	1.328	1.192	11851.11	100		    0.00	    0.00	66057.25	21329.01	0.000	0.000
176.00	12613.74	    0.00	87386.26	    0.00	87386.26	0.000	1.328	1.192	11851.11	100		    0.00	    0.00	66057.25	21329.01	0.000	0.000
177.00	12613.74	    0.00	87386.26	    0.00	87386.26	0.000	1.328	1.192	11851.11	100		    0.00	    0.00	66057.25	21329.01	0.000	0.000
178.00	12613.74	    0.00	87386.26	    0.00	87386.26	0.000	1.328	1.192	11851.11	100		    0.00	    0.00	66057.25	21329.01	0.000	0.000
179.00	12613.74	    0.00	87386.26	    0.00	87386.26	0.000	1.328	1.192	11851.11	100		    0.00	    0.00	66057.25	21329.01	0.000	0.000
180.00	12613.74	    0.00	87386.26	    0.00	87386.26	0.000	1.328	1.192	11851.11	100		    0.00	    0.00	66057.25	21329.01	0.000	0.000
181.00	12613.74	    0.00	87386.26	    0.00	87386.26	0.000	1.328	1.192	11851.11	100		    0.00	    0.00	66057.25	21329.01	0.000	0.000
182.00	12613.74	    0.00	87386.26	    0.00	87386.26	0.000	1.328	1.192	11851.11	100		    0.00	    0.00	66057.25	21329.01	0.000	0.000
183.00	12613.74	    0.00	87386.26	    0.00	87386.26	0.000	1.328	1.192	11851.11	100		    0.00	    0.00	66057.25	21329.01	0.000	0.000
184.00	12613.74	    0.00	87386.26	    0.00	87386.26	0.000	1.328	1.192	11851.11	100		    0.00	    0.00	66057.25	21329.01	0.000	0.000
185.00	12613.74	    0.00	87386.26	    0.00	87386.26	0.000	1.328	1.192	11851.11	100		    0.00	    0.00	66057.25	21329.01	0.000	0.000
186.00	12613.74	    0.00	87386.26	    0.00	87386.26	0.000	1.328	1.192	11851.11	100		    0.00	    0.00	66057.25	21329.01	0.000	0.000
187.00	12613.74	    0.00	87386.26	    0.00	87386.26	0.000	1.328	1.192	11851.11	100		    0.00	    0.00	66057.25	21329.01	0.000	0.000
188.00	12613.74	    0.00	87386.26	    0.00	87386.26	0.000	1.328	1.192	11851.11	100		    0.00	    0.00	66057.25	21329.01	0.000	0.000
189.00	12613.74	    0.00	87386.26	    0.00	87386.26	0.000	1.328	1.192	11851.11	100		    0.00	    0.00	66057.25	21329.01	0.000	0.000
190.00	12613.74	    0.00	87386.26	    0.00	87386.26	0.000	1.328	1.192	11851.11	100		    0.00	    0.00	66057.25	21329.01	0.000	0.000
191.00	12613.74	    0.00	87386.26	    0.00	87386.26	0.000	1.328	1.192	11851.11	100		    0.00	    0.00	66057.25	21329.01	0.000	0.000
192.00	12613.74	    0.00	87386.26	    0.00	87386.26	0.000	1.328	1.192	11851.11	100		    0.00	    0.00	66057.25	21329.01	0.000	0.000
193.00	12613.74	    0.00	87386.26	    0.00	87386.26	0.000	1.328	1.192	11851.11	100		    0.00	    0.00	66057.25	21329.01	0.000	0.000
194.00	12613.74	    0.00	87386.26	    0.00	87386.26	0.000	1.328	1.192	11851.11	100		    0.00	    0.00	66057.25	21329.01	0.000	0.000
195.00	12613.74	    0.00	87386.26	    0.00	87386.26	0.000	1.328	1.192	11851.11	100		    0.00	    0.00	66057.25	21329.01	0.000	0.000
196.00	12613.74	    0.00	87386.26	    0.00	87386.26	0.000	1.328	1.192	11851.11	100		    0.00	    0.00	66057.25	21329.01	0.000	0.000
197.00	12613.74	    0.00	87386.26	    0.00	87386.26	0.000	1.328	1.192	11851.11	100		    0.00	    0.00	66057.25	21329.01	0.000	0.000
198.00	12613.74	    0.00	87386.26	    0.00	87386.26	0.000	1.328	1.192	11851.11	100		    0.00	    0.00	66057.25	21329.01	0.000	0.000
199.00	12613.74	    0.00	87386.26	    0.00	87386.26	0.000	1.328	1.192	11851.11	100		    0.00	    0.00	66057.25	21329.01	0.000	0.000
200.00	12613.74	    0.00	87386.26	    0.00	87386.26	0.000	1.328	1.192	11851.11	100		    0.00	    0.00	66057.25	21329.01	0.000	0.000
201.00	12613.74	    0.00	87386.26	    0.00	87386.26	0.000	1.328	1.192	11851.11	100		    0.00	    0.00	66057.25	21329.01	0.000	0.000
202.00	12613.74	    0.00	87386.26	    0.00	87386.26	0.000	1.328	1.192	11851.11	100		    0.00	    0.00	66057.25	21329.01	0.000	0.000
203.00	12613.74	    0.00	87386.26	    0.00	87386.26	0.000	1.328	1.192	11851.11	100		    0.00	    0.00	66057.25	21329.01	0.000	0.000
204.00	12613.74	    0.00	87386.26	    0.00	87386.26	0.000	1.328	1.192	11851.11	100		    0.00	    0.00	66057.25	21329.01	0.000	0.000
205.00	12613.74	    0.00	87386.26	    0.00	87386.26	0.000	1.328	1.192	11851.11	100		    0.00	    0.00	66057.25	21329.01	0.000	0.000
206.00	12613.74	    0.00	87386.26	    0.00	87386.26	0.000	1.328	1.192	11851.11	100		    0.00	    0.00	66057.25	21329.01	0.000	0.000
207.00	12613.74	    0.00	87386.26	    0.00	87386.26	0.000	1.328	1.192	11851.11	100		    0.00	    0.00	66057.25	21329.01	0.000	0.000
208.00	12613.74	    0.00	87386.26	    0.00	87386.26	0.000	1.328	1.192	11851.11	100		    0.00	    0.00	66057.25	21329.01	0.000	0.000
209.00	12613.74	    0.00	87386.26	    0.00	87386.26	0.000	1.328	1.192	11851.11	100		    0.00	    0.00	66057.25	21329.01	0.000	0.000
210.00	12613.74	    0.00	87386.26	    0.00	87386.26	0.000	1.328	1.192	11851.11	100		    0.00	    0.00	66057.25	21329.01	0.000	0.000
211.00	12613.74	    0.00	87386.26	    0.00	87386.26	0.000	1.328	1.192	11851.11	100		    0.00	    0.00	66057.25	21329.01	0.000	0.000
212.00	12613.74	    0.00	87386.26	    0.00	87386.26	0.000	1.328	1.192	11851.11	100		    0.00	    0.00	66057.25	21329.01	0.000	0.000
213.00	12613.74	    0.00	87386.26	    0.00	87386.26	0.000	1.328	1.192	11851.11	100		    0.00	    0.00	66057.25	21329.01	0.000	0.000
214.00	12613.74	    0.00	87386.26	    0.00	87386.26	0.000	1.328	1.192	11851.11	100		    0.00	    0.00	66057.25	21329.01	0.000	0.000
215.00	12613.74	    0.00	87386.26	    0.00	87386.26	0.000	1.328	1.192	11851.11	100		    0.00	    0.00	66057.25	21329.01	0.000	0.000
216.00	12613.74	    0.00	87386.26	    0.00	87386.26	0.000	1.328	1.192	11851.11	100		    0.00	    0.00	66057.25	21329.01	0.000	0.000
217.00	12613.74	    0.00	87386.26	    0.00	87386.26	0.000	1.328	1.192	11851.11	100		    0.00	    0.00	66057.25	21329.01	0.000	0.000
218.00	12613.74	    0.00	87386.26	    0.00	87386.26	0.000	1.328	1.192	11851.11	100		    0.00	    0.00	66057.25	21329.01	0.000	0.000
219.00	12613.74	    0.00	87386.26	    0.00	87386.26	0.000	1.328	1.192	11851.11	100		    0.00	    0.00	66057.25	21329.01	0.000	0.000
220.00	12613.74	    0.00	87386.26	    0.00	87386.26	0.000	1.328	1.192	11851.11	100		    0.00	    0.00	66057.25	21329.01	0.000	0.000
221.00	12613.74	    0.00	87386.26	    0.00	87386.26	0.000	1.328	1.192	11851.11	100		    0.00	    0.00	66057.25	21329.01	0.000	0.000
222.00	12613.74	    0.00	87386.26	    0.00	87386.26	0.000	1.328	1.192	11851.11	100		    0.00	    0.00	66057.25	21329.01	0.000	0.000
223.00	12613.74	    0.00	87386.26	    0.00	87386.26	0.000	1.328	1.192	11851.11	100		    0.00	    0.00	66057.25	21329.01	0.000	0.000
224.00	12613.74	    0.00	87386.26	    0.00	87386.26	0.000	1.328	1.192	11851.11	100		    0.00	    0.00	66057.25	21329.01	0.000	0.000
225.00	12613.74	    0.00	87386.26	    0.00	87386.26	0.000	1.328	1.192	11851.11	100		    0.00	    0.00	66057.25	21329.01	0.000	0.000
226.00	12613.74	    0.00	87386.26	    0.00	87386.26	0.000	1.328	1.192	11851.11	100		    0.00	    0.00	66057.25	21329.01	0.000	0.000
227.00	12613.74	    0.00	87386.26	    0.00	87386.26	0.000	1.328	1.192	11851.11	100		    0.00	    0.00	66057.25	21329.01	0.000	0.000
228.00	12613.74	    0.00	87386.26	    0.00	87386.26	0.000	1.328	1.192	11851.11	100		    0.00	    0.00	66057.25	21329.01	0.000	0.000
229.00	12613.74	    0.00	87386.26	    0.00	87386.26	0.000	1.328	1.192	11851.11	100		    0.00	    0.00	66057.25	21329.01	0.000	0.000
230.00	12613.74	    0.00	87386.26	    0.00	87386.26	0.000	1.328	1.192	11851.11	100		    0.00	    0.00	66057.25	21329.01	0.000	0.000
231.00	12613.74	    0.00	87386.26	    0.00	87386.26	0.000	1.328	1.192	11851.11	100		    0.00	    0.00	66057.25	21329.01	0.000	0.000
232.00	12613.74	    0.00	87386.26	    0.00	87386.26	0.000	1.328	1.192	11851.11	100		    0.00	    0.00	66057.25	21329.01	0.000	0.000
233.00	12613.74	    0.00	87386.26	    0.00	87386.26	0.000	1.328	1.192	11851.11	100		    0.00	    0.00	66057.25	21329.01	0.000	0.000
234.00	12613.74	    0.00	87386.26	    0.00	87386.26	0.000	1.328	1.192	11851.11	100		    0.00	    0.00	66057.25	21329.01	0.000	0.000
235.00	12613.74	    0.00	87386.26	    0.00	87386.26	0.000	1.328	1.192	11851.11	100		    0.00	    0.00	66057.25	21329.01	0.000	0.000
236.00	12613.74	    0.00	87386.26	    0.00	87386.26	0.000	1.328	1.192	11851.11	100		    0.00	    0.00	66057.25	21329.01	0.000	0.000
237.00	12613.74	    0.00	87386.26	    0.00	87386.26	0.000	1.328	1.192	11851.11	100		    0.00	    0.00	66057.25	21329.01	0.000	0.000
238.00	12613.74	    0.00	87386.26	    0.00	87386.26	0.000	1.328	1.192	11851.11	100		    0.00	    0.00	66057.25	21329.01	0.000	0.000
239.00	12613.74	    0.00	87386.26	    0.00	87386.26	0.000	1.328	1.192	11851.11	100		    0.00	    0.00	66057.25	21329.01	0.000	0.000
240.00	12613.74	    0.00	87386.26	    0.00	87386.26	0.000	1.328	1.192	11851.11	100		    0.00	    0.00	66057.25	21329.01	0.000	0.000
241.00	12613.74	    0.00	87386.26	    0.00	87386.26	0.000	1.328	1.192	11851.11	100		    0.00	    0.00	66057.25	21329.01	0.000	0.000
242.00	12613.74	    0.00	87386.26	    0.00	87386.26	0.000	1.328	1.192	11851.11	100		    0.00	    0.00	66057.25	21329.01	0.000	0.000
243.00	12613.74	    0.00	87386.26	    0.00	87386.26	0.000	1.328	1.192	11851.11	100		    0.00	    0.00	66057.25	21329.01	0.000	0.000
244.00	12613.74	    0.00	87386.26	    0.00	87386.26	0.000	1.328	1.192	11851.11	100		    0.00	    0.00	66057.25	21329.01	0.000	0.000
245.00	12613.74	    0.00	87386.26	    0.00	87386.26	0.000	1.328	1.192	11851.11	100		    0.00	    0.00	66057.25	21329.01	0.000	0.000
246.00	12613.74	    0.00	87386.26	    0.00	87386.26	0.000	1.328	1.192	11851.11	100		    0.00	    0.00	66057.25	21329.01	0.000	0.000
247.00	12613.74	    0.00	87386.26	    0.00	87386.26	0.000	1.328	1.192	11851.11	100		    0.00	    0.00	66057.25	21329.01	0.000	0.000
248.00	12613.74	    0.00	87386.26	    0.00	87386.26	0.000	1.328	1.192	11851.11	100		    0.00	    0.00	66057.25	21329.01	0.000	0.000
249.00	12613.74	    0.00	87386.26	    0.00	87386.26	0.000	1.328	1.192	11851.11	100		    0.00	    0.00	66057.25	21329.01	0.000	0.000
250.00	12613.74	    0.00	87386.26	    0.00	87386.26	0.000	1.328	1.192	11851.11	100		    0.00	    0.00	66057.25	21329.01	0.000	0.000
251.00	12613.74	    0.00	87386.26	    0.00	87386.26	0.000	1.328	1.192	11851.11	100		    0.00	    0.00	66057.25	21329.01	0.000	0.000
252.00	12613.74	    0.00	87386.26	    0.00	87386.26	0.000	1.328	1.192	11851.11	100		    0.00	    0.00	66057.25	21329.01	0.000	0.000
253.00	12613.74	    0.00	87386.26	    0.00	87386.26	0.000	1.328	1.192	11851.11	100		    0.00	    0.00	66057.25	21329.01	0.000	0.000
254.00	12613.74	    0.00	87386.26	    0.00	87386.26	0.000	1.328	1.192	11851.11	100		    0.00	    0.00	66057.25	21329.01	0.000	0.000
255.00	12613.74	    0.00	87386.26	    0.00	87386.26	0.000	1.328	1.192	11851.11	100		    0.00	    0.00	66057.25	21329.01	0.000	0.000
256.00	12613.74	    0.00	87386.26	    0.00	87386.26	0.000	1.328	1.192	11851.11	100		    0.00	    0.00	66057.25	21329.01	0.000	0.000
257.00	12613.74	    0.00	87386.26	    0.00	87386.26	0.000	1.328	1.192	11851.11	100		    0.00	    0.00	66057.25	21329.01	0.000	0.000
258.00	12613.74	    0.00	87386.26	    0.00	87386.26	0.000	1.328	1.192	11851.11	100		    0.00	    0.00	66057.25	21329.01	0.000	0.000
259.00	12613.74	    0.00	87386.26	    0.00	87386.26	0.000	1.328	1.192	11851.11	100		    0.00	    0.00	66057.25	21329.01	0.000	0.000
260.00	12613.74	    0.00	87386.26	    0.00	87386.26	0.000	1.328	1.192	11851.11	100		    0.00	    0.00	66057.25	21329.01	0.000	0.000
261.00	12613.74	    0.00	87386.26	    0.00	87386.26	0.000	1.328	1.192	11851.11	100		    0.00	    0.00	66057.25	21329.01	0.000	0.000
262.00	12613.74	    0.00	87386.26	    0.00	87386.26	0.000	1.328	1.192	11851.11	100		    0.00	    0.00	66057.25	21329.01	0.000	0.000
263.00	12613.74	    0.00	87386.26	    0.00	87386.26	0.000	1.328	1.192	11851.11	100		    0.00	    0.00	66057.25	21329.01	0.000	0.000
264.00	12613.74	    0.00	87386.26	    0.00	87386.26	0.000	1.328	1.192	11851.11	100		    0.00	    0.00	66057.25	21329.01	0.000	0.000
265.00	12613.74	    0.00	87386.26	    0.00	87386.26	0.000	1.328	1.192	11851.11	100		    0.00	    0.00	66057.25	21329.01	0.000	0.000
266.00	12613.74	    0.00	87386.26	    0.00	87386.26	0.000	1.328	1.192	11851.11	100		    0.00	    0.00	66057.25	21329.01	0.000	0.000
267.00	12613.74	    0.00	87386.26	    0.00	87386.26	0.000	1.328	1.192	11851.11	100		    0.00	    0.00	66057.25	21329.01	0.000	0.000
268.00	12613.74	    0.00	87386.26	    0.00	87386.26	0.000	1.328	1.192	11851.11	100		    0.00	    0.00	66057.25	21329.01	0.000	0.000
269.00	12613.74	    0.00	87386.26	    0.00	87386.26	0.000	1.328	1.192	11851.11	100		    0.00	    0.00	66057.25	21329.01	0.000	0.000
270.00	12613.74	    0.00	87386.26	    0.00	87386.26	0.000	1.328	1.192	11851.11	100		    0.00	    0.00	66057.25	21329.01	0.000	0.000
271.00	12613.74	    0.00	87386.26	    0.00	87386.26	0.000	1.328	1.192	11851.11	100		    0.00	    0.00	66057.25	21329.01	0.000	0.000
272.00	12613.74	    0.00	87386.26	    0.00	87386.26	0.000	1.328	1.192	11851.11	100		    0.00	    0.00	66057.25	21329.01	0.000	0.000
273.00	12613.74	    0.00	87386.26	    0.00	87386.26	0.000	1.328	1.192	11851.11	100		    0.00	    0.00	66057.25	21329.01	0.000	0.000
274.00	12613.74	    0.00	87386.26	    0.00	87386.26	0.000	1.328	1.192	11851.11	100		    0.00	    0.00	66057.25	21329.01	0.000	0.000
275.00	12613.74	    0.00	87386.26	    0.00	87386.26	0.000	1.328	1.192	11851.11	100		    0.00	    0.00	66057.25	21329.01	0.000	0.000
276.00	12613.74	    0.00	87386.26	    0.00	87386.26	0.000	1.328	1.192	11851.11	100		    0.00	    0.00	66057.25	21329.01	0.000	0.000
277.00	12613.74	    0.00	87386.26	    0.00	87386.26	0.000	1.328	1.192	11851.11	100		    0.00	    0.00	66057.25	21329.01	0.000	0.000
278.00	12613.74	    0.00	87386.26	    0.00	87386.26	0.000	1.328	1.192	11851.11	100		    0.00	    0.00	66057.25	21329.01	0.000	0.000
279.00	12613.74	    0.00	87386.26	    0.00	87386.26	0.000	1.328	1.192	11851.11	100		    0.00	    0.00	66057.25	21329.01	0.000	0.000
280.00	12613.74	    0.00	87386.26	    0.00	87386.26	0.000	1.328	1.192	11851.11	100		    0.00	    0.00	66057.25	21329.01	0.000	0.000
281.00	12613.74	    0.00	87386.26	    0.00	87386.26	0.000	1.328	1.192	11851.11	100		    0.00	    0.00	66057.25	21329.01	0.000	0.000
282.00	12613.74	    0.00	87386.26	    0.00	87386.26	0.000	1.328	1.192	11851.11	100		    0.00	    0.00	66057.25	21329.01	0.000	0.000
283.00	12613.74	    0.00	87386.26	    0.00	87386.26	0.000	1.328	1.192	11851.11	100		    0.00	    0.00	66057.25	21329.01	0.000	0.000
284.00	12613.74	    0.00	87386.26	    0.00	87386.26	0.000	1.328	1.192	11851.11	100		    0.00	    0.00	66057.25	21329.01	0.000	0.000
285.00	12613.74	    0.00	87386.26	    0.00	87386.26	0.000	1.328	1.192	11851.11	100		    0.00	    0.00	66057.25	21329.01	0.000	0.000
286.00	12613.74	    0.00	87386.26	    0.00	87386.26	0.000	1.328	1.192	11851.11	100		    0.00	    0.00	66057.25	21329.01	0.000	0.000
287.00	12613.74	    0.00	87386.26	    0.00	87386.26	0.000	1.328	1.192	11851.11	100		    0.00	    0.00	66057.25	21329.01	0.000	0.000
288.00	12613.74	    0.00	87386.26	    0.00	87386.26	0.000	1.328	1.192	11851.11	100		    0.00	    0.00	66057.25	21329.01	0.000	0.000
289.00	12613.74	    0.00	87386.26	    0.00	87386.26	0.000	1.328	1.192	11851.11	100		    0.00	    0.00	66057.25	21329.01	0.000	0.000
290.00	12613.74	    0.00	87386.26	    0.00	87386.26	0.000	1.328	1.192	11851.11	100		    0.00	    0.00	66057.25	21329.01	0.000	0.000
291.00	12613.74	    0.00	87386.26	    0.00	87386.26	0.000	1.328	1.192	11851.11	100		    0.00	    0.00	66057.25	21329.01	0.000	0.000
292.00	12613.74	    0.00	87386.26	    0.00	87386.26	0.000	1.328	1.192	11851.11	100		    0.00	    0.00	66057.25	21329.01	0.000	0.000
293.00	12613.74	    0.00	87386.26	    0.00	87386.26	0.000	1.328	1.192	11851.11	100		    0.00	    0.00	66057.25	21329.01	0.000	0.000
294.00	12613.74	    0.00	87386.26	    0.00	87386.26	0.000	1.328	1.192	11851.11	100		    0.00	    0.00	66057.25	21329.01	0.000	0.000
295.00	12613.74	    0.00	87386.26	    0.00	87386.26	0.000	1.328	1.192	11851.11	100		    0.00	    0.00	66057.25	21329.01	0.000	0.000
296.00	12613.74	    0.00	87386.26	    0.00	87386.26	0.000	1.328	1.192	11851.11	100		    0.00	    0.00	66057.25	21329.01	0.000	0.000
297.00	12613.74	    0.00	87386.26	    0.00	87386.26	0.000	1.328	1.192	11851.11	100		    0.00	    0.00	66057.25	21329.01	0.000	0.000
298.00	12613.74	    0.00	87386.26	    0.00	87386.26	0.000	1.328	1.192	11851.11	100		    0.00	    0.00	66057.25	21329.01	0.000	0.000
299.00	12613.74	    0.00	87386.26	    0.00	87386.26	0.000	1.328	1.192	11851.11	100		    0.00	    0.00	66057.25	21329.01	0.000	0.000
300.00	12613.74	    0.00	87386.26	    0.00	87386.26	0.000	1.328	1.192	11851.11	100		    0.00	    0.00	66057.25	21329.01	0.000	0.000
301.00	12613.74	    0.00	87386.26	    0.00	87386.26	0.000	1.328	1.192	11851.11	100		    0.00	    0.00	66057.25	21329.01	0.000	0.000
302.00	12613.74	    0.00	87386.26	    0.00	87386.26	0.000	1.328	1.192	11851.11	100		    0.00	    0.00	66057.25	21329.01	0.000	0.000
303.00	12613.74	    0.00	87386.26	    0.00	87386.26	0.000	1.328	1.192	11851.11	100		    0.00	    0.00	66057.25	21329.01	0.000	0.000
304.00	12613.74	    0.00	87386.26	    0.00	87386.26	0.000	1.328	1.192	11851.11	100		    0.00	    0.00	66057.25	21329.01	0.000	0.000
305.00	12613.74	    0.00	87386.26	    0.00	87386.26	0.000	1.328	1.192	11851.11	100		    0.00	    0.00	66057.25	21329.01	0.000	0.000
306.00	12613.74	    0.00	87386.26	    0.00	87386.26	0.000	1.328	1.192	11851.11	100		    0.00	    0.00	66057.25	21329.01	0.000	0.000
307.00	12613.74	    0.00	87386.26	    0.00	87386.26	0.000	1.328	1.192	11851.11	100		    0.00	    0.00	66057.25	21329.01	0.000	0.000
308.00	12613.74	    0.00	87386.26	    0.00	87386.26	0.000	1.328	1.192	11851.11	100		    0.00	    0.00	66057.25	21329.01	0.000	0.000
309.00	12613.74	    0.00	87386.26	    0.00	87386.26	0.000	1.328	1.192	11851.11	100		    0.00	    0.00	66057.25	21329.01	0.000	0.000
310.00	12613.74	    0.00	87386.26	    0.00	87386.26	0.000	1.328	1.192	11851.11	100		    0.00	    0.00	66057.25	21329.01	0.000	0.000
311.00	12613.74	    0.00	87386.26	    0.00	87386.26	0.000	1.328	1.192	11851.11	100		    0.00	    0.00	66057.25	21329.01	0.000	0.000
312.00	12613.74	    0.00	87386.26	    0.00	87386.26	0.000	1.328	1.192	11851.11	100		    0.00	    0.00	66057.25	21329.01	0.000	0.000
313.00	12613.74	    0.00	87386.26	    0.00	87386.26	0.000	1.328	1.192	11851.11	100		    0.00	    0.00	66057.25	21329.01	0.000	0.000
314.00	12613.74	    0.00	87386.26	    0.00	87386.26	0.000	1.328	1.192	11851.11	100		    0.00	    0.00	66057.25	21329.01	0.000	0.000
315.00	12613.74	    0.00	87386.26	    0.00	87386.26	0.000	1.328	1.192	11851.11	100		    0.00	    0.00	66057.25	21329.01	0.000	0.000
316.00	12613.74	    0.00	87386.26	    0.00	87386.26	0.000	1.328	1.192	11851.11	100		    0.00	    0.00	66057.25	21329.01	0.000	0.000
317.00	12613.74	    0.00	87386.26	    0.00	87386.26	0.000	1.328	1.192	11851.11	100		    0.00	    0.00	66057.25	21329.01	0.000	0.000
318.00	12613.74	    0.00	87386.26	    0.00	87386.26	0.000	1.328	1.192	11851.11	100		    0.00	    0.00	66057.25	21329.01	0.000	0.000
319.00	12613.74	    0.00	87386.26	    0.00	87386.26	0.000	1.328	1.192	11851.11	100		    0.00	    0.00	66057.25	21329.01	0.000	0.000
320.00	12613.74	    0.00	87386.26	    0.00	87386.26	0.000	1.328	1.192	11851.11	100		    0.00	    0.00	66057.25	21329.01	0.000	0.000
321.00	12613.74	    0.00	87386.26	    0.00	87386.26	0.000	1.328	1.192	11851.11	100		    0.00	    0.00	66057.25	21329.01	0.000	0.000
322.00	12613.74	    0.00	87386.26	    0.00	87386.26	0.000	1.328	1.192	11851.11	100		    0.00	    0.00	66057.25	21329.01	0.000	0.000
323.00	12613.74	    0.00	87386.26	    0.00	87386.26	0.000	1.328	1.192	11851.11	100		    0.00	    0.00	66057.25	21329.01	0.000	0.000
324.00	12613.74	    0.00	87386.26	    0.00	87386.26	0.000	1.328	1.192	11851.11	100		    0.00	    0.00	66057.25	21329.01	0.000	0.000
325.00	12613.74	    0.00	87386.26	    0.00	87386.26	0.000	1.328	1.192	11851.11	100		    0.00	    0.00	66057.25	21329.01	0.000	0.000
326.00	12613.74	    0.00	87386.26	    0.00	87386.26	0.000	1.328	1.192	11851.11	100		    0.00	    0.00	66057.25	21329.01	0.000	0.000
327.00	12613.74	    0.00	87386.26	    0.00	87386.26	0.000	1.328	1.192	11851.11	100		    0.00	    0.00	66057.25	21329.01	0.000	0.000
328.00	12613.74	    0.00	87386.26	    0.00	87386.26	0.000	1.328	1.192	11851.11	100		    0.00	    0.00	66057.25	21329.01	0.000	0.000
329.00	12613.74	    0.00	87386.26	    0.00	87386.26	0.000	1.328	1.192	11851.11	100		    0.00	    0.00	66057.25	21329.01	0.000	0.000
330.00	12613.74	    0.00	87386.26	    0.00	87386.26	0.000	1.328	1.192	11851.11	100		    0.00	    0.00	66057.25	21329.01	0.000	0.000
331.00	12613.74	    0.00	87386.26	    0.00	87386.26	0.000	1.328	1.192	11851.11	100		    0.00	    0.00	66057.25	21329.01	0.000	0.000
332.00	12613.74	    0.00	87386.26	    0.00	87386.26	0.000	1.328	1.192	11851.11	100		    0.00	    0.00	66057.25	21329.01	0.000	0.000
333.00	12613.74	    0.00	87386.26	    0.00	87386.26	0.000	1.328	1.192	11851.11	100		    0.00	    0.00	66057.25	21329.01	0.000	0.000
334.00	12613.74	    0.00	87386.26	    0.00	87386.26	0.000	1.328	1.192	11851.11	100		    0.00	    0.00	66057.25	21329.01	0.000	0.000
335.00	12613.74	    0.00	87386.26	    0.00	87386.26	0.000	1.328	1.192	11851.11	100		    0.00	    0.00	66057.25	21329.01	0.000	0.000
336.00	12613.74	    0.00	87386.26	    0.00	87386.26	0.000	1.328	1.192	11851.11	100		    0.00	    0.00	66057.25	21329.01	0.000	0.000
337.00	12613.74	    0.00	87386.26	    0.00	87386.26	0.000	1.328	1.192	11851.11	100		    0.00	    0.00	66057.25	21329.01	0.000	0.000
338.00	12613.74	    0.00	87386.26	    0.00	87386.26	0.000	1.328	1.192	11851.11	100		    0.00	    0.00	66057.25	21329.01	0.000	0.000
339.00	12613.74	    0.00	87386.26	    0.00	87386.26	0.000	1.328	1.192	11851.11	100		    0.00	    0.00	66057.25	21329.01	0.000	0.000
340.00	12613.74	    0.00	87386.26	    0.00	87386.26	0.000	1.328	1.192	11851.11	100		    0.00	    0.00	66057.25	21329.01	0.000	0.000
341.00	12613.74	    0.00	87386.26	    0.00	87386.26	0.000	1.328	1.192	11851.11	100		    0.00	    0.00	66057.25	21329.01	0.000	0.000
342.00	12613.74	    0.00	87386.26	    0.00	87386.26	0.000	1.328	1.192	11851.11	100		    0.00	    0.00	66057.25	21329.01	0.000	0.000
343.00	12613.74	    0.00	87386.26	    0.00	87386.26	0.000	1.328	1.192	11851.11	100		    0.00	    0.00	66057.25	21329.01	0.000	0.000
344.00	12613.74	    0.00	87386.26	    0.00	87386.26	0.000	1.328	1.192	11851.11	100		    0.00	    0.00	66057.25	21329.01	0.000	0.000
345.00	12613.74	    0.00	87386.26	    0.00	87386.26	0.000	1.328	1.192	11851.11	100		    0.00	    0.00	66057.25	21329.01	0.000	0.000
346.00	12613.74	    0.00	87386.26	    0.00	87386.26	0.000	1.328	1.192	11851.11	100		    0.00	    0.00	66057.25	21329.01	0.000	0.000
347.00	12613.74	    0.00	87386.26	    0.00	87386.26	0.000	1.328	1.192	11851.11	100		    0.00	    0.00	66057.25	21329.01	0.000	0.000
348.00	12613.74	    0.00	87386.26	    0.00	87386.26	0.000	1.328	1.192	11851.11	100		    0.00	    0.00	66057.25	21329.01	0.000	0.000
349.00	12613.74	    0.00	87386.26	    0.00	87386.26	0.000	1.328	1.192	11851.11	100		    0.00	    0.00	66057.25	21329.01	0.000	0.000
350.00	12613.74	    0.00	87386.26	    0.00	87386.26	0.000	1.328	1.192	11851.11	100		    0.00	    0.00	66057.25	21329.01	0.000	0.000
351.00	12613.74	    0.00	87386.26	    0.00	87386.26	0.000	1.328	1.192	11851.11	100		    0.00	    0.00	66057.25	21329.01	0.000	0.000
352.00	12613.74	    0.00	87386.26	    0.00	87386.26	0.000	1.328	1.192	11851.11	100		    0.00	    0.00	66057.25	21329.01	0.000	0.000
353.00	12613.74	    0.00	87386.26	    0.00	87386.26	0.000	1.328	1.192	11851.11	100		    0.00	    0.00	66057.25	21329.01	0.000	0.000
354.00	12613.74	    0.00	87386.26	    0.00	87386.26	0.000	1.328	1.192	11851.11	100		    0.00	    0.00	66057.25	21329.01	0.000	0.000
355.00	12613.74	    0.00	87386.26	    0.00	87386.26	0.000	1.328	1.192	11851.11	100		    0.00	    0.00	66057.25	21329.01	0.000	0.000
356.00	12613.74	    0.00	87386.26	    0.00	87386.26	0.000	1.328	1.192	11851.11	100		    0.00	    0.00	66057.25	21329.01	0.000	0.000
357.00	12613.74	    0.00	87386.26	    0.00	87386.26	0.000	1.328	1.192	11851.11	100		    0.00	    0.00	66057.25	21329.01	0.000	0.000
358.00	12613.74	    0.00	87386.26	    0.00	87386.26	0.000	1.328	1.192	11851.11	100		    0.00	    0.00	66057.25	21329.01	0.000	0.000
359.00	12613.74	    0.00	87386.26	    0.00	87386.26	0.000	1.328	1.192	11851.11	100		    0.00	    0.00	66057.25	21329.01	0.000	0.000
360.00	12613.74	    0.00	87386.26	    0.00	87386.26	0.000	1.328	1.192	11851.11	100		    0.00	    0.00	66057.25	21329.01	0.000	0.000
361.00	12613.74	    0.00	87386.26	    0.00	87386.26	0.000	1.328	1.192	11851.11	100		    0.00	    0.00	66057.25	21329.01	0.000	0.000
362.00	12613.74	    0.00	87386.26	    0.00	87386.26	0.000	1.328	1.192	11851.11	100		    0.00	    0.00	66057.25	21329.01	0.000	0.000
363.00	12613.74	    0.00	87386.26	    0.00	87386.26	0.000	1.328	1.192	11851.11	100		    0.00	    0.00	66057.25	21329.01	0.000	0.000
364.00	12613.74	    0.00	87386.26	    0.00	87386.26	0.000	1.328	1.192	11851.11	100		    0.00	    0.00	66057.25	21329.01	0.000	0.000
365.00	12613.74	    0.00	87386.26	    0.00	87386.26	0.000	1.328	1.192	11851.11	100		    0.00	    0.00	66057.25	21329.01	0.000	0.000
366.00	12613.74	    0.00	87386.26	    0.00	87386.26	0.000	1.328	1.192	11851.11	100		    0.00	    0.00	66057.25	21329.01	0.000	0.000
367.00	12613.74	    0.00	87386.26	    0.00	87386.26	0.000	1.328	1.192	11851.11	100		    0.00	    0.00	66057.25	21329.01	0.000	0.000
368.00	12613.74	    0.00	87386.26	    0.00	87386.26	0.000	1.328	1.192	11851.11	100		    0.00	    0.00	66057.25	21329.01	0.000	0.000
369.00	12613.74	    0.00	87386.26	    0.00	87386.26	0.000	1.328	1.192	11851.11	100		    0.00	    0.00	66057.25	21329.01	0.000	0.000
370.00	12613.74	    0.00	87386.26	    0.00	87386.26	0.000	1.328	1.192	11851.11	100		    0.00	    0.00	66057.25	21329.01	0.000	0.000
371.00	12613.74	    0.00	87386.26	    0.00	87386.26	0.000	1.328	1.192	11851.11	100		    0.00	    0.00	66057.25	21329.01	0.000	0.000
372.00	12613.74	    0.00	87386.26	    0.00	87386.26	0.000	1.328	1.192	11851.11	100		    0.00	    0.00	66057.25	21329.01	0.000	0.000
373.00	12613.74	    0.00	87386.26	    0.00	87386.26	0.000	1.328	1.192	11851.11	100		    0.00	    0.00	66057.25	21329.01	0.000	0.000
374.00	12613.74	    0.00	87386.26	    0.00	87386.26	0.000	1.328	1.192	11851.11	100		    0.00	    0.00	66057.25	21329.01	0.000	0.000
375.00	12613.74	    0.00	87386.26	    0.00	87386.26	0.000	1.328	1.192	11851.11	100		    0.00	    0.00	66057.25	21329.01	0.000	0.000
376.00	12613.74	    0.00	87386.26	    0.00	87386.26	0.000	1.328	1.192	11851.11	100		    0.00	    0.00	66057.25	21329.01	0.000	0.000
377.00	12613.74	    0.00	87386.26	    0.00	87386.26	0.000	1.328	1.192	11851.11	100		    0.00	    0.00	66057.25	21329.01	0.000	0.000
378.00	12613.74	    0.00	87386.26	    0.00	87386.26	0.000	1.328	1.192	11851.11	100		    0.00	    0.00	66057.25	21329.01	0.000	0.000
379.00	12613.74	    0.00	87386.26	    0.00	87386.26	0.000	1.328	1.192	11851.11	100		    0.00	    0.00	66057.25	21329.01	0.000	0.000
380.00	12613.74	    0.00	87386.26	    0.00	87386.26	0.000	1.328	1.192	11851.11	100		    0.00	    0.00	66057.25	21329.01	0.000	0.000
381.00	12613.74	    0.00	87386.26	    0.00	87386.26	0.000	1.328	1.192	11851.11	100		    0.00	    0.00	66057.25	21329.01	0.000	0.000
382.00	12613.74	    0.00	87386.26	    0.00	87386.26	0.000	1.328	1.192	11851.11	100		    0.00	    0.00	66057.25	21329.01	0.000	0.000
383.00	12613.74	    0.00	87386.26	    0.00	87386.26	0.000	1.328	1.192	11851.11	100		    0.00	    0.00	66057.25	21329.01	0.000	0.000
384.00	12613.74	    0.00	87386.26	    0.00	87386.26	0.000	1.328	1.192	11851.11	100		    0.00	    0.00	66057.25	21329.01	0.000	0.000
385.00	12613.74	    0.00	87386.26	    0.00	87386.26	0.000	1.328	1.192	11851.11	100		    0.00	    0.00	66057.25	21329.01	0.000	0.000
386.00	12613.74	    0.00	87386.26	    0.00	87386.26	0.000	1.328	1.192	11851.11	100		    0.00	    0.00	66057.25	21329.01	0.000	0.000
387.00	12613.74	    0.00	87386.26	    0.00	87386.26	0.000	1.328	1.192	11851.11	100		    0.00	    0.00	66057.25	21329.01	0.000	0.000
388.00	12613.74	    0.00	87386.26	    0.00	87386.26	0.000	1.328	1.192	11851.11	100		    0.00	    0.00	66057.25	21329.01	0.000	0.000
389.00	12613.74	    0.00	87386.26	    0.00	87386.26	0.000	1.328	1.192	11851.11	100		    0.00	    0.00	66057.25	21329.01	0.000	0.000
390.00	12613.74	    0.00	87386.26	    0.00	87386.26	0.000	1.328	1.192	11851.11	100		    0.00	    0.00	66057.25	21329.01	0.000	0.000
391.00	12613.74	    0.00	87386.26	    0.00	87386.26	0.000	1.328	1.192	11851.11	100		    0.00	    0.00	66057.25	21329.01	0.000	0.000
392.00	12613.74	    0.00	87386.26	    0.00	87386.26	0.000	1.328	1.192	11851.11	100		    0.00	    0.00	66057.25	21329.01	0.000	0.000
393.00	12613.74	    0.00	87386.26	    0.00	87386.26	0.000	1.328	1.192	11851.11	100		    0.00	    0.00	66057.25	21329.01	0.000	0.000
394.00	12613.74	    0.00	87386.26	    0.00	87386.26	0.000	1.328	1.192	11851.11	100		    0.00	    0.00	66057.25	21329.01	0.000	0.000
395.00	12613.74	    0.00	87386.26	    0.00	87386.26	0.000	1.328	1.192	11851.11	100		    0.00	    0.00	66057.25	21329.01	0.000	0.000
396.00	12613.74	    0.00	87386.26	    0.00	87386.26	0.000	1.328	1.192	11851.11	100		    0.00	    0.00	66057.25	21329.01	0.000	0.000
397.00	12613.74	    0.00	87386.26	    0.00	87386.26	0.000	1.328	1.192	11851.11	100		    0.00	    0.00	66057.25	21329.01	0.000	0.000
398.00	12613.74	    0.00	87386.26	    0.00	87386.26	0.000	1.328	1.192	11851.11	100		    0.00	    0.00	66057.25	21329.01	0.000	0.000
399.00	12613.74	    0.00	87386.26	    0.00	87386.26	0.000	1.328	1.192	11851.11	100		    0.00	    0.00	66057.25	21329.01	0.000	0.000
400.00	12613.74	    0.00	87386.26	    0.00	87386.26	0.000	1.328	1.192	11851.11	100		    0.00	    0.00	66057.25	21329.01	0.000	0.000
401.00	12613.74	    0.00	87386.26	    0.00	87386.26	0.000	1.328	1.192	11851.11	100		    0.00	    0.00	66057.25	21329.01	0.000	0.000
402.00	12613.74	    0.00	87386.26	    0.00	87386.26	0.000	1.328	1.192	11851.11	100		    0.00	    0.00	66057.25	21329.01	0.000	0.000
403.00	12613.74	    0.00	87386.26	    0.00	87386.26	0.000	1.328	1.192	11851.11	100		    0.00	    0.00	66057.25	21329.01	0.000	0.000
404.00	12613.74	    0.00	87386.26	    0.00	87386.26	0.000	1.328	1.192	11851.11	100		    0.00	    0.00	66057.25	21329.01	0.000	0.000
405.00	12613.74	    0.00	87386.26	    0.00	87386.26	0.000	1.328	1.192	11851.11	100		    0.00	    0.00	66057.25	21329.01	0.000	0.000
406.00	12613.74	    0.00	87386.26	    0.00	87386.26	0.000	1.328	1.192	11851.11	100		    0.00	    0.00	66057.25	21329.01	0.000	0.000
407.00	12613.74	    0.00	87386.26	    0.00	87386.26	0.000	1.328	1.192	11851.11	100		    0.00	    0.00	66057.25	21329.01	0.000	0.000
408.00	12613.74	    0.00	87386.26	    0.00	87386.26	0.000	1.328	1.192	11851.11	100		    0.00	    0.00	66057.25	21329.01	0.000	0.000
409.00	12613.74	    0.00	87386.26	    0.00	87386.26	0.000	1.328	1.192	11851.11	100		    0.00	    0.00	66057.25	21329.01	0.000	0.000
410.00	12613.74	    0.00	87386.26	    0.00	87386.26	0.000	1.328	1.192	11851.11	100		    0.00	    0.00	66057.25	21329.01	0.000	0.000
411.00	12613.74	    0.00	87386.26	    0.00	87386.26	0.000	1.328	1.192	11851.11	100		    0.00	    0.00	66057.25	21329.01	0.000	0.000
412.00	12613.74	    0.00	87386.26	    0.00	87386.26	0.000	1.328	1.192	11851.11	100		    0.00	    0.00	66057.25	21329.01	0.000	0.000
413.00	12613.74	    0.00	87386.26	    0.00	87386.26	0.000	1.328	1.192	11851.11	100		    0.00	    0.00	66057.25	21329.01	0.000	0.000
414.00	12613.74	    0.00	87386.26	    0.00	87386.26	0.000	1.328	1.192	11851.11	100		    0.00	    0.00	66057.25	21329.01	0.000	0.000
415.00	12613.74	    0.00	87386.26	    0.00	87386.26	0.000	1.328	1.192	11851.11	100		    0.00	    0.00	66057.25	21329.01	0.000	0.000
416.00	12613.74	    0.00	87386.26	    0.00	87386.26	0.000	1.328	1.192	11851.11	100		    0.00	    0.00	66057.25	21329.01	0.000	0.000
417.00	12613.74	    0.00	87386.26	    0.00	87386.26	0.000	1.328	1.192	11851.11	100		    0.00	    0.00	66057.25	21329.01	0.000	0.000
418.00	12613.74	    0.00	87386.26	    0.00	87386.26	0.000	1.328	1.192	11851.11	100		    0.00	    0.00	66057.25	21329.01	0.000	0.000
419.00	12613.74	    0.00	87386.26	    0.00	87386.26	0.000	1.328	1.192	11851.11	100		    0.00	    0.00	66057.25	21329.01	0.000	0.000
420.00	12613.74	    0.00	87386.26	    0.00	87386.26	0.000	1.328	1.192	11851.11	100		    0.00	    0.00	66057.25	21329.01	0.000	0.000
421.00	12613.74	    0.00	87386.26	    0.00	87386.26	0.000	1.328	1.192	11851.11	100		    0.00	    0.00	66057.25	21329.01	0.000	0.000
422.00	12613.74	    0.00	87386.26	    0.00	87386.26	0.000	1.328	1.192	11851.11	100		    0.00	    0.00	66057.25	21329.01	0.000	0.000
423.00	12613.74	    0.00	87386.26	    0.00	87386.26	0.000	1.328	1.192	11851.11	100		    0.00	    0.00	66057.25	21329.01	0.000	0.000
424.00	12613.74	    0.00	87386.26	    0.00	87386.26	0.000	1.328	1.192	11851.11	100		    0.00	    0.00	66057.25	21329.01	0.000	0.000
425.00	12613.74	    0.00	87386.26	    0.00	87386.26	0.000	1.328	1.192	11851.11	100		    0.00	    0.00	66057.25	21329.01	0.000	0.000
426.00	12613.74	    0.00	87386.26	    0.00	87386.26	0.000	1.328	1.192	11851.11	100		    0.00	    0.00	66057.25	21329.01	0.000	0.000
427.00	12613.74	    0.00	87386.26	    0.00	87386.26	0.000	1.328	1.192	11851.11	100		    0.00	    0.00	66057.25	21329.01	0.000	0.000
428.00	12613.74	    0.00	87386.26	    0.00	87386.26	0.000	1.328	1.192	11851.11	100		    0.00	    0.00	66057.25	21329.01	0.000	0.000
429.00	12613.74	    0.00	87386.26	    0.00	87386.26	0.000	1.328	1.192	11851.11	100		    0.00	    0.00	66057.25	21329.01	0.000	0.000
430.00	12613.74	    0.00	87386.26	    0.00	87386.26	0.000	1.328	1.192	11851.11	100		    0.00	    0.00	66057.25	21329.01	0.000	0.000
431.00	12613.74	    0.00	87386.26	    0.00	87386.26	0.000	1.328	1.192	11851.11	100		    0.00	    0.00	66057.25	21329.01	0.000	0.000
432.00	12613.74	    0.00	87386.26	    0.00	87386.26	0.000	1.328	1.192	11851.11	100		    0.00	    0.00	66057.25	21329.01	0.000	0.000
433.00	12613.74	    0.00	87386.26	    0.00	87386.26	0.000	1.328	1.192	11851.11	100		    0.00	    0.00	66057.25	21329.01	0.000	0.000
434.00	12613.74	    0.00	87386.26	    0.00	87386.26	0.000	1.328	1.192	11851.11	100		    0.00	    0.00	66057.25	21329.01	0.000	0.000
435.00	12613.74	    0.00	87386.26	    0.00	87386.26	0.000	1.328	1.192	11851.11	100		    0.00	    0.00	66057.25	21329.01	0.000	0.000
436.00	12613.74	    0.00	87386.26	    0.00	87386.26	0.000	1.328	1.192	11851.11	100		    0.00	    0.00	66057.25	21329.01	0.000	0.000
437.00	12613.74	    0.00	87386.26	    0.00	87386.26	0.000	1.328	1.192	11851.11	100		    0.00	    0.00	66057.25	21329.01	0.000	0.000
438.00	12613.74	    0.00	87386.26	    0.00	87386.26	0.000	1.328	1.192	11851.11	100		    0.00	    0.00	66057.25	21329.01	0.000	0.000
439.00	12613.74	    0.00	87386.26	    0.00	87386.26	0.000	1.328	1.192	11851.11	100		    0.00	    0.00	66057.25	21329.01	0.000	0.000
440.00	12613.74	    0.00	87386.26	    0.00	87386.26	0.000	1.328	1.192	11851.11	100		    0.00	    0.00	66057.25	21329.01	0.000	0.000
441.00	12613.74	    0.00	87386.26	    0.00	87386.26	0.000	1.328	1.192	11851.11	100		    0.00	    0.00	66057.25	21329.01	0.000	0.000
442.00	12613.74	    0.00	87386.26	    0.00	87386.26	0.000	1.328	1.192	11851.11	100		    0.00	    0.00	66057.25	21329.01	0.000	0.000
443.00	12613.74	    0.00	87386.26	    0.00	87386.26	0.000	1.328	1.192	11851.11	100		    0.00	    0.00	66057.25	21329.01	0.000	0.000
444.00	12613.74	    0.00	87386.26	    0.00	87386.26	0.000	1.328	1.192	11851.11	100		    0.00	    0.00	66057.25	21329.01	0.000	0.000
445.00	12613.74	    0.00	87386.26	    0.00	87386.26	0.000	1.328	1.192	11851.11	100		    0.00	    0.00	66057.25	21329.01	0.000	0.000
446.00	12613.74	    0.00	87386.26	    0.00	87386.26	0.000	1.328	1.192	11851.11	100		    0.00	    0.00	66057.25	21329.01	0.000	0.000
447.00	12613.74	    0.00	87386.26	    0.00	87386.26	0.000	1.328	1.192	11851.11	100		    0.00	    0.00	66057.25	21329.01	0.000	0.000
448.00	12613.74	    0.00	87386.26	    0.00	87386.26	0.000	1.328	1.192	11851.11	100		    0.00	    0.00	66057.25	21329.01	0.000	0.000
449.00	12613.74	    0.00	87386.26	    0.00	87386.26	0.000	1.328	1.192	11851.11	100		    0.00	    0.00	66057.25	21329.01	0.000	0.000
450.00	12613.74	    0.00	87386.26	    0.00	87386.26	0.000	1.328	1.192	11851.11	100		    0.00	    0.00	66057.25	21329.01	0.000	0.000
451.00	12613.74	    0.00	87386.26	    0.00	87386.26	0.000	1.328	1.192	11851.11	100		    0.00	    0.00	66057.25	21329.01	0.000	0.000
452.00	12613.74	    0.00	87386.26	    0.00	87386.26	0.000	1.328	1.192	11851.11	100		    0.00	    0.00	66057.25	21329.01	0.000	0.000
453.00	12613.74	    0.00	87386.26	    0.00	87386.26	0.000	1.328	1.192	11851.11	100		    0.00	    0.00	66057.25	21329.01	0.000	0.000
454.00	12613.74	    0.00	87386.26	    0.00	87386.26	0.000	1.328	1.192	11851.11	100		    0.00	    0.00	66057.25	21329.01	0.000	0.000
455.00	12613.74	    0.00	87386.26	    0.00	87386.26	0.000	1.328	1.192	11851.11	100		    0.00	    0.00	66057.25	21329.01	0.000	0.000
456.00	12613.74	    0.00	87386.26	    0.00	87386.26	0.000	1.328	1.192	11851.11	100		    0.00	    0.00	66057.25	21329.01	0.000	0.000
457.00	12613.74	    0.00	87386.26	    0.00	87386.26	0.000	1.328	1.192	11851.11	100		    0.00	    0.00	66057.25	21329.01	0.000	0.000
458.00	12613.74	    0.00	87386.26	    0.00	87386.26	0.000	1.328	1.192	11851.11	100		    0.00	    0.00	66057.25	21329.01	0.000	0.000
459.00	12613.74	    0.00	87386.26	    0.00	87386.26	0.000	1.328	1.192	11851.11	100		    0.00	    0.00	66057.25	21329.01	0.000	0.000
460.00	12613.74	    0.00	87386.26	    0.00	87386.26	0.000	1.328	1.192	11851.11	100		    0.00	    0.00	66057.25	21329.01	0.000	0.000
461.00	12613.74	    0.00	87386.26	    0.00	87386.26	0.000	1.328	1.192	11851.11	100		    0.00	    0.00	66057.25	21329.01	0.000	0.000
462.00	12613.74	    0.00	87386.26	    0.00	87386.26	0.000	1.328	1.192	11851.11	100		    0.00	    0.00	66057.25	21329.01	0.000	0.000
463.00	12613.74	    0.00	87386.26	    0.00	87386.26	0.000	1.328	1.192	11851.11	100		    0.00	    0.00	66057.25	21329.01	0.000	0.000
464.00	12613.74	    0.00	87386.26	    0.00	87386.26	0.000	1.328	1.192	11851.11	100		    0.00	    0.00	66057.25	21329.01	0.000	0.000
465.00	12613.74	    0.00	87386.26	    0.00	87386.26	0.000	1.328	1.192	11851.11	100		    0.00	    0.00	66057.25	21329.01	0.000	0.000
466.00	12613.74	    0.00	87386.26	    0.00	87386.26	0.000	1.328	1.192	11851.11	100		    0.00	    0.00	66057.25	21329.01	0.000	0.000
467.00	12613.74	    0.00	87386.26	    0.00	87386.26	0.000	1.328	1.192	11851.11	100		    0.00	    0.00	66057.25	21329.01	0.000	0.000
468.00	12613.74	    0.00	87386.26	    0.00	87386.26	0.000	1.328	1.192	11851.11	100		    0.00	    0.00	66057.25	21329.01	0.000	0.000
469.00	12613.74	    0.00	87386.26	    0.00	87386.26	0.000	1.328	1.192	11851.11	100		    0.00	    0.00	66057.25	21329.01	0.000	0.000
470.00	12613.74	    0.00	87386.26	    0.00	87386.26	0.000	1.328	1.192	11851.11	100		    0.00	    0.00	66057.25	21329.01	0.000	0.000
471.00	12613.74	    0.00	87386.26	    0.00	87386.26	0.000	1.328	1.192	11851.11	100		    0.00	    0.00	66057.25	21329.01	0.000	0.000
472.00	12613.74	    0.00	87386.26	    0.00	87386.26	0.000	1.328	1.192	11851.11	100		    0.00	    0.00	66057.25	21329.01	0.000	0.000
473.00	12613.74	    0.00	87386.26	    0.00	87386.26	0.000	1.328	1.192	11851.11	100		    0.00	    0.00	66057.25	21329.01	0.000	0.000
474.00	12613.74	    0.00	87386.26	    0.00	87386.26	0.000	1.328	1.192	11851.11	100		    0.00	    0.00	66057.25	21329.01	0.000	0.000
475.00	12613.74	    0.00	87386.26	    0.00	87386.26	0.000	1.328	1.192	11851.11	100		    0.00	    0.00	66057.25	21329.01	0.000	0.000
476.00	12613.74	    0.00	87386.26	    0.00	87386.26	0.000	1.328	1.192	11851.11	100		    0.00	    0.00	66057.25	21329.01	0.000	0.000
477.00	12613.74	    0.00	87386.26	    0.00	87386.26	0.000	1.328	1.192	11851.11	100		    0.00	    0.00	66057.25	21329.01	0.000	0.000
478.00	12613.74	    0.00	87386.26	    0.00	87386.26	0.000	1.328	1.192	11851.11	100		    0.00	    0.00	66057.25	21329.01	0.000	0.000
479.00	12613.74	    0.00	87386.26	    0.00	87386.26	0.000	1.328	1.192	11851.11	100		    0.00	    0.00	66057.25	21329.01	0.000	0.000
480.00	12613.74	    0.00	87386.26	    0.00	87386.26	0.000	1.328	1.192	11851.11	100		    0.00	    0.00	66057.25	21329.01	0.000	0.000
481.00	12613.74	    0.00	87386.26	    0.00	87386.26	0.000	1.328	1.192	11851.11	100		    0.00	    0.00	66057.25	21329.01	0.000	0.000
482.00	12613.74	    0.00	87386.26	    0.00	87386.26	0.000	1.328	1.192	11851.11	100		    0.00	    0.00	66057.25	21329.01	0.000	0.000
483.00	12613.74	    0.00	87386.26	    0.00	87386.26	0.000	1.328	1.192	11851.11	100		    0.00	    0.00	66057.25	21329.01	0.000	0.000
484.00	12613.74	    0.00	87386.26	    0.00	87386.26	0.000	1.328	1.192	11851.11	100		    0.00	    0.00	66057.25	21329.01	0.000	0.000
485.00	12613.74	    0.00	87386.26	    0.00	87386.26	0.000	1.328	1.192	11851.11	100		    0.00	    0.00	66057.25	21329.01	0.000	0.000
486.00	12613.74	    0.00	87386.26	    0.00	87386.26	0.000	1.328	1.192	11851.11	100		    0.00	    0.00	66057.25	21329.01	0.000	0.000
487.00	12613.74	    0.00	87386.26	    0.00	87386.26	0.000	1.328	1.192	11851.11	100		    0.00	    0.00	66057.25	21329.01	0.000	0.000
488.00	12613.74	    0.00	87386.26	    0.00	87386.26	0.000	1.328	1.192	11851.11	100		    0.00	    0.00	66057.25	21329.01	0.000	0.000
489.00	12613.74	    0.00	87386.26	    0.00	87386.26	0.000	1.328	1.192	11851.11	100		    0.00	    0.00	66057.25	21329.01	0.000	0.000
490.00	12613.74	    0.00	87386.26	    0.00	87386.26	0.000	1.328	1.192	11851.11	100		    0.00	    0.00	66057.25	21329.01	0.000	0.000
491.00	12613.74	    0.00	87386.26	    0.00	87386.26	0.000	1.328	1.192	11851.11	100		    0.00	    0.00	66057.25	21329.01	0.000	0.000
492.00	12613.74	    0.00	87386.26	    0.00	87386.26	0.000	1.328	1.192	11851.11	100		    0.00	    0.00	66057.25	21329.01	0.000	0.000
493.00	12613.74	    0.00	87386.26	    0.00	87386.26	0.000	1.328	1.192	11851.11	100		    0.00	    0.00	66057.25	21329.01	0.000	0.000
494.00	12613.74	    0.00	87386.26	    0.00	87386.26	0.000	1.328	1.192	11851.11	100		    0.00	    0.00	66057.25	21329.01	0.000	0.000
495.00	12613.74	    0.00	87386.26	    0.00	87386.26	0.000	1.328	1.192	11851.11	100		    0.00	    0.00	66057.25	21329.01	0.000	0.000
496.00	12613.74	    0.00	87386.26	    0.00	87386.26	0.000	1.328	1.192	11851.11	100		    0.00	    0.00	66057.25	21329.01	0.000	0.000
497.00	12613.74	    0.00	87386.26	    0.00	87386.26	0.000	1.328	1.192	11851.11	100		    0.00	    0.00	66057.25	21329.01	0.000	0.000
498.00	12613.74	    0.00	87386.26	    0.00	87386.26	0.000	1.328	1.192	11851.11	100		    0.00	    0.00	66057.25	21329.01	0.000	0.000
499.00	12613.74	    0.00	87386.26	    0.00	87386.26	0.000	1.328	1.192	11851.11	100		    0.00	    0.00	66057.25	21329.01	0.000	0.000
500.00	12613.74	    0.00	87386.26	    0.00	87386.26	0.000	1.328	1.192	11851.11	100		    0.00	    0.00	66057.25	21329.01	0.000	0.000
