0.00	99950.00	   50.00	    0.00	    0.00	   50.00	0.000	2.500	2.500	    0.00	  7		    0.00	    0.00	   23.00	   27.00	0.000	0.000
1.00	99949.87	   50.13	    0.00	    0.13	   50.13	0.000	2.647	2.645	    0.07	 60		    0.05	    0.08	   23.05	   27.08	0.375	0.625
2.00	99946.73	   53.04	    0.23	    3.19	   53.27	1.339	2.691	2.690	    0.07	 96		    1.80	    1.39	   24.83	   28.44	0.565	0.435
3.00	99924.52	   73.41	    2.07	   22.34	   75.48	0.446	2.551	2.550	    0.12	100		   12.06	   10.28	   36.82	   38.66	0.540	0.460
4.00	99874.68	  116.62	    8.70	   49.84	  125.32	0.414	2.405	2.403	    0.28	100		   27.75	   22.09	   64.57	   60.75	0.557	0.443
5.00	99812.05	  162.09	   25.86	   62.63	  187.95	0.396	2.338	2.335	    0.51	100		   36.19	   26.44	  100.76	   87.19	0.578	0.422
6.00	99734.86	  210.28	   54.86	   77.19	  265.14	0.295	2.300	2.297	    0.79	100		   45.76	   31.43	  146.52	  118.62	0.593	0.407
7.00	99631.69	  274.37	   93.94	  103.17	  368.31	0.263	2.280	2.276	    1.48	100		   60.51	   42.66	  207.03	  161.28	0.587	0.413
8.00	99500.36	  352.75	  146.89	  131.33	  499.64	0.259	2.262	2.257	    2.47	100		   76.39	   54.94	  283.42	  216.22	0.582	0.418
9.00	99327.09	  458.70	  214.21	  173.27	  672.91	0.257	2.248	2.242	    4.35	100		  102.02	   71.25	  385.44	  287.47	0.589	0.411
10.00	99101.12	  598.93	  299.95	  225.97	  898.88	0.265	2.238	2.230	    7.32	100		  132.00	   93.97	  517.44	  381.44	0.584	0.416
11.00	98811.22	  775.87	  412.91	  289.90	 1188.78	0.263	2.226	2.216	   11.95	100		  168.06	  121.84	  685.50	  503.28	0.580	0.420
12.00	98433.87	 1006.36	  559.77	  377.35	 1566.13	0.259	2.217	2.205	   19.82	100		  221.34	  156.01	  906.84	  659.29	0.587	0.413
13.00	97946.26	 1302.62	  751.12	  487.61	 2053.74	0.259	2.209	2.193	   33.03	100		  288.96	  198.65	 1195.80	  857.94	0.593	0.407
14.00	97322.38	 1674.84	 1002.78	  623.88	 2677.62	0.255	2.198	2.178	   54.34	100		  367.83	  256.05	 1563.63	 1113.99	0.590	0.410
15.00	96515.33	 2156.26	 1328.41	  807.05	 3484.67	0.252	2.187	2.162	   90.16	100		  477.22	  329.83	 2040.85	 1443.82	0.591	0.409
16.00	95487.45	 2769.28	 1743.27	 1027.88	 4512.55	0.251	2.175	2.142	  146.11	100		  608.14	  419.74	 2648.99	 1863.56	0.592	0.408
17.00	94186.20	 3529.27	 2284.53	 1301.25	 5813.80	0.246	2.159	2.119	  233.74	100		  777.38	  523.87	 3426.37	 2387.43	0.597	0.403
18.00	92550.94	 4466.32	 2982.74	 1635.26	 7449.06	0.239	2.142	2.093	  369.14	100		  982.35	  652.91	 4408.72	 3040.34	0.601	0.399
19.00	90504.50	 5616.21	 3879.29	 2046.44	 9495.50	0.232	2.119	2.059	  571.71	100		 1236.24	  810.20	 5644.96	 3850.54	0.604	0.396
20.00	87989.84	 6979.71	 5030.45	 2514.66	12010.16	0.223	2.089	2.017	  864.71	100		 1538.01	  976.65	 7182.97	 4827.19	0.612	0.388
21.00	84948.62	 8546.40	 6504.98	 3041.22	15051.38	0.210	2.055	1.970	 1271.14	100		 1887.54	 1153.68	 9070.51	 5980.87	0.621	0.379
22.00	81339.92	10296.24	 8363.84	 3608.70	18660.08	0.194	2.015	1.918	 1813.88	100		 2266.43	 1342.27	11336.94	 7323.14	0.628	0.372
23.00	77156.93	12157.24	10685.83	 4182.99	22843.07	0.176	1.969	1.860	 2494.27	100		 2686.75	 1496.24	14023.69	 8819.38	0.642	0.358
24.00	72432.83	14012.97	13554.20	 4724.10	27567.17	0.154	1.918	1.798	 3303.24	100		 3098.85	 1625.25	17122.54	10444.63	0.656	0.344
25.00	67254.06	15724.44	17021.50	 5178.77	32745.94	0.129	1.862	1.734	 4201.37	100		 3479.05	 1699.72	20601.59	12144.35	0.672	0.328
26.00	61816.30	17033.09	21150.61	 5437.76	38183.70	0.098	1.804	1.669	 5123.40	100		 3761.69	 1676.07	24363.28	13820.42	0.692	0.308
27.00	56198.54	17911.05	25890.41	 5617.76	43801.46	0.065	1.743	1.606	 6016.61	100		 4010.91	 1606.85	28374.19	15427.27	0.714	0.286
28.00	50747.43	18007.95	31244.62	 5451.11	49252.57	0.028	1.685	1.547	 6802.57	100		 4016.48	 1434.63	32390.67	16861.90	0.737	0.263
29.00	45584.17	17430.56	36985.27	 5163.26	54415.83	-0.014	1.630	1.493	 7452.47	100		 3929.54	 1233.72	36320.21	18095.62	0.761	0.239
30.00	40903.64	16149.65	42946.71	 4680.53	59096.36	-0.054	1.581	1.446	 7958.85	100		 3675.34	 1005.19	39995.55	19100.81	0.785	0.215
31.00	36788.17	14394.86	48816.97	 4115.47	63211.83	-0.096	1.537	1.406	 8325.59	100		 3320.10	  795.37	43315.65	19896.18	0.807	0.193
32.00	33292.14	12343.50	54364.36	 3496.03	66707.86	-0.134	1.501	1.372	 8578.41	100		 2893.41	  602.62	46209.06	20498.80	0.828	0.172
33.00	30386.63	10248.62	59364.75	 2905.51	69613.37	-0.170	1.471	1.345	 8745.87	100		 2456.39	  449.12	48665.45	20947.92	0.845	0.155
34.00	28016.57	 8291.25	63692.18	 2370.06	71983.43	-0.199	1.446	1.323	 8852.32	100		 2040.60	  329.46	50706.05	21277.38	0.861	0.139
35.00	26137.98	 6528.92	67333.10	 1878.59	73862.02	-0.225	1.426	1.306	 8918.97	100		 1639.95	  238.64	52346.00	21516.02	0.873	0.127
36.00	24653.08	 5078.93	70267.99	 1484.90	75346.92	-0.245	1.411	1.292	 8958.97	100		 1313.40	  171.50	53659.40	21687.52	0.885	0.115
37.00	23498.83	 3891.97	72609.20	 1154.25	76501.17	-0.259	1.399	1.281	 8983.51	100		 1030.04	  124.21	54689.44	21811.73	0.892	0.108
38.00	22604.92	 2963.57	74431.51	  893.91	77395.08	-0.269	1.390	1.273	 8997.72	100		  803.10	   90.81	55492.54	21902.54	0.898	0.102
39.00	21925.81	 2236.65	75837.54	  679.11	78074.19	-0.277	1.383	1.267	 9005.80	100		  612.43	   66.68	56104.97	21969.22	0.902	0.098
40.00	21404.06	 1688.97	76906.97	  521.75	78595.94	-0.281	1.377	1.263	 9010.84	100		  473.29	   48.46	56578.26	22017.68	0.907	0.093
41.00	21003.71	 1276.38	77719.91	  400.35	78996.29	-0.280	1.373	1.259	 9013.31	100		  365.22	   35.13	56943.48	22052.81	0.912	0.088
42.00	20702.44	  955.76	78341.80	  301.27	79297.56	-0.285	1.370	1.256	 9014.66	100		  275.04	   26.23	57218.52	22079.04	0.913	0.087
43.00	20474.95	  718.53	78806.52	  227.49	79525.05	-0.287	1.368	1.254	 9015.57	100		  208.44	   19.05	57426.96	22098.09	0.916	0.084
44.00	20300.76	  544.05	79155.19	  174.19	79699.24	-0.282	1.366	1.253	 9015.98	100		  160.32	   13.87	57587.28	22111.96	0.920	0.080
45.00	20170.79	  406.88	79422.33	  129.97	79829.21	-0.284	1.364	1.252	 9016.19	100		  119.49	   10.48	57706.77	22122.44	0.919	0.081
46.00	20072.47	  305.51	79622.02	   98.32	79927.53	-0.289	1.363	1.251	 9016.38	100		   90.07	    8.25	57796.84	22130.69	0.916	0.084
47.00	19997.90	  229.83	79772.27	   74.57	80002.10	-0.286	1.363	1.250	 9016.46	100		   68.48	    6.09	57865.32	22136.78	0.918	0.082
48.00	19942.70	  172.29	79885.01	   55.20	80057.30	-0.286	1.362	1.250	 9016.51	100		   50.57	    4.63	57915.89	22141.41	0.916	0.084
49.00	19901.27	  130.22	79968.51	   41.43	80098.73	-0.284	1.362	1.249	 9016.53	100		   38.17	    3.26	57954.06	22144.67	0.921	0.079
50.00	19868.54	   99.41	80032.05	   32.73	80131.46	-0.275	1.361	1.249	 9016.53	100		   30.01	    2.72	57984.07	22147.39	0.917	0.083
51.00	19844.87	   73.83	80081.30	   23.67	80155.13	-0.284	1.361	1.249	 9016.55	100		   21.78	    1.89	58005.85	22149.28	0.920	0.080
52.00	19827.14	   55.57	80117.29	   17.73	80172.86	-0.291	1.361	1.249	 9016.55	100		   16.38	    1.35	58022.23	22150.63	0.924	0.076
53.00	19813.45	   42.05	80144.50	   13.69	80186.55	-0.281	1.361	1.248	 9016.55	100		   12.59	    1.10	58034.82	22151.73	0.920	0.080
54.00	19802.96	   31.46	80165.58	   10.49	80197.04	-0.284	1.361	1.248	 9016.55	100		    9.68	    0.81	58044.50	22152.54	0.923	0.077
55.00	19795.57	   22.68	80181.75	    7.39	80204.43	-0.309	1.361	1.248	 9016.55	100		    6.79	    0.60	58051.29	22153.14	0.919	0.081
56.00	19789.94	   17.03	80193.03	    5.63	80210.06	-0.307	1.361	1.248	 9016.55	100		    5.08	    0.55	58056.37	22153.69	0.902	0.098
57.00	19786.05	   12.21	80201.74	    3.89	80213.95	-0.310	1.361	1.248	 9016.55	100		    3.59	    0.30	58059.96	22153.99	0.923	0.077
58.00	19782.98	    9.27	80207.75	    3.07	80217.02	-0.304	1.360	1.248	 9016.55	100		    2.81	    0.26	58062.77	22154.25	0.915	0.085
59.00	19780.91	    6.65	80212.44	    2.07	80219.09	-0.304	1.360	1.248	 9016.55	100		    1.87	    0.20	58064.64	22154.45	0.903	0.097
60.00	19779.26	    5.10	80215.64	    1.65	80220.74	-0.299	1.360	1.248	 9016.55	100		    1.56	    0.09	58066.20	22154.54	0.945	0.055
61.00	19777.83	    3.89	80218.28	    1.43	80222.17	-0.268	1.360	1.248	 9016.55	100		    1.33	    0.10	58067.53	22154.64	0.930	0.070
62.00	19777.06	    2.57	80220.37	    0.77	80222.94	-0.343	1.360	1.248	 9016.55	100		    0.69	    0.08	58068.22	22154.72	0.896	0.104
63.00	19776.25	    2.25	80221.50	    0.81	80223.75	-0.274	1.360	1.248	 9016.55	100		    0.73	    0.08	58068.95	22154.80	0.901	0.099
64.00	19775.77	    1.47	80222.76	    0.48	80224.23	-0.279	1.360	1.248	 9016.55	100		    0.43	    0.05	58069.38	22154.85	0.896	0.104
65.00	19775.43	    1.12	80223.45	    0.34	80224.57	-0.349	1.360	1.248	 9016.55	100		    0.31	    0.03	58069.69	22154.88	0.912	0.088
66.00	19775.11	    0.95	80223.94	    0.32	80224.89	-0.218	1.360	1.248	 9016.55	100		    0.28	    0.04	58069.97	22154.92	0.875	0.125
67.00	19775.00	    0.61	80224.39	    0.11	80225.00	-0.304	1.360	1.248	 9016.55	100		    0.08	    0.03	58070.05	22154.95	0.727	0.273
68.00	19774.78	    0.63	80224.59	    0.22	80225.22	-0.205	1.360	1.248	 9016.55	100		    0.20	    0.02	58070.25	22154.97	0.909	0.091
69.00	19774.65	    0.33	80225.02	    0.13	80225.35	-0.307	1.360	1.248	 9016.55	100		    0.13	    0.00	58070.38	22154.97	1.000	0.000
70.00	19774.60	    0.14	80225.26	    0.05	80225.40	-0.752	1.360	1.248	 9016.55	100		    0.05	    0.00	58070.43	22154.97	1.000	0.000
71.00	19774.59	    0.07	80225.34	    0.01	80225.41	-0.775	1.360	1.248	 9016.55	100		    0.01	    0.00	58070.44	22154.97	1.000	0.000
72.00	19774.57	    0.07	80225.36	    0.02	80225.43	-0.347	1.360	1.248	 9016.55	100		    0.02	    0.00	58070.46	22154.97	1.000	0.000
73.00	19774.55	    0.05	80225.40	    0.02	80225.45	-0.168	1.360	1.248	 9016.55	100		    0.02	    0.00	58070.48	22154.97	1.000	0.000
74.00	19774.54	    0.02	80225.44	    0.01	80225.46	-0.626	1.360	1.248	 9016.55	100		    0.00	    0.01	58070.48	22154.98	0.000	1.000
75.00	19774.54	    0.01	80225.45	    0.00	80225.46	-0.805	1.360	1.248	 9016.55	100		    0.00	    0.00	58070.48	22154.98	0.000	0.000
76.00	19774.54	    0.01	80225.45	    0.00	80225.46	-0.347	1.360	1.248	 9016.55	100		    0.00	    0.00	58070.48	22154.98	0.000	0.000
77.00	19774.53	    0.02	80225.45	    0.01	80225.47	0.347	1.360	1.248	 9016.55	100		    0.01	    0.00	58070.49	22154.98	1.000	0.000
78.00	19774.53	    0.00	80225.47	    0.00	80225.47	0.000	1.360	1.248	 9016.55	100		    0.00	    0.00	58070.49	22154.98	0.000	0.000
79.00	19774.53	    0.00	80225.47	    0.00	80225.47	-0.347	1.360	1.248	 9016.55	100		    0.00	    0.00	58070.49	22154.98	0.000	0.000
80.00	19774.53	    0.00	80225.47	    0.00	80225.47	0.000	1.360	1.248	 9016.55	100		    0.00	    0.00	58070.49	22154.98	0.000	0.000
81.00	19774.53	    0.00	80225.47	    0.00	80225.47	0.000	1.360	1.248	 9016.55	100		    0.00	    0.00	58070.49	22154.98	0.000	0.000
82.00	19774.53	    0.00	80225.47	    0.00	80225.47	0.000	1.360	1.248	 9016.55	100		    0.00	    0.00	58070.49	22154.98	0.000	0.000
83.00	19774.53	    0.00	80225.47	    0.00	80225.47	0.000	1.360	1.248	 9016.55	100		    0.00	    0.00	58070.49	22154.98	0.000	0.000
84.00	19774.53	    0.00	80225.47	    0.00	80225.47	0.000	1.360	1.248	 9016.55	100		    0.00	    0.00	58070.49	22154.98	0.000	0.000
85.00	19774.53	    0.00	80225.47	    0.00	80225.47	0.000	1.360	1.248	 9016.55	100		    0.00	    0.00	58070.49	22154.98	0.000	0.000
86.00	19774.53	    0.00	80225.47	    0.00	80225.47	0.000	1.360	1.248	 9016.55	100		    0.00	    0.00	58070.49	22154.98	0.000	0.000
87.00	19774.53	    0.00	80225.47	    0.00	80225.47	0.000	1.360	1.248	 9016.55	100		    0.00	    0.00	58070.49	22154.98	0.000	0.000
88.00	19774.53	    0.00	80225.47	    0.00	80225.47	0.000	1.360	1.248	 9016.55	100		    0.00	    0.00	58070.49	22154.98	0.000	0.000
89.00	19774.53	    0.00	80225.47	    0.00	80225.47	0.000	1.360	1.248	 9016.55	100		    0.00	    0.00	58070.49	22154.98	0.000	0.000
90.00	19774.53	    0.00	80225.47	    0.00	80225.47	0.000	1.360	1.248	 9016.55	100		    0.00	    0.00	58070.49	22154.98	0.000	0.000
91.00	19774.53	    0.00	80225.47	    0.00	80225.47	0.000	1.360	1.248	 9016.55	100		    0.00	    0.00	58070.49	22154.98	0.000	0.000
92.00	19774.53	    0.00	80225.47	    0.00	80225.47	0.000	1.360	1.248	 9016.55	100		    0.00	    0.00	58070.49	22154.98	0.000	0.000
93.00	19774.53	    0.00	80225.47	    0.00	80225.47	0.000	1.360	1.248	 9016.55	100		    0.00	    0.00	58070.49	22154.98	0.000	0.000
94.00	19774.53	    0.00	80225.47	    0.00	80225.47	0.000	1.360	1.248	 9016.55	100		    0.00	    0.00	58070.49	22154.98	0.000	0.000
95.00	19774.53	    0.00	80225.47	    0.00	80225.47	0.000	1.360	1.248	 9016.55	100		    0.00	    0.00	58070.49	22154.98	0.000	0.000
96.00	19774.53	    0.00	80225.47	    0.00	80225.47	0.000	1.360	1.248	 9016.55	100		    0.00	    0.00	58070.49	22154.98	0.000	0.000
97.00	19774.53	    0.00	80225.47	    0.00	80225.47	0.000	1.360	1.248	 9016.55	100		    0.00	    0.00	58070.49	22154.98	0.000	0.000
98.00	19774.53	    0.00	80225.47	    0.00	80225.47	0.000	1.360	1.248	 9016.55	100		    0.00	    0.00	58070.49	22154.98	0.000	0.000
99.00	19774.53	    0.00	80225.47	    0.00	80225.47	0.000	1.360	1.248	 9016.55	100		    0.00	    0.00	58070.49	22154.98	0.000	0.000
100.00	19774.53	    0.00	80225.47	    0.00	80225.47	0.000	1.360	1.248	 9016.55	100		    0.00	    0.00	58070.49	22154.98	0.000	0.000
101.00	19774.53	    0.00	80225.47	    0.00	80225.47	0.000	1.360	1.248	 9016.55	100		    0.00	    0.00	58070.49	22154.98	0.000	0.000
102.00	19774.53	    0.00	80225.47	    0.00	80225.47	0.000	1.360	1.248	 9016.55	100		    0.00	    0.00	58070.49	22154.98	0.000	0.000
103.00	19774.53	    0.00	80225.47	    0.00	80225.47	0.000	1.360	1.248	 9016.55	100		    0.00	    0.00	58070.49	22154.98	0.000	0.000
104.00	19774.53	    0.00	80225.47	    0.00	80225.47	0.000	1.360	1.248	 9016.55	100		    0.00	    0.00	58070.49	22154.98	0.000	0.000
105.00	19774.53	    0.00	80225.47	    0.00	80225.47	0.000	1.360	1.248	 9016.55	100		    0.00	    0.00	58070.49	22154.98	0.000	0.000
106.00	19774.53	    0.00	80225.47	    0.00	80225.47	0.000	1.360	1.248	 9016.55	100		    0.00	    0.00	58070.49	22154.98	0.000	0.000
107.00	19774.53	    0.00	80225.47	    0.00	80225.47	0.000	1.360	1.248	 9016.55	100		    0.00	    0.00	58070.49	22154.98	0.000	0.000
108.00	19774.53	    0.00	80225.47	    0.00	80225.47	0.000	1.360	1.248	 9016.55	100		    0.00	    0.00	58070.49	22154.98	0.000	0.000
109.00	19774.53	    0.00	80225.47	    0.00	80225.47	0.000	1.360	1.248	 9016.55	100		    0.00	    0.00	58070.49	22154.98	0.000	0.000
110.00	19774.53	    0.00	80225.47	    0.00	80225.47	0.000	1.360	1.248	 9016.55	100		    0.00	    0.00	58070.49	22154.98	0.000	0.000
111.00	19774.53	    0.00	80225.47	    0.00	80225.47	0.000	1.360	1.248	 9016.55	100		    0.00	    0.00	58070.49	22154.98	0.000	0.000
112.00	19774.53	    0.00	80225.47	    0.00	80225.47	0.000	1.360	1.248	 9016.55	100		    0.00	    0.00	58070.49	22154.98	0.000	0.000
113.00	19774.53	    0.00	80225.47	    0.00	80225.47	0.000	1.360	1.248	 9016.55	100		    0.00	    0.00	58070.49	22154.98	0.000	0.000
114.00	19774.53	    0.00	80225.47	    0.00	80225.47	0.000	1.360	1.248	 9016.55	100		    0.00	    0.00	58070.49	22154.98	0.000	0.000
115.00	19774.53	    0.00	80225.47	    0.00	80225.47	0.000	1.360	1.248	 9016.55	100		    0.00	    0.00	58070.49	22154.98	0.000	0.000
116.00	19774.53	    0.00	80225.47	    0.00	80225.47	0.000	1.360	1.248	 9016.55	100		    0.00	    0.00	58070.49	22154.98	0.000	0.000
117.00	19774.53	    0.00	80225.47	    0.00	80225.47	0.000	1.360	1.248	 9016.55	100		    0.00	    0.00	58070.49	22154.98	0.000	0.000
118.00	19774.53	    0.00	80225.47	    0.00	80225.47	0.000	1.360	1.248	 9016.55	100		    0.00	    0.00	58070.49	22154.98	0.000	0.000
119.00	19774.53	    0.00	80225.47	    0.00	80225.47	0.000	1.360	1.248	 9016.55	100		    0.00	    0.00	58070.49	22154.98	0.000	0.000
120.00	19774.53	    0.00	80225.47	    0.00	80225.47	0.000	1.360	1.248	 9016.55	100		    0.00	    0.00	58070.49	22154.98	0.000	0.000
121.00	19774.53	    0.00	80225.47	    0.00	80225.47	0.000	1.360	1.248	 9016.55	100		    0.00	    0.00	58070.49	22154.98	0.000	0.000
122.00	19774.53	    0.00	80225.47	    0.00	80225.47	0.000	1.360	1.248	 9016.55	100		    0.00	    0.00	58070.49	22154.98	0.000	0.000
123.00	19774.53	    0.00	80225.47	    0.00	80225.47	0.000	1.360	1.248	 9016.55	100		    0.00	    0.00	58070.49	22154.98	0.000	0.000
124.00	19774.53	    0.00	80225.47	    0.00	80225.47	0.000	1.360	1.248	 9016.55	100		    0.00	    0.00	58070.49	22154.98	0.000	0.000
125.00	19774.53	    0.00	80225.47	    0.00	80225.47	0.000	1.360	1.248	 9016.55	100		    0.00	    0.00	58070.49	22154.98	0.000	0.000
126.00	19774.53	    0.00	80225.47	    0.00	80225.47	0.000	1.360	1.248	 9016.55	100		    0.00	    0.00	58070.49	22154.98	0.000	0.000
127.00	19774.53	    0.00	80225.47	    0.00	80225.47	0.000	1.360	1.248	 9016.55	100		    0.00	    0.00	58070.49	22154.98	0.000	0.000
128.00	19774.53	    0.00	80225.47	    0.00	80225.47	0.000	1.360	1.248	 9016.55	100		    0.00	    0.00	58070.49	22154.98	0.000	0.000
129.00	19774.53	    0.00	80225.47	    0.00	80225.47	0.000	1.360	1.248	 9016.55	100		    0.00	    0.00	58070.49	22154.98	0.000	0.000
130.00	19774.53	    0.00	80225.47	    0.00	80225.47	0.000	1.360	1.248	 9016.55	100		    0.00	    0.00	58070.49	22154.98	0.000	0.000
131.00	19774.53	    0.00	80225.47	    0.00	80225.47	0.000	1.360	1.248	 9016.55	100		    0.00	    0.00	58070.49	22154.98	0.000	0.000
132.00	19774.53	    0.00	80225.47	    0.00	80225.47	0.000	1.360	1.248	 9016.55	100		    0.00	    0.00	58070.49	22154.98	0.000	0.000
133.00	19774.53	    0.00	80225.47	    0.00	80225.47	0.000	1.360	1.248	 9016.55	100		    0.00	    0.00	58070.49	22154.98	0.000	0.000
134.00	19774.53	    0.00	80225.47	    0.00	80225.47	0.000	1.360	1.248	 9016.55	100		    0.00	    0.00	58070.49	22154.98	0.000	0.000
135.00	19774.53	    0.00	80225.47	    0.00	80225.47	0.000	1.360	1.248	 9016.55	100		    0.00	    0.00	58070.49	22154.98	0.000	0.000
136.00	19774.53	    0.00	80225.47	    0.00	80225.47	0.000	1.360	1.248	 9016.55	100		    0.00	    0.00	58070.49	22154.98	0.000	0.000
137.00	19774.53	    0.00	80225.47	    0.00	80225.47	0.000	1.360	1.248	 9016.55	100		    0.00	    0.00	58070.49	22154.98	0.000	0.000
138.00	19774.53	    0.00	80225.47	    0.00	80225.47	0.000	1.360	1.248	 9016.55	100		    0.00	    0.00	58070.49	22154.98	0.000	0.000
139.00	19774.53	    0.00	80225.47	    0.00	80225.47	0.000	1.360	1.248	 9016.55	100		    0.00	    0.00	58070.49	22154.98	0.000	0.000
140.00	19774.53	    0.00	80225.47	    0.00	80225.47	0.000	1.360	1.248	 9016.55	100		    0.00	    0.00	58070.49	22154.98	0.000	0.000
141.00	19774.53	    0.00	80225.47	    0.00	80225.47	0.000	1.360	1.248	 9016.55	100		    0.00	    0.00	58070.49	22154.98	0.000	0.000
142.00	19774.53	    0.00	80225.47	    0.00	80225.47	0.000	1.360	1.248	 9016.55	100		    0.00	    0.00	58070.49	22154.98	0.000	0.000
143.00	19774.53	    0.00	80225.47	    0.00	80225.47	0.000	1.360	1.248	 9016.55	100		    0.00	    0.00	58070.49	22154.98	0.000	0.000
144.00	19774.53	    0.00	80225.47	    0.00	80225.47	0.000	1.360	1.248	 9016.55	100		    0.00	    0.00	58070.49	22154.98	0.000	0.000
145.00	19774.53	    0.00	80225.47	    0.00	80225.47	0.000	1.360	1.248	 9016.55	100		    0.00	    0.00	58070.49	22154.98	0.000	0.000
146.00	19774.53	    0.00	80225.47	    0.00	80225.47	0.000	1.360	1.248	 9016.55	100		    0.00	    0.00	58070.49	22154.98	0.000	0.000
147.00	19774.53	    0.00	80225.47	    0.00	80225.47	0.000	1.360	1.248	 9016.55	100		    0.00	    0.00	58070.49	22154.98	0.000	0.000
148.00	19774.53	    0.00	80225.47	    0.00	80225.47	0.000	1.360	1.248	 9016.55	100		    0.00	    0.00	58070.49	22154.98	0.000	0.000
149.00	19774.53	    0.00	80225.47	    0.00	80225.47	0.000	1.360	1.248	 9016.55	100		    0.00	    0.00	58070.49	22154.98	0.000	0.000
150.00	19774.53	    0.00	80225.47	    0.00	80225.47	0.000	1.360	1.248	 9016.55	100		    0.00	    0.00	58070.49	22154.98	0.000	0.000
151.00	19774.53	    0.00	80225.47	    0.00	80225.47	0.000	1.360	1.248	 9016.55	100		    0.00	    0.00	58070.49	22154.98	0.000	0.000
152.00	19774.53	    0.00	80225.47	    0.00	80225.47	0.000	1.360	1.248	 9016.55	100		    0.00	    0.00	58070.49	22154.98	0.000	0.000
153.00	19774.53	    0.00	80225.47	    0.00	80225.47	0.000	1.360	1.248	 9016.55	100		    0.00	    0.00	58070.49	22154.98	0.000	0.000
154.00	19774.53	    0.00	80225.47	    0.00	80225.47	0.000	1.360	1.248	 9016.55	100		    0.00	    0.00	58070.49	22154.98	0.000	0.000
155.00	19774.53	    0.00	80225.47	    0.00	80225.47	0.000	1.360	1.248	 9016.55	100		    0.00	    0.00	58070.49	22154.98	0.000	0.000
156.00	19774.53	    0.00	80225.47	    0.00	80225.47	0.000	1.360	1.248	 9016.55	100		    0.00	    0.00	58070.49	22154.98	0.000	0.000
157.00	19774.53	    0.00	80225.47	    0.00	80225.47	0.000	1.360	1.248	 9016.55	100		    0.00	    0.00	58070.49	22154.98	0.000	0.000
158.00	19774.53	    0.00	80225.47	    0.00	80225.47	0.000	1.360	1.248	 9016.55	100		    0.00	    0.00	58070.49	22154.98	0.000	0.000
159.00	19774.53	    0.00	80225.47	    0.00	80225.47	0.000	1.360	1.248	 9016.55	100		    0.00	    0.00	58070.49	22154.98	0.000	0.000
160.00	19774.53	    0.00	80225.47	    0.00	80225.47	0.000	1.360	1.248	 9016.55	100		    0.00	    0.00	58070.49	22154.98	0.000	0.000
161.00	19774.53	    0.00	80225.47	    0.00	80225.47	0.000	1.360	1.248	 9016.55	100		    0.00	    0.00	58070.49	22154.98	0.000	0.000
162.00	19774.53	    0.00	80225.47	    0.00	80225.47	0.000	1.360	1.248	 9016.55	100		    0.00	    0.00	58070.49	22154.98	0.000	0.000
163.00	19774.53	    0.00	80225.47	    0.00	80225.47	0.000	1.360	1.248	 9016.55	100		    0.00	    0.00	58070.49	22154.98	0.000	0.000
164.00	19774.53	    0.00	80225.47	    0.00	80225.47	0.000	1.360	1.248	 9016.55	100		    0.00	    0.00	58070.49	22154.98	0.000	0.000
165.00	19774.53	    0.00	80225.47	    0.00	80225.47	0.000	1.360	1.248	 9016.55	100		    0.00	    0.00	58070.49	22154.98	0.000	0.000
166.00	19774.53	    0.00	80225.47	    0.00	80225.47	0.000	1.360	1.248	 9016.55	100		    0.00	    0.00	58070.49	22154.98	0.000	0.000
167.00	19774.53	    0.00	80225.47	    0.00	80225.47	0.000	1.360	1.248	 9016.55	100		    0.00	    0.00	58070.49	22154.98	0.000	0.000
168.00	19774.53	    0.00	80225.47	    0.00	80225.47	0.000	1.360	1.248	 9016.55	100		    0.00	    0.00	58070.49	22154.98	0.000	0.000
169.00	19774.53	    0.00	80225.47	    0.00	80225.47	0.000	1.360	1.248	 9016.55	100		    0.00	    0.00	58070.49	22154.98	0.000	0.000
170.00	19774.53	    0.00	80225.47	    0.00	80225.47	0.000	1.360	1.248	 9016.55	100		    0.00	    0.00	58070.49	22154.98	0.000	0.000
171.00	19774.53	    0.00	80225.47	    0.00	80225.47	0.000	1.360	1.248	 9016.55	100		    0.00	    0.00	58070.49	22154.98	0.000	0.000
172.00	19774.53	    0.00	80225.47	    0.00	80225.47	0.000	1.360	1.248	 9016.55	100		    0.00	    0.00	58070.49	22154.98	0.000	0.000
173.00	19774.53	    0.00	80225.47	    0.00	80225.47	0.000	1.360	1.248	 9016.55	100		    0.00	    0.00	58070.49	22154.98	0.000	0.000
174.00	19774.53	    0.00	80225.47	    0.00	80225.47	0.000	1.360	1.248	 9016.55	100		    0.00	    0.00	58070.49	22154.98	0.000	0.000
175.00	19774.53	    0.00	80225.47	    0.00	80225.47	0.000	1.360	1.248	 9016.55	100		    0.00	    0.00	58070.49	22154.98	0.000	0.000
176.00	19774.53	    0.00	80225.47	    0.00	80225.47	0.000	1.360	1.248	 9016.55	100		    0.00	    0.00	58070.49	22154.98	0.000	0.000
177.00	19774.53	    0.00	80225.47	    0.00	80225.47	0.000	1.360	1.248	 9016.55	100		    0.00	    0.00	58070.49	22154.98	0.000	0.000
178.00	19774.53	    0.00	80225.47	    0.00	80225.47	0.000	1.360	1.248	 9016.55	100		    0.00	    0.00	58070.49	22154.98	0.000	0.000
179.00	19774.53	    0.00	80225.47	    0.00	80225.47	0.000	1.360	1.248	 9016.55	100		    0.00	    0.00	58070.49	22154.98	0.000	0.000
180.00	19774.53	    0.00	80225.47	    0.00	80225.47	0.000	1.360	1.248	 9016.55	100		    0.00	    0.00	58070.49	22154.98	0.000	0.000
181.00	19774.53	    0.00	80225.47	    0.00	80225.47	0.000	1.360	1.248	 9016.55	100		    0.00	    0.00	58070.49	22154.98	0.000	0.000
182.00	19774.53	    0.00	80225.47	    0.00	80225.47	0.000	1.360	1.248	 9016.55	100		    0.00	    0.00	58070.49	22154.98	0.000	0.000
183.00	19774.53	    0.00	80225.47	    0.00	80225.47	0.000	1.360	1.248	 9016.55	100		    0.00	    0.00	58070.49	22154.98	0.000	0.000
184.00	19774.53	    0.00	80225.47	    0.00	80225.47	0.000	1.360	1.248	 9016.55	100		    0.00	    0.00	58070.49	22154.98	0.000	0.000
185.00	19774.53	    0.00	80225.47	    0.00	80225.47	0.000	1.360	1.248	 9016.55	100		    0.00	    0.00	58070.49	22154.98	0.000	0.000
186.00	19774.53	    0.00	80225.47	    0.00	80225.47	0.000	1.360	1.248	 9016.55	100		    0.00	    0.00	58070.49	22154.98	0.000	0.000
187.00	19774.53	    0.00	80225.47	    0.00	80225.47	0.000	1.360	1.248	 9016.55	100		    0.00	    0.00	58070.49	22154.98	0.000	0.000
188.00	19774.53	    0.00	80225.47	    0.00	80225.47	0.000	1.360	1.248	 9016.55	100		    0.00	    0.00	58070.49	22154.98	0.000	0.000
189.00	19774.53	    0.00	80225.47	    0.00	80225.47	0.000	1.360	1.248	 9016.55	100		    0.00	    0.00	58070.49	22154.98	0.000	0.000
190.00	19774.53	    0.00	80225.47	    0.00	80225.47	0.000	1.360	1.248	 9016.55	100		    0.00	    0.00	58070.49	22154.98	0.000	0.000
191.00	19774.53	    0.00	80225.47	    0.00	80225.47	0.000	1.360	1.248	 9016.55	100		    0.00	    0.00	58070.49	22154.98	0.000	0.000
192.00	19774.53	    0.00	80225.47	    0.00	80225.47	0.000	1.360	1.248	 9016.55	100		    0.00	    0.00	58070.49	22154.98	0.000	0.000
193.00	19774.53	    0.00	80225.47	    0.00	80225.47	0.000	1.360	1.248	 9016.55	100		    0.00	    0.00	58070.49	22154.98	0.000	0.000
194.00	19774.53	    0.00	80225.47	    0.00	80225.47	0.000	1.360	1.248	 9016.55	100		    0.00	    0.00	58070.49	22154.98	0.000	0.000
195.00	19774.53	    0.00	80225.47	    0.00	80225.47	0.000	1.360	1.248	 9016.55	100		    0.00	    0.00	58070.49	22154.98	0.000	0.000
196.00	19774.53	    0.00	80225.47	    0.00	80225.47	0.000	1.360	1.248	 9016.55	100		    0.00	    0.00	58070.49	22154.98	0.000	0.000
197.00	19774.53	    0.00	80225.47	    0.00	80225.47	0.000	1.360	1.248	 9016.55	100		    0.00	    0.00	58070.49	22154.98	0.000	0.000
198.00	19774.53	    0.00	80225.47	    0.00	80225.47	0.000	1.360	1.248	 9016.55	100		    0.00	    0.00	58070.49	22154.98	0.000	0.000
199.00	19774.53	    0.00	80225.47	    0.00	80225.47	0.000	1.360	1.248	 9016.55	100		    0.00	    0.00	58070.49	22154.98	0.000	0.000
200.00	19774.53	    0.00	80225.47	    0.00	80225.47	0.000	1.360	1.248	 9016.55	100		    0.00	    0.00	58070.49	22154.98	0.000	0.000
201.00	19774.53	    0.00	80225.47	    0.00	80225.47	0.000	1.360	1.248	 9016.55	100		    0.00	    0.00	58070.49	22154.98	0.000	0.000
202.00	19774.53	    0.00	80225.47	    0.00	80225.47	0.000	1.360	1.248	 9016.55	100		    0.00	    0.00	58070.49	22154.98	0.000	0.000
203.00	19774.53	    0.00	80225.47	    0.00	80225.47	0.000	1.360	1.248	 9016.55	100		    0.00	    0.00	58070.49	22154.98	0.000	0.000
204.00	19774.53	    0.00	80225.47	    0.00	80225.47	0.000	1.360	1.248	 9016.55	100		    0.00	    0.00	58070.49	22154.98	0.000	0.000
205.00	19774.53	    0.00	80225.47	    0.00	80225.47	0.000	1.360	1.248	 9016.55	100		    0.00	    0.00	58070.49	22154.98	0.000	0.000
206.00	19774.53	    0.00	80225.47	    0.00	80225.47	0.000	1.360	1.248	 9016.55	100		    0.00	    0.00	58070.49	22154.98	0.000	0.000
207.00	19774.53	    0.00	80225.47	    0.00	80225.47	0.000	1.360	1.248	 9016.55	100		    0.00	    0.00	58070.49	22154.98	0.000	0.000
208.00	19774.53	    0.00	80225.47	    0.00	80225.47	0.000	1.360	1.248	 9016.55	100		    0.00	    0.00	58070.49	22154.98	0.000	0.000
209.00	19774.53	    0.00	80225.47	    0.00	80225.47	0.000	1.360	1.248	 9016.55	100		    0.00	    0.00	58070.49	22154.98	0.000	0.000
210.00	19774.53	    0.00	80225.47	    0.00	80225.47	0.000	1.360	1.248	 9016.55	100		    0.00	    0.00	58070.49	22154.98	0.000	0.000
211.00	19774.53	    0.00	80225.47	    0.00	80225.47	0.000	1.360	1.248	 9016.55	100		    0.00	    0.00	58070.49	22154.98	0.000	0.000
212.00	19774.53	    0.00	80225.47	    0.00	80225.47	0.000	1.360	1.248	 9016.55	100		    0.00	    0.00	58070.49	22154.98	0.000	0.000
213.00	19774.53	    0.00	80225.47	    0.00	80225.47	0.000	1.360	1.248	 9016.55	100		    0.00	    0.00	58070.49	22154.98	0.000	0.000
214.00	19774.53	    0.00	80225.47	    0.00	80225.47	0.000	1.360	1.248	 9016.55	100		    0.00	    0.00	58070.49	22154.98	0.000	0.000
215.00	19774.53	    0.00	80225.47	    0.00	80225.47	0.000	1.360	1.248	 9016.55	100		    0.00	    0.00	58070.49	22154.98	0.000	0.000
216.00	19774.53	    0.00	80225.47	    0.00	80225.47	0.000	1.360	1.248	 9016.55	100		    0.00	    0.00	58070.49	22154.98	0.000	0.000
217.00	19774.53	    0.00	80225.47	    0.00	80225.47	0.000	1.360	1.248	 9016.55	100		    0.00	    0.00	58070.49	22154.98	0.000	0.000
218.00	19774.53	    0.00	80225.47	    0.00	80225.47	0.000	1.360	1.248	 9016.55	100		    0.00	    0.00	58070.49	22154.98	0.000	0.000
219.00	19774.53	    0.00	80225.47	    0.00	80225.47	0.000	1.360	1.248	 9016.55	100		    0.00	    0.00	58070.49	22154.98	0.000	0.000
220.00	19774.53	    0.00	80225.47	    0.00	80225.47	0.000	1.360	1.248	 9016.55	100		    0.00	    0.00	58070.49	22154.98	0.000	0.000
221.00	19774.53	    0.00	80225.47	    0.00	80225.47	0.000	1.360	1.248	 9016.55	100		    0.00	    0.00	58070.49	22154.98	0.000	0.000
222.00	19774.53	    0.00	80225.47	    0.00	80225.47	0.000	1.360	1.248	 9016.55	100		    0.00	    0.00	58070.49	22154.98	0.000	0.000
223.00	19774.53	    0.00	80225.47	    0.00	80225.47	0.000	1.360	1.248	 9016.55	100		    0.00	    0.00	58070.49	22154.98	0.000	0.000
224.00	19774.53	    0.00	80225.47	    0.00	80225.47	0.000	1.360	1.248	 9016.55	100		    0.00	    0.00	58070.49	22154.98	0.000	0.000
225.00	19774.53	    0.00	80225.47	    0.00	80225.47	0.000	1.360	1.248	 9016.55	100		    0.00	    0.00	58070.49	22154.98	0.000	0.000
226.00	19774.53	    0.00	80225.47	    0.00	80225.47	0.000	1.360	1.248	 9016.55	100		    0.00	    0.00	58070.49	22154.98	0.000	0.000
227.00	19774.53	    0.00	80225.47	    0.00	80225.47	0.000	1.360	1.248	 9016.55	100		    0.00	    0.00	58070.49	22154.98	0.000	0.000
228.00	19774.53	    0.00	80225.47	    0.00	80225.47	0.000	1.360	1.248	 9016.55	100		    0.00	    0.00	58070.49	22154.98	0.000	0.000
229.00	19774.53	    0.00	80225.47	    0.00	80225.47	0.000	1.360	1.248	 9016.55	100		    0.00	    0.00	58070.49	22154.98	0.000	0.000
230.00	19774.53	    0.00	80225.47	    0.00	80225.47	0.000	1.360	1.248	 9016.55	100		    0.00	    0.00	58070.49	22154.98	0.000	0.000
231.00	19774.53	    0.00	80225.47	    0.00	80225.47	0.000	1.360	1.248	 9016.55	100		    0.00	    0.00	58070.49	22154.98	0.000	0.000
232.00	19774.53	    0.00	80225.47	    0.00	80225.47	0.000	1.360	1.248	 9016.55	100		    0.00	    0.00	58070.49	22154.98	0.000	0.000
233.00	19774.53	    0.00	80225.47	    0.00	80225.47	0.000	1.360	1.248	 9016.55	100		    0.00	    0.00	58070.49	22154.98	0.000	0.000
234.00	19774.53	    0.00	80225.47	    0.00	80225.47	0.000	1.360	1.248	 9016.55	100		    0.00	    0.00	58070.49	22154.98	0.000	0.000
235.00	19774.53	    0.00	80225.47	    0.00	80225.47	0.000	1.360	1.248	 9016.55	100		    0.00	    0.00	58070.49	22154.98	0.000	0.000
236.00	19774.53	    0.00	80225.47	    0.00	80225.47	0.000	1.360	1.248	 9016.55	100		    0.00	    0.00	58070.49	22154.98	0.000	0.000
237.00	19774.53	    0.00	80225.47	    0.00	80225.47	0.000	1.360	1.248	 9016.55	100		    0.00	    0.00	58070.49	22154.98	0.000	0.000
238.00	19774.53	    0.00	80225.47	    0.00	80225.47	0.000	1.360	1.248	 9016.55	100		    0.00	    0.00	58070.49	22154.98	0.000	0.000
239.00	19774.53	    0.00	80225.47	    0.00	80225.47	0.000	1.360	1.248	 9016.55	100		    0.00	    0.00	58070.49	22154.98	0.000	0.000
240.00	19774.53	    0.00	80225.47	    0.00	80225.47	0.000	1.360	1.248	 9016.55	100		    0.00	    0.00	58070.49	22154.98	0.000	0.000
241.00	19774.53	    0.00	80225.47	    0.00	80225.47	0.000	1.360	1.248	 9016.55	100		    0.00	    0.00	58070.49	22154.98	0.000	0.000
242.00	19774.53	    0.00	80225.47	    0.00	80225.47	0.000	1.360	1.248	 9016.55	100		    0.00	    0.00	58070.49	22154.98	0.000	0.000
243.00	19774.53	    0.00	80225.47	    0.00	80225.47	0.000	1.360	1.248	 9016.55	100		    0.00	    0.00	58070.49	22154.98	0.000	0.000
244.00	19774.53	    0.00	80225.47	    0.00	80225.47	0.000	1.360	1.248	 9016.55	100		    0.00	    0.00	58070.49	22154.98	0.000	0.000
245.00	19774.53	    0.00	80225.47	    0.00	80225.47	0.000	1.360	1.248	 9016.55	100		    0.00	    0.00	58070.49	22154.98	0.000	0.000
246.00	19774.53	    0.00	80225.47	    0.00	80225.47	0.000	1.360	1.248	 9016.55	100		    0.00	    0.00	58070.49	22154.98	0.000	0.000
247.00	19774.53	    0.00	80225.47	    0.00	80225.47	0.000	1.360	1.248	 9016.55	100		    0.00	    0.00	58070.49	22154.98	0.000	0.000
248.00	19774.53	    0.00	80225.47	    0.00	80225.47	0.000	1.360	1.248	 9016.55	100		    0.00	    0.00	58070.49	22154.98	0.000	0.000
249.00	19774.53	    0.00	80225.47	    0.00	80225.47	0.000	1.360	1.248	 9016.55	100		    0.00	    0.00	58070.49	22154.98	0.000	0.000
250.00	19774.53	    0.00	80225.47	    0.00	80225.47	0.000	1.360	1.248	 9016.55	100		    0.00	    0.00	58070.49	22154.98	0.000	0.000
251.00	19774.53	    0.00	80225.47	    0.00	80225.47	0.000	1.360	1.248	 9016.55	100		    0.00	    0.00	58070.49	22154.98	0.000	0.000
252.00	19774.53	    0.00	80225.47	    0.00	80225.47	0.000	1.360	1.248	 9016.55	100		    0.00	    0.00	58070.49	22154.98	0.000	0.000
253.00	19774.53	    0.00	80225.47	    0.00	80225.47	0.000	1.360	1.248	 9016.55	100		    0.00	    0.00	58070.49	22154.98	0.000	0.000
254.00	19774.53	    0.00	80225.47	    0.00	80225.47	0.000	1.360	1.248	 9016.55	100		    0.00	    0.00	58070.49	22154.98	0.000	0.000
255.00	19774.53	    0.00	80225.47	    0.00	80225.47	0.000	1.360	1.248	 9016.55	100		    0.00	    0.00	58070.49	22154.98	0.000	0.000
256.00	19774.53	    0.00	80225.47	    0.00	80225.47	0.000	1.360	1.248	 9016.55	100		    0.00	    0.00	58070.49	22154.98	0.000	0.000
257.00	19774.53	    0.00	80225.47	    0.00	80225.47	0.000	1.360	1.248	 9016.55	100		    0.00	    0.00	58070.49	22154.98	0.000	0.000
258.00	19774.53	    0.00	80225.47	    0.00	80225.47	0.000	1.360	1.248	 9016.55	100		    0.00	    0.00	58070.49	22154.98	0.000	0.000
259.00	19774.53	    0.00	80225.47	    0.00	80225.47	0.000	1.360	1.248	 9016.55	100		    0.00	    0.00	58070.49	22154.98	0.000	0.000
260.00	19774.53	    0.00	80225.47	    0.00	80225.47	0.000	1.360	1.248	 9016.55	100		    0.00	    0.00	58070.49	22154.98	0.000	0.000
261.00	19774.53	    0.00	80225.47	    0.00	80225.47	0.000	1.360	1.248	 9016.55	100		    0.00	    0.00	58070.49	22154.98	0.000	0.000
262.00	19774.53	    0.00	80225.47	    0.00	80225.47	0.000	1.360	1.248	 9016.55	100		    0.00	    0.00	58070.49	22154.98	0.000	0.000
263.00	19774.53	    0.00	80225.47	    0.00	80225.47	0.000	1.360	1.248	 9016.55	100		    0.00	    0.00	58070.49	22154.98	0.000	0.000
264.00	19774.53	    0.00	80225.47	    0.00	80225.47	0.000	1.360	1.248	 9016.55	100		    0.00	    0.00	58070.49	22154.98	0.000	0.000
265.00	19774.53	    0.00	80225.47	    0.00	80225.47	0.000	1.360	1.248	 9016.55	100		    0.00	    0.00	58070.49	22154.98	0.000	0.000
266.00	19774.53	    0.00	80225.47	    0.00	80225.47	0.000	1.360	1.248	 9016.55	100		    0.00	    0.00	58070.49	22154.98	0.000	0.000
267.00	19774.53	    0.00	80225.47	    0.00	80225.47	0.000	1.360	1.248	 9016.55	100		    0.00	    0.00	58070.49	22154.98	0.000	0.000
268.00	19774.53	    0.00	80225.47	    0.00	80225.47	0.000	1.360	1.248	 9016.55	100		    0.00	    0.00	58070.49	22154.98	0.000	0.000
269.00	19774.53	    0.00	80225.47	    0.00	80225.47	0.000	1.360	1.248	 9016.55	100		    0.00	    0.00	58070.49	22154.98	0.000	0.000
270.00	19774.53	    0.00	80225.47	    0.00	80225.47	0.000	1.360	1.248	 9016.55	100		    0.00	    0.00	58070.49	22154.98	0.000	0.000
271.00	19774.53	    0.00	80225.47	    0.00	80225.47	0.000	1.360	1.248	 9016.55	100		    0.00	    0.00	58070.49	22154.98	0.000	0.000
272.00	19774.53	    0.00	80225.47	    0.00	80225.47	0.000	1.360	1.248	 9016.55	100		    0.00	    0.00	58070.49	22154.98	0.000	0.000
273.00	19774.53	    0.00	80225.47	    0.00	80225.47	0.000	1.360	1.248	 9016.55	100		    0.00	    0.00	58070.49	22154.98	0.000	0.000
274.00	19774.53	    0.00	80225.47	    0.00	80225.47	0.000	1.360	1.248	 9016.55	100		    0.00	    0.00	58070.49	22154.98	0.000	0.000
275.00	19774.53	    0.00	80225.47	    0.00	80225.47	0.000	1.360	1.248	 9016.55	100		    0.00	    0.00	58070.49	22154.98	0.000	0.000
276.00	19774.53	    0.00	80225.47	    0.00	80225.47	0.000	1.360	1.248	 9016.55	100		    0.00	    0.00	58070.49	22154.98	0.000	0.000
277.00	19774.53	    0.00	80225.47	    0.00	80225.47	0.000	1.360	1.248	 9016.55	100		    0.00	    0.00	58070.49	22154.98	0.000	0.000
278.00	19774.53	    0.00	80225.47	    0.00	80225.47	0.000	1.360	1.248	 9016.55	100		    0.00	    0.00	58070.49	22154.98	0.000	0.000
279.00	19774.53	    0.00	80225.47	    0.00	80225.47	0.000	1.360	1.248	 9016.55	100		    0.00	    0.00	58070.49	22154.98	0.000	0.000
280.00	19774.53	    0.00	80225.47	    0.00	80225.47	0.000	1.360	1.248	 9016.55	100		    0.00	    0.00	58070.49	22154.98	0.000	0.000
281.00	19774.53	    0.00	80225.47	    0.00	80225.47	0.000	1.360	1.248	 9016.55	100		    0.00	    0.00	58070.49	22154.98	0.000	0.000
282.00	19774.53	    0.00	80225.47	    0.00	80225.47	0.000	1.360	1.248	 9016.55	100		    0.00	    0.00	58070.49	22154.98	0.000	0.000
283.00	19774.53	    0.00	80225.47	    0.00	80225.47	0.000	1.360	1.248	 9016.55	100		    0.00	    0.00	58070.49	22154.98	0.000	0.000
284.00	19774.53	    0.00	80225.47	    0.00	80225.47	0.000	1.360	1.248	 9016.55	100		    0.00	    0.00	58070.49	22154.98	0.000	0.000
285.00	19774.53	    0.00	80225.47	    0.00	80225.47	0.000	1.360	1.248	 9016.55	100		    0.00	    0.00	58070.49	22154.98	0.000	0.000
286.00	19774.53	    0.00	80225.47	    0.00	80225.47	0.000	1.360	1.248	 9016.55	100		    0.00	    0.00	58070.49	22154.98	0.000	0.000
287.00	19774.53	    0.00	80225.47	    0.00	80225.47	0.000	1.360	1.248	 9016.55	100		    0.00	    0.00	58070.49	22154.98	0.000	0.000
288.00	19774.53	    0.00	80225.47	    0.00	80225.47	0.000	1.360	1.248	 9016.55	100		    0.00	    0.00	58070.49	22154.98	0.000	0.000
289.00	19774.53	    0.00	80225.47	    0.00	80225.47	0.000	1.360	1.248	 9016.55	100		    0.00	    0.00	58070.49	22154.98	0.000	0.000
290.00	19774.53	    0.00	80225.47	    0.00	80225.47	0.000	1.360	1.248	 9016.55	100		    0.00	    0.00	58070.49	22154.98	0.000	0.000
291.00	19774.53	    0.00	80225.47	    0.00	80225.47	0.000	1.360	1.248	 9016.55	100		    0.00	    0.00	58070.49	22154.98	0.000	0.000
292.00	19774.53	    0.00	80225.47	    0.00	80225.47	0.000	1.360	1.248	 9016.55	100		    0.00	    0.00	58070.49	22154.98	0.000	0.000
293.00	19774.53	    0.00	80225.47	    0.00	80225.47	0.000	1.360	1.248	 9016.55	100		    0.00	    0.00	58070.49	22154.98	0.000	0.000
294.00	19774.53	    0.00	80225.47	    0.00	80225.47	0.000	1.360	1.248	 9016.55	100		    0.00	    0.00	58070.49	22154.98	0.000	0.000
295.00	19774.53	    0.00	80225.47	    0.00	80225.47	0.000	1.360	1.248	 9016.55	100		    0.00	    0.00	58070.49	22154.98	0.000	0.000
296.00	19774.53	    0.00	80225.47	    0.00	80225.47	0.000	1.360	1.248	 9016.55	100		    0.00	    0.00	58070.49	22154.98	0.000	0.000
297.00	19774.53	    0.00	80225.47	    0.00	80225.47	0.000	1.360	1.248	 9016.55	100		    0.00	    0.00	58070.49	22154.98	0.000	0.000
298.00	19774.53	    0.00	80225.47	    0.00	80225.47	0.000	1.360	1.248	 9016.55	100		    0.00	    0.00	58070.49	22154.98	0.000	0.000
299.00	19774.53	    0.00	80225.47	    0.00	80225.47	0.000	1.360	1.248	 9016.55	100		    0.00	    0.00	58070.49	22154.98	0.000	0.000
300.00	19774.53	    0.00	80225.47	    0.00	80225.47	0.000	1.360	1.248	 9016.55	100		    0.00	    0.00	58070.49	22154.98	0.000	0.000
301.00	19774.53	    0.00	80225.47	    0.00	80225.47	0.000	1.360	1.248	 9016.55	100		    0.00	    0.00	58070.49	22154.98	0.000	0.000
302.00	19774.53	    0.00	80225.47	    0.00	80225.47	0.000	1.360	1.248	 9016.55	100		    0.00	    0.00	58070.49	22154.98	0.000	0.000
303.00	19774.53	    0.00	80225.47	    0.00	80225.47	0.000	1.360	1.248	 9016.55	100		    0.00	    0.00	58070.49	22154.98	0.000	0.000
304.00	19774.53	    0.00	80225.47	    0.00	80225.47	0.000	1.360	1.248	 9016.55	100		    0.00	    0.00	58070.49	22154.98	0.000	0.000
305.00	19774.53	    0.00	80225.47	    0.00	80225.47	0.000	1.360	1.248	 9016.55	100		    0.00	    0.00	58070.49	22154.98	0.000	0.000
306.00	19774.53	    0.00	80225.47	    0.00	80225.47	0.000	1.360	1.248	 9016.55	100		    0.00	    0.00	58070.49	22154.98	0.000	0.000
307.00	19774.53	    0.00	80225.47	    0.00	80225.47	0.000	1.360	1.248	 9016.55	100		    0.00	    0.00	58070.49	22154.98	0.000	0.000
308.00	19774.53	    0.00	80225.47	    0.00	80225.47	0.000	1.360	1.248	 9016.55	100		    0.00	    0.00	58070.49	22154.98	0.000	0.000
309.00	19774.53	    0.00	80225.47	    0.00	80225.47	0.000	1.360	1.248	 9016.55	100		    0.00	    0.00	58070.49	22154.98	0.000	0.000
310.00	19774.53	    0.00	80225.47	    0.00	80225.47	0.000	1.360	1.248	 9016.55	100		    0.00	    0.00	58070.49	22154.98	0.000	0.000
311.00	19774.53	    0.00	80225.47	    0.00	80225.47	0.000	1.360	1.248	 9016.55	100		    0.00	    0.00	58070.49	22154.98	0.000	0.000
312.00	19774.53	    0.00	80225.47	    0.00	80225.47	0.000	1.360	1.248	 9016.55	100		    0.00	    0.00	58070.49	22154.98	0.000	0.000
313.00	19774.53	    0.00	80225.47	    0.00	80225.47	0.000	1.360	1.248	 9016.55	100		    0.00	    0.00	58070.49	22154.98	0.000	0.000
314.00	19774.53	    0.00	80225.47	    0.00	80225.47	0.000	1.360	1.248	 9016.55	100		    0.00	    0.00	58070.49	22154.98	0.000	0.000
315.00	19774.53	    0.00	80225.47	    0.00	80225.47	0.000	1.360	1.248	 9016.55	100		    0.00	    0.00	58070.49	22154.98	0.000	0.000
316.00	19774.53	    0.00	80225.47	    0.00	80225.47	0.000	1.360	1.248	 9016.55	100		    0.00	    0.00	58070.49	22154.98	0.000	0.000
317.00	19774.53	    0.00	80225.47	    0.00	80225.47	0.000	1.360	1.248	 9016.55	100		    0.00	    0.00	58070.49	22154.98	0.000	0.000
318.00	19774.53	    0.00	80225.47	    0.00	80225.47	0.000	1.360	1.248	 9016.55	100		    0.00	    0.00	58070.49	22154.98	0.000	0.000
319.00	19774.53	    0.00	80225.47	    0.00	80225.47	0.000	1.360	1.248	 9016.55	100		    0.00	    0.00	58070.49	22154.98	0.000	0.000
320.00	19774.53	    0.00	80225.47	    0.00	80225.47	0.000	1.360	1.248	 9016.55	100		    0.00	    0.00	58070.49	22154.98	0.000	0.000
321.00	19774.53	    0.00	80225.47	    0.00	80225.47	0.000	1.360	1.248	 9016.55	100		    0.00	    0.00	58070.49	22154.98	0.000	0.000
322.00	19774.53	    0.00	80225.47	    0.00	80225.47	0.000	1.360	1.248	 9016.55	100		    0.00	    0.00	58070.49	22154.98	0.000	0.000
323.00	19774.53	    0.00	80225.47	    0.00	80225.47	0.000	1.360	1.248	 9016.55	100		    0.00	    0.00	58070.49	22154.98	0.000	0.000
324.00	19774.53	    0.00	80225.47	    0.00	80225.47	0.000	1.360	1.248	 9016.55	100		    0.00	    0.00	58070.49	22154.98	0.000	0.000
325.00	19774.53	    0.00	80225.47	    0.00	80225.47	0.000	1.360	1.248	 9016.55	100		    0.00	    0.00	58070.49	22154.98	0.000	0.000
326.00	19774.53	    0.00	80225.47	    0.00	80225.47	0.000	1.360	1.248	 9016.55	100		    0.00	    0.00	58070.49	22154.98	0.000	0.000
327.00	19774.53	    0.00	80225.47	    0.00	80225.47	0.000	1.360	1.248	 9016.55	100		    0.00	    0.00	58070.49	22154.98	0.000	0.000
328.00	19774.53	    0.00	80225.47	    0.00	80225.47	0.000	1.360	1.248	 9016.55	100		    0.00	    0.00	58070.49	22154.98	0.000	0.000
329.00	19774.53	    0.00	80225.47	    0.00	80225.47	0.000	1.360	1.248	 9016.55	100		    0.00	    0.00	58070.49	22154.98	0.000	0.000
330.00	19774.53	    0.00	80225.47	    0.00	80225.47	0.000	1.360	1.248	 9016.55	100		    0.00	    0.00	58070.49	22154.98	0.000	0.000
331.00	19774.53	    0.00	80225.47	    0.00	80225.47	0.000	1.360	1.248	 9016.55	100		    0.00	    0.00	58070.49	22154.98	0.000	0.000
332.00	19774.53	    0.00	80225.47	    0.00	80225.47	0.000	1.360	1.248	 9016.55	100		    0.00	    0.00	58070.49	22154.98	0.000	0.000
333.00	19774.53	    0.00	80225.47	    0.00	80225.47	0.000	1.360	1.248	 9016.55	100		    0.00	    0.00	58070.49	22154.98	0.000	0.000
334.00	19774.53	    0.00	80225.47	    0.00	80225.47	0.000	1.360	1.248	 9016.55	100		    0.00	    0.00	58070.49	22154.98	0.000	0.000
335.00	19774.53	    0.00	80225.47	    0.00	80225.47	0.000	1.360	1.248	 9016.55	100		    0.00	    0.00	58070.49	22154.98	0.000	0.000
336.00	19774.53	    0.00	80225.47	    0.00	80225.47	0.000	1.360	1.248	 9016.55	100		    0.00	    0.00	58070.49	22154.98	0.000	0.000
337.00	19774.53	    0.00	80225.47	    0.00	80225.47	0.000	1.360	1.248	 9016.55	100		    0.00	    0.00	58070.49	22154.98	0.000	0.000
338.00	19774.53	    0.00	80225.47	    0.00	80225.47	0.000	1.360	1.248	 9016.55	100		    0.00	    0.00	58070.49	22154.98	0.000	0.000
339.00	19774.53	    0.00	80225.47	    0.00	80225.47	0.000	1.360	1.248	 9016.55	100		    0.00	    0.00	58070.49	22154.98	0.000	0.000
340.00	19774.53	    0.00	80225.47	    0.00	80225.47	0.000	1.360	1.248	 9016.55	100		    0.00	    0.00	58070.49	22154.98	0.000	0.000
341.00	19774.53	    0.00	80225.47	    0.00	80225.47	0.000	1.360	1.248	 9016.55	100		    0.00	    0.00	58070.49	22154.98	0.000	0.000
342.00	19774.53	    0.00	80225.47	    0.00	80225.47	0.000	1.360	1.248	 9016.55	100		    0.00	    0.00	58070.49	22154.98	0.000	0.000
343.00	19774.53	    0.00	80225.47	    0.00	80225.47	0.000	1.360	1.248	 9016.55	100		    0.00	    0.00	58070.49	22154.98	0.000	0.000
344.00	19774.53	    0.00	80225.47	    0.00	80225.47	0.000	1.360	1.248	 9016.55	100		    0.00	    0.00	58070.49	22154.98	0.000	0.000
345.00	19774.53	    0.00	80225.47	    0.00	80225.47	0.000	1.360	1.248	 9016.55	100		    0.00	    0.00	58070.49	22154.98	0.000	0.000
346.00	19774.53	    0.00	80225.47	    0.00	80225.47	0.000	1.360	1.248	 9016.55	100		    0.00	    0.00	58070.49	22154.98	0.000	0.000
347.00	19774.53	    0.00	80225.47	    0.00	80225.47	0.000	1.360	1.248	 9016.55	100		    0.00	    0.00	58070.49	22154.98	0.000	0.000
348.00	19774.53	    0.00	80225.47	    0.00	80225.47	0.000	1.360	1.248	 9016.55	100		    0.00	    0.00	58070.49	22154.98	0.000	0.000
349.00	19774.53	    0.00	80225.47	    0.00	80225.47	0.000	1.360	1.248	 9016.55	100		    0.00	    0.00	58070.49	22154.98	0.000	0.000
350.00	19774.53	    0.00	80225.47	    0.00	80225.47	0.000	1.360	1.248	 9016.55	100		    0.00	    0.00	58070.49	22154.98	0.000	0.000
351.00	19774.53	    0.00	80225.47	    0.00	80225.47	0.000	1.360	1.248	 9016.55	100		    0.00	    0.00	58070.49	22154.98	0.000	0.000
352.00	19774.53	    0.00	80225.47	    0.00	80225.47	0.000	1.360	1.248	 9016.55	100		    0.00	    0.00	58070.49	22154.98	0.000	0.000
353.00	19774.53	    0.00	80225.47	    0.00	80225.47	0.000	1.360	1.248	 9016.55	100		    0.00	    0.00	58070.49	22154.98	0.000	0.000
354.00	19774.53	    0.00	80225.47	    0.00	80225.47	0.000	1.360	1.248	 9016.55	100		    0.00	    0.00	58070.49	22154.98	0.000	0.000
355.00	19774.53	    0.00	80225.47	    0.00	80225.47	0.000	1.360	1.248	 9016.55	100		    0.00	    0.00	58070.49	22154.98	0.000	0.000
356.00	19774.53	    0.00	80225.47	    0.00	80225.47	0.000	1.360	1.248	 9016.55	100		    0.00	    0.00	58070.49	22154.98	0.000	0.000
357.00	19774.53	    0.00	80225.47	    0.00	80225.47	0.000	1.360	1.248	 9016.55	100		    0.00	    0.00	58070.49	22154.98	0.000	0.000
358.00	19774.53	    0.00	80225.47	    0.00	80225.47	0.000	1.360	1.248	 9016.55	100		    0.00	    0.00	58070.49	22154.98	0.000	0.000
359.00	19774.53	    0.00	80225.47	    0.00	80225.47	0.000	1.360	1.248	 9016.55	100		    0.00	    0.00	58070.49	22154.98	0.000	0.000
360.00	19774.53	    0.00	80225.47	    0.00	80225.47	0.000	1.360	1.248	 9016.55	100		    0.00	    0.00	58070.49	22154.98	0.000	0.000
361.00	19774.53	    0.00	80225.47	    0.00	80225.47	0.000	1.360	1.248	 9016.55	100		    0.00	    0.00	58070.49	22154.98	0.000	0.000
362.00	19774.53	    0.00	80225.47	    0.00	80225.47	0.000	1.360	1.248	 9016.55	100		    0.00	    0.00	58070.49	22154.98	0.000	0.000
363.00	19774.53	    0.00	80225.47	    0.00	80225.47	0.000	1.360	1.248	 9016.55	100		    0.00	    0.00	58070.49	22154.98	0.000	0.000
364.00	19774.53	    0.00	80225.47	    0.00	80225.47	0.000	1.360	1.248	 9016.55	100		    0.00	    0.00	58070.49	22154.98	0.000	0.000
365.00	19774.53	    0.00	80225.47	    0.00	80225.47	0.000	1.360	1.248	 9016.55	100		    0.00	    0.00	58070.49	22154.98	0.000	0.000
366.00	19774.53	    0.00	80225.47	    0.00	80225.47	0.000	1.360	1.248	 9016.55	100		    0.00	    0.00	58070.49	22154.98	0.000	0.000
367.00	19774.53	    0.00	80225.47	    0.00	80225.47	0.000	1.360	1.248	 9016.55	100		    0.00	    0.00	58070.49	22154.98	0.000	0.000
368.00	19774.53	    0.00	80225.47	    0.00	80225.47	0.000	1.360	1.248	 9016.55	100		    0.00	    0.00	58070.49	22154.98	0.000	0.000
369.00	19774.53	    0.00	80225.47	    0.00	80225.47	0.000	1.360	1.248	 9016.55	100		    0.00	    0.00	58070.49	22154.98	0.000	0.000
370.00	19774.53	    0.00	80225.47	    0.00	80225.47	0.000	1.360	1.248	 9016.55	100		    0.00	    0.00	58070.49	22154.98	0.000	0.000
371.00	19774.53	    0.00	80225.47	    0.00	80225.47	0.000	1.360	1.248	 9016.55	100		    0.00	    0.00	58070.49	22154.98	0.000	0.000
372.00	19774.53	    0.00	80225.47	    0.00	80225.47	0.000	1.360	1.248	 9016.55	100		    0.00	    0.00	58070.49	22154.98	0.000	0.000
373.00	19774.53	    0.00	80225.47	    0.00	80225.47	0.000	1.360	1.248	 9016.55	100		    0.00	    0.00	58070.49	22154.98	0.000	0.000
374.00	19774.53	    0.00	80225.47	    0.00	80225.47	0.000	1.360	1.248	 9016.55	100		    0.00	    0.00	58070.49	22154.98	0.000	0.000
375.00	19774.53	    0.00	80225.47	    0.00	80225.47	0.000	1.360	1.248	 9016.55	100		    0.00	    0.00	58070.49	22154.98	0.000	0.000
376.00	19774.53	    0.00	80225.47	    0.00	80225.47	0.000	1.360	1.248	 9016.55	100		    0.00	    0.00	58070.49	22154.98	0.000	0.000
377.00	19774.53	    0.00	80225.47	    0.00	80225.47	0.000	1.360	1.248	 9016.55	100		    0.00	    0.00	58070.49	22154.98	0.000	0.000
378.00	19774.53	    0.00	80225.47	    0.00	80225.47	0.000	1.360	1.248	 9016.55	100		    0.00	    0.00	58070.49	22154.98	0.000	0.000
379.00	19774.53	    0.00	80225.47	    0.00	80225.47	0.000	1.360	1.248	 9016.55	100		    0.00	    0.00	58070.49	22154.98	0.000	0.000
380.00	19774.53	    0.00	80225.47	    0.00	80225.47	0.000	1.360	1.248	 9016.55	100		    0.00	    0.00	58070.49	22154.98	0.000	0.000
381.00	19774.53	    0.00	80225.47	    0.00	80225.47	0.000	1.360	1.248	 9016.55	100		    0.00	    0.00	58070.49	22154.98	0.000	0.000
382.00	19774.53	    0.00	80225.47	    0.00	80225.47	0.000	1.360	1.248	 9016.55	100		    0.00	    0.00	58070.49	22154.98	0.000	0.000
383.00	19774.53	    0.00	80225.47	    0.00	80225.47	0.000	1.360	1.248	 9016.55	100		    0.00	    0.00	58070.49	22154.98	0.000	0.000
384.00	19774.53	    0.00	80225.47	    0.00	80225.47	0.000	1.360	1.248	 9016.55	100		    0.00	    0.00	58070.49	22154.98	0.000	0.000
385.00	19774.53	    0.00	80225.47	    0.00	80225.47	0.000	1.360	1.248	 9016.55	100		    0.00	    0.00	58070.49	22154.98	0.000	0.000
386.00	19774.53	    0.00	80225.47	    0.00	80225.47	0.000	1.360	1.248	 9016.55	100		    0.00	    0.00	58070.49	22154.98	0.000	0.000
387.00	19774.53	    0.00	80225.47	    0.00	80225.47	0.000	1.360	1.248	 9016.55	100		    0.00	    0.00	58070.49	22154.98	0.000	0.000
388.00	19774.53	    0.00	80225.47	    0.00	80225.47	0.000	1.360	1.248	 9016.55	100		    0.00	    0.00	58070.49	22154.98	0.000	0.000
389.00	19774.53	    0.00	80225.47	    0.00	80225.47	0.000	1.360	1.248	 9016.55	100		    0.00	    0.00	58070.49	22154.98	0.000	0.000
390.00	19774.53	    0.00	80225.47	    0.00	80225.47	0.000	1.360	1.248	 9016.55	100		    0.00	    0.00	58070.49	22154.98	0.000	0.000
391.00	19774.53	    0.00	80225.47	    0.00	80225.47	0.000	1.360	1.248	 9016.55	100		    0.00	    0.00	58070.49	22154.98	0.000	0.000
392.00	19774.53	    0.00	80225.47	    0.00	80225.47	0.000	1.360	1.248	 9016.55	100		    0.00	    0.00	58070.49	22154.98	0.000	0.000
393.00	19774.53	    0.00	80225.47	    0.00	80225.47	0.000	1.360	1.248	 9016.55	100		    0.00	    0.00	58070.49	22154.98	0.000	0.000
394.00	19774.53	    0.00	80225.47	    0.00	80225.47	0.000	1.360	1.248	 9016.55	100		    0.00	    0.00	58070.49	22154.98	0.000	0.000
395.00	19774.53	    0.00	80225.47	    0.00	80225.47	0.000	1.360	1.248	 9016.55	100		    0.00	    0.00	58070.49	22154.98	0.000	0.000
396.00	19774.53	    0.00	80225.47	    0.00	80225.47	0.000	1.360	1.248	 9016.55	100		    0.00	    0.00	58070.49	22154.98	0.000	0.000
397.00	19774.53	    0.00	80225.47	    0.00	80225.47	0.000	1.360	1.248	 9016.55	100		    0.00	    0.00	58070.49	22154.98	0.000	0.000
398.00	19774.53	    0.00	80225.47	    0.00	80225.47	0.000	1.360	1.248	 9016.55	100		    0.00	    0.00	58070.49	22154.98	0.000	0.000
399.00	19774.53	    0.00	80225.47	    0.00	80225.47	0.000	1.360	1.248	 9016.55	100		    0.00	    0.00	58070.49	22154.98	0.000	0.000
400.00	19774.53	    0.00	80225.47	    0.00	80225.47	0.000	1.360	1.248	 9016.55	100		    0.00	    0.00	58070.49	22154.98	0.000	0.000
401.00	19774.53	    0.00	80225.47	    0.00	80225.47	0.000	1.360	1.248	 9016.55	100		    0.00	    0.00	58070.49	22154.98	0.000	0.000
402.00	19774.53	    0.00	80225.47	    0.00	80225.47	0.000	1.360	1.248	 9016.55	100		    0.00	    0.00	58070.49	22154.98	0.000	0.000
403.00	19774.53	    0.00	80225.47	    0.00	80225.47	0.000	1.360	1.248	 9016.55	100		    0.00	    0.00	58070.49	22154.98	0.000	0.000
404.00	19774.53	    0.00	80225.47	    0.00	80225.47	0.000	1.360	1.248	 9016.55	100		    0.00	    0.00	58070.49	22154.98	0.000	0.000
405.00	19774.53	    0.00	80225.47	    0.00	80225.47	0.000	1.360	1.248	 9016.55	100		    0.00	    0.00	58070.49	22154.98	0.000	0.000
406.00	19774.53	    0.00	80225.47	    0.00	80225.47	0.000	1.360	1.248	 9016.55	100		    0.00	    0.00	58070.49	22154.98	0.000	0.000
407.00	19774.53	    0.00	80225.47	    0.00	80225.47	0.000	1.360	1.248	 9016.55	100		    0.00	    0.00	58070.49	22154.98	0.000	0.000
408.00	19774.53	    0.00	80225.47	    0.00	80225.47	0.000	1.360	1.248	 9016.55	100		    0.00	    0.00	58070.49	22154.98	0.000	0.000
409.00	19774.53	    0.00	80225.47	    0.00	80225.47	0.000	1.360	1.248	 9016.55	100		    0.00	    0.00	58070.49	22154.98	0.000	0.000
410.00	19774.53	    0.00	80225.47	    0.00	80225.47	0.000	1.360	1.248	 9016.55	100		    0.00	    0.00	58070.49	22154.98	0.000	0.000
411.00	19774.53	    0.00	80225.47	    0.00	80225.47	0.000	1.360	1.248	 9016.55	100		    0.00	    0.00	58070.49	22154.98	0.000	0.000
412.00	19774.53	    0.00	80225.47	    0.00	80225.47	0.000	1.360	1.248	 9016.55	100		    0.00	    0.00	58070.49	22154.98	0.000	0.000
413.00	19774.53	    0.00	80225.47	    0.00	80225.47	0.000	1.360	1.248	 9016.55	100		    0.00	    0.00	58070.49	22154.98	0.000	0.000
414.00	19774.53	    0.00	80225.47	    0.00	80225.47	0.000	1.360	1.248	 9016.55	100		    0.00	    0.00	58070.49	22154.98	0.000	0.000
415.00	19774.53	    0.00	80225.47	    0.00	80225.47	0.000	1.360	1.248	 9016.55	100		    0.00	    0.00	58070.49	22154.98	0.000	0.000
416.00	19774.53	    0.00	80225.47	    0.00	80225.47	0.000	1.360	1.248	 9016.55	100		    0.00	    0.00	58070.49	22154.98	0.000	0.000
417.00	19774.53	    0.00	80225.47	    0.00	80225.47	0.000	1.360	1.248	 9016.55	100		    0.00	    0.00	58070.49	22154.98	0.000	0.000
418.00	19774.53	    0.00	80225.47	    0.00	80225.47	0.000	1.360	1.248	 9016.55	100		    0.00	    0.00	58070.49	22154.98	0.000	0.000
419.00	19774.53	    0.00	80225.47	    0.00	80225.47	0.000	1.360	1.248	 9016.55	100		    0.00	    0.00	58070.49	22154.98	0.000	0.000
420.00	19774.53	    0.00	80225.47	    0.00	80225.47	0.000	1.360	1.248	 9016.55	100		    0.00	    0.00	58070.49	22154.98	0.000	0.000
421.00	19774.53	    0.00	80225.47	    0.00	80225.47	0.000	1.360	1.248	 9016.55	100		    0.00	    0.00	58070.49	22154.98	0.000	0.000
422.00	19774.53	    0.00	80225.47	    0.00	80225.47	0.000	1.360	1.248	 9016.55	100		    0.00	    0.00	58070.49	22154.98	0.000	0.000
423.00	19774.53	    0.00	80225.47	    0.00	80225.47	0.000	1.360	1.248	 9016.55	100		    0.00	    0.00	58070.49	22154.98	0.000	0.000
424.00	19774.53	    0.00	80225.47	    0.00	80225.47	0.000	1.360	1.248	 9016.55	100		    0.00	    0.00	58070.49	22154.98	0.000	0.000
425.00	19774.53	    0.00	80225.47	    0.00	80225.47	0.000	1.360	1.248	 9016.55	100		    0.00	    0.00	58070.49	22154.98	0.000	0.000
426.00	19774.53	    0.00	80225.47	    0.00	80225.47	0.000	1.360	1.248	 9016.55	100		    0.00	    0.00	58070.49	22154.98	0.000	0.000
427.00	19774.53	    0.00	80225.47	    0.00	80225.47	0.000	1.360	1.248	 9016.55	100		    0.00	    0.00	58070.49	22154.98	0.000	0.000
428.00	19774.53	    0.00	80225.47	    0.00	80225.47	0.000	1.360	1.248	 9016.55	100		    0.00	    0.00	58070.49	22154.98	0.000	0.000
429.00	19774.53	    0.00	80225.47	    0.00	80225.47	0.000	1.360	1.248	 9016.55	100		    0.00	    0.00	58070.49	22154.98	0.000	0.000
430.00	19774.53	    0.00	80225.47	    0.00	80225.47	0.000	1.360	1.248	 9016.55	100		    0.00	    0.00	58070.49	22154.98	0.000	0.000
431.00	19774.53	    0.00	80225.47	    0.00	80225.47	0.000	1.360	1.248	 9016.55	100		    0.00	    0.00	58070.49	22154.98	0.000	0.000
432.00	19774.53	    0.00	80225.47	    0.00	80225.47	0.000	1.360	1.248	 9016.55	100		    0.00	    0.00	58070.49	22154.98	0.000	0.000
433.00	19774.53	    0.00	80225.47	    0.00	80225.47	0.000	1.360	1.248	 9016.55	100		    0.00	    0.00	58070.49	22154.98	0.000	0.000
434.00	19774.53	    0.00	80225.47	    0.00	80225.47	0.000	1.360	1.248	 9016.55	100		    0.00	    0.00	58070.49	22154.98	0.000	0.000
435.00	19774.53	    0.00	80225.47	    0.00	80225.47	0.000	1.360	1.248	 9016.55	100		    0.00	    0.00	58070.49	22154.98	0.000	0.000
436.00	19774.53	    0.00	80225.47	    0.00	80225.47	0.000	1.360	1.248	 9016.55	100		    0.00	    0.00	58070.49	22154.98	0.000	0.000
437.00	19774.53	    0.00	80225.47	    0.00	80225.47	0.000	1.360	1.248	 9016.55	100		    0.00	    0.00	58070.49	22154.98	0.000	0.000
438.00	19774.53	    0.00	80225.47	    0.00	80225.47	0.000	1.360	1.248	 9016.55	100		    0.00	    0.00	58070.49	22154.98	0.000	0.000
439.00	19774.53	    0.00	80225.47	    0.00	80225.47	0.000	1.360	1.248	 9016.55	100		    0.00	    0.00	58070.49	22154.98	0.000	0.000
440.00	19774.53	    0.00	80225.47	    0.00	80225.47	0.000	1.360	1.248	 9016.55	100		    0.00	    0.00	58070.49	22154.98	0.000	0.000
441.00	19774.53	    0.00	80225.47	    0.00	80225.47	0.000	1.360	1.248	 9016.55	100		    0.00	    0.00	58070.49	22154.98	0.000	0.000
442.00	19774.53	    0.00	80225.47	    0.00	80225.47	0.000	1.360	1.248	 9016.55	100		    0.00	    0.00	58070.49	22154.98	0.000	0.000
443.00	19774.53	    0.00	80225.47	    0.00	80225.47	0.000	1.360	1.248	 9016.55	100		    0.00	    0.00	58070.49	22154.98	0.000	0.000
444.00	19774.53	    0.00	80225.47	    0.00	80225.47	0.000	1.360	1.248	 9016.55	100		    0.00	    0.00	58070.49	22154.98	0.000	0.000
445.00	19774.53	    0.00	80225.47	    0.00	80225.47	0.000	1.360	1.248	 9016.55	100		    0.00	    0.00	58070.49	22154.98	0.000	0.000
446.00	19774.53	    0.00	80225.47	    0.00	80225.47	0.000	1.360	1.248	 9016.55	100		    0.00	    0.00	58070.49	22154.98	0.000	0.000
447.00	19774.53	    0.00	80225.47	    0.00	80225.47	0.000	1.360	1.248	 9016.55	100		    0.00	    0.00	58070.49	22154.98	0.000	0.000
448.00	19774.53	    0.00	80225.47	    0.00	80225.47	0.000	1.360	1.248	 9016.55	100		    0.00	    0.00	58070.49	22154.98	0.000	0.000
449.00	19774.53	    0.00	80225.47	    0.00	80225.47	0.000	1.360	1.248	 9016.55	100		    0.00	    0.00	58070.49	22154.98	0.000	0.000
450.00	19774.53	    0.00	80225.47	    0.00	80225.47	0.000	1.360	1.248	 9016.55	100		    0.00	    0.00	58070.49	22154.98	0.000	0.000
451.00	19774.53	    0.00	80225.47	    0.00	80225.47	0.000	1.360	1.248	 9016.55	100		    0.00	    0.00	58070.49	22154.98	0.000	0.000
452.00	19774.53	    0.00	80225.47	    0.00	80225.47	0.000	1.360	1.248	 9016.55	100		    0.00	    0.00	58070.49	22154.98	0.000	0.000
453.00	19774.53	    0.00	80225.47	    0.00	80225.47	0.000	1.360	1.248	 9016.55	100		    0.00	    0.00	58070.49	22154.98	0.000	0.000
454.00	19774.53	    0.00	80225.47	    0.00	80225.47	0.000	1.360	1.248	 9016.55	100		    0.00	    0.00	58070.49	22154.98	0.000	0.000
455.00	19774.53	    0.00	80225.47	    0.00	80225.47	0.000	1.360	1.248	 9016.55	100		    0.00	    0.00	58070.49	22154.98	0.000	0.000
456.00	19774.53	    0.00	80225.47	    0.00	80225.47	0.000	1.360	1.248	 9016.55	100		    0.00	    0.00	58070.49	22154.98	0.000	0.000
457.00	19774.53	    0.00	80225.47	    0.00	80225.47	0.000	1.360	1.248	 9016.55	100		    0.00	    0.00	58070.49	22154.98	0.000	0.000
458.00	19774.53	    0.00	80225.47	    0.00	80225.47	0.000	1.360	1.248	 9016.55	100		    0.00	    0.00	58070.49	22154.98	0.000	0.000
459.00	19774.53	    0.00	80225.47	    0.00	80225.47	0.000	1.360	1.248	 9016.55	100		    0.00	    0.00	58070.49	22154.98	0.000	0.000
460.00	19774.53	    0.00	80225.47	    0.00	80225.47	0.000	1.360	1.248	 9016.55	100		    0.00	    0.00	58070.49	22154.98	0.000	0.000
461.00	19774.53	    0.00	80225.47	    0.00	80225.47	0.000	1.360	1.248	 9016.55	100		    0.00	    0.00	58070.49	22154.98	0.000	0.000
462.00	19774.53	    0.00	80225.47	    0.00	80225.47	0.000	1.360	1.248	 9016.55	100		    0.00	    0.00	58070.49	22154.98	0.000	0.000
463.00	19774.53	    0.00	80225.47	    0.00	80225.47	0.000	1.360	1.248	 9016.55	100		    0.00	    0.00	58070.49	22154.98	0.000	0.000
464.00	19774.53	    0.00	80225.47	    0.00	80225.47	0.000	1.360	1.248	 9016.55	100		    0.00	    0.00	58070.49	22154.98	0.000	0.000
465.00	19774.53	    0.00	80225.47	    0.00	80225.47	0.000	1.360	1.248	 9016.55	100		    0.00	    0.00	58070.49	22154.98	0.000	0.000
466.00	19774.53	    0.00	80225.47	    0.00	80225.47	0.000	1.360	1.248	 9016.55	100		    0.00	    0.00	58070.49	22154.98	0.000	0.000
467.00	19774.53	    0.00	80225.47	    0.00	80225.47	0.000	1.360	1.248	 9016.55	100		    0.00	    0.00	58070.49	22154.98	0.000	0.000
468.00	19774.53	    0.00	80225.47	    0.00	80225.47	0.000	1.360	1.248	 9016.55	100		    0.00	    0.00	58070.49	22154.98	0.000	0.000
469.00	19774.53	    0.00	80225.47	    0.00	80225.47	0.000	1.360	1.248	 9016.55	100		    0.00	    0.00	58070.49	22154.98	0.000	0.000
470.00	19774.53	    0.00	80225.47	    0.00	80225.47	0.000	1.360	1.248	 9016.55	100		    0.00	    0.00	58070.49	22154.98	0.000	0.000
471.00	19774.53	    0.00	80225.47	    0.00	80225.47	0.000	1.360	1.248	 9016.55	100		    0.00	    0.00	58070.49	22154.98	0.000	0.000
472.00	19774.53	    0.00	80225.47	    0.00	80225.47	0.000	1.360	1.248	 9016.55	100		    0.00	    0.00	58070.49	22154.98	0.000	0.000
473.00	19774.53	    0.00	80225.47	    0.00	80225.47	0.000	1.360	1.248	 9016.55	100		    0.00	    0.00	58070.49	22154.98	0.000	0.000
474.00	19774.53	    0.00	80225.47	    0.00	80225.47	0.000	1.360	1.248	 9016.55	100		    0.00	    0.00	58070.49	22154.98	0.000	0.000
475.00	19774.53	    0.00	80225.47	    0.00	80225.47	0.000	1.360	1.248	 9016.55	100		    0.00	    0.00	58070.49	22154.98	0.000	0.000
476.00	19774.53	    0.00	80225.47	    0.00	80225.47	0.000	1.360	1.248	 9016.55	100		    0.00	    0.00	58070.49	22154.98	0.000	0.000
477.00	19774.53	    0.00	80225.47	    0.00	80225.47	0.000	1.360	1.248	 9016.55	100		    0.00	    0.00	58070.49	22154.98	0.000	0.000
478.00	19774.53	    0.00	80225.47	    0.00	80225.47	0.000	1.360	1.248	 9016.55	100		    0.00	    0.00	58070.49	22154.98	0.000	0.000
479.00	19774.53	    0.00	80225.47	    0.00	80225.47	0.000	1.360	1.248	 9016.55	100		    0.00	    0.00	58070.49	22154.98	0.000	0.000
480.00	19774.53	    0.00	80225.47	    0.00	80225.47	0.000	1.360	1.248	 9016.55	100		    0.00	    0.00	58070.49	22154.98	0.000	0.000
481.00	19774.53	    0.00	80225.47	    0.00	80225.47	0.000	1.360	1.248	 9016.55	100		    0.00	    0.00	58070.49	22154.98	0.000	0.000
482.00	19774.53	    0.00	80225.47	    0.00	80225.47	0.000	1.360	1.248	 9016.55	100		    0.00	    0.00	58070.49	22154.98	0.000	0.000
483.00	19774.53	    0.00	80225.47	    0.00	80225.47	0.000	1.360	1.248	 9016.55	100		    0.00	    0.00	58070.49	22154.98	0.000	0.000
484.00	19774.53	    0.00	80225.47	    0.00	80225.47	0.000	1.360	1.248	 9016.55	100		    0.00	    0.00	58070.49	22154.98	0.000	0.000
485.00	19774.53	    0.00	80225.47	    0.00	80225.47	0.000	1.360	1.248	 9016.55	100		    0.00	    0.00	58070.49	22154.98	0.000	0.000
486.00	19774.53	    0.00	80225.47	    0.00	80225.47	0.000	1.360	1.248	 9016.55	100		    0.00	    0.00	58070.49	22154.98	0.000	0.000
487.00	19774.53	    0.00	80225.47	    0.00	80225.47	0.000	1.360	1.248	 9016.55	100		    0.00	    0.00	58070.49	22154.98	0.000	0.000
488.00	19774.53	    0.00	80225.47	    0.00	80225.47	0.000	1.360	1.248	 9016.55	100		    0.00	    0.00	58070.49	22154.98	0.000	0.000
489.00	19774.53	    0.00	80225.47	    0.00	80225.47	0.000	1.360	1.248	 9016.55	100		    0.00	    0.00	58070.49	22154.98	0.000	0.000
490.00	19774.53	    0.00	80225.47	    0.00	80225.47	0.000	1.360	1.248	 9016.55	100		    0.00	    0.00	58070.49	22154.98	0.000	0.000
491.00	19774.53	    0.00	80225.47	    0.00	80225.47	0.000	1.360	1.248	 9016.55	100		    0.00	    0.00	58070.49	22154.98	0.000	0.000
492.00	19774.53	    0.00	80225.47	    0.00	80225.47	0.000	1.360	1.248	 9016.55	100		    0.00	    0.00	58070.49	22154.98	0.000	0.000
493.00	19774.53	    0.00	80225.47	    0.00	80225.47	0.000	1.360	1.248	 9016.55	100		    0.00	    0.00	58070.49	22154.98	0.000	0.000
494.00	19774.53	    0.00	80225.47	    0.00	80225.47	0.000	1.360	1.248	 9016.55	100		    0.00	    0.00	58070.49	22154.98	0.000	0.000
495.00	19774.53	    0.00	80225.47	    0.00	80225.47	0.000	1.360	1.248	 9016.55	100		    0.00	    0.00	58070.49	22154.98	0.000	0.000
496.00	19774.53	    0.00	80225.47	    0.00	80225.47	0.000	1.360	1.248	 9016.55	100		    0.00	    0.00	58070.49	22154.98	0.000	0.000
497.00	19774.53	    0.00	80225.47	    0.00	80225.47	0.000	1.360	1.248	 9016.55	100		    0.00	    0.00	58070.49	22154.98	0.000	0.000
498.00	19774.53	    0.00	80225.47	    0.00	80225.47	0.000	1.360	1.248	 9016.55	100		    0.00	    0.00	58070.49	22154.98	0.000	0.000
499.00	19774.53	    0.00	80225.47	    0.00	80225.47	0.000	1.360	1.248	 9016.55	100		    0.00	    0.00	58070.49	22154.98	0.000	0.000
500.00	19774.53	    0.00	80225.47	    0.00	80225.47	0.000	1.360	1.248	 9016.55	100		    0.00	    0.00	58070.49	22154.98	0.000	0.000
