0.00	99950.00	   50.00	    0.00	    0.00	   50.00	0.000	2.583	2.583	    0.00	 21		    0.00	    0.00	   23.00	   27.00	0.000	0.000
1.00	99949.76	   50.24	    0.00	    0.24	   50.24	0.000	2.679	2.677	    0.09	 86		    0.21	    0.03	   23.21	   27.03	0.857	0.143
2.00	99943.06	   56.41	    0.53	    6.73	   56.94	0.841	2.632	2.630	    0.10	100		    5.01	    1.72	   28.19	   28.75	0.744	0.256
3.00	99909.67	   86.91	    3.42	   33.39	   90.33	0.349	2.469	2.467	    0.16	100		   23.90	    9.49	   52.09	   38.24	0.716	0.284
4.00	99852.05	  135.62	   12.33	   57.62	  147.95	0.439	2.346	2.344	    0.31	100		   40.80	   16.82	   92.89	   55.06	0.708	0.292
5.00	99785.78	  179.64	   34.58	   66.27	  214.22	0.363	2.281	2.279	    0.52	100		   47.06	   19.21	  139.95	   74.27	0.710	0.290
6.00	99700.34	  231.86	   67.80	   85.44	  299.66	0.268	2.248	2.245	    0.87	100		   61.38	   24.06	  201.33	   98.33	0.718	0.282
7.00	99587.97	  301.78	  110.25	  112.37	  412.03	0.259	2.224	2.220	    1.55	100		   81.61	   30.76	  282.94	  129.09	0.726	0.274
8.00	99438.08	  393.64	  168.28	  149.89	  561.92	0.265	2.211	2.206	    2.86	100		  108.71	   41.18	  391.65	  170.27	0.725	0.275
9.00	99249.34	  505.77	  244.89	  188.74	  750.66	0.258	2.197	2.190	    4.70	100		  136.40	   52.34	  528.05	  222.61	0.723	0.277
10.00	98997.85	  662.23	  339.92	  251.49	 1002.15	0.260	2.185	2.177	    7.83	100		  183.61	   67.88	  711.66	  290.49	0.730	0.270
11.00	98673.71	  861.19	  465.10	  324.14	 1326.29	0.266	2.173	2.163	   13.03	100		  235.10	   89.04	  946.76	  379.53	0.725	0.275
12.00	98256.15	 1114.30	  629.55	  417.56	 1743.85	0.260	2.165	2.152	   22.56	100		  301.24	  116.32	 1248.00	  495.85	0.721	0.279
13.00	97719.47	 1438.87	  841.66	  536.68	 2280.53	0.257	2.157	2.141	   37.65	100		  389.10	  147.58	 1637.10	  643.43	0.725	0.275
14.00	97022.46	 1860.47	 1117.07	  697.01	 2977.54	0.256	2.148	2.128	   62.09	100		  507.20	  189.81	 2144.30	  833.24	0.728	0.272
15.00	96123.92	 2400.49	 1475.59	  898.54	 3876.08	0.256	2.137	2.111	  101.16	100		  652.32	  246.22	 2796.62	 1079.46	0.726	0.274
16.00	94978.20	 3078.25	 1943.55	 1145.72	 5021.80	0.252	2.125	2.093	  163.92	100		  834.11	  311.61	 3630.73	 1391.07	0.728	0.272
17.00	93525.75	 3924.70	 2549.55	 1452.45	 6474.25	0.246	2.109	2.069	  262.79	100		 1060.33	  392.12	 4691.06	 1783.19	0.730	0.270
18.00	91682.89	 4990.67	 3326.44	 1842.86	 8317.11	0.242	2.091	2.041	  417.23	100		 1342.23	  500.63	 6033.29	 2283.82	0.728	0.272
19.00	89395.27	 6270.23	 4334.50	 2287.62	10604.73	0.234	2.071	2.010	  649.50	100		 1669.97	  617.65	 7703.26	 2901.47	0.730	0.270
20.00	86567.80	 7813.29	 5618.91	 2827.47	13432.20	0.224	2.044	1.970	  990.65	100		 2072.01	  755.46	 9775.27	 3656.93	0.733	0.267
21.00	83124.61	 9614.22	 7261.17	 3443.19	16875.39	0.214	2.013	1.925	 1485.10	100		 2522.86	  920.33	12298.13	 4577.26	0.733	0.267
22.00	79020.86	11634.32	 9344.82	 4103.75	20979.14	0.199	1.976	1.874	 2148.22	100		 3012.13	 1091.62	15310.26	 5668.88	0.734	0.266
23.00	74232.05	13815.94	11952.01	 4788.81	25767.95	0.181	1.934	1.818	 3007.62	100		 3522.23	 1266.58	18832.49	 6935.46	0.736	0.264
24.00	68788.30	16034.26	15177.44	 5443.75	31211.70	0.160	1.886	1.756	 4058.17	100		 4018.00	 1425.75	22850.49	 8361.21	0.738	0.262
25.00	62790.35	18092.71	19116.94	 5997.95	37209.65	0.135	1.833	1.692	 5248.43	100		 4449.25	 1548.70	27299.74	 9909.91	0.742	0.258
26.00	56460.01	19714.51	23825.48	 6330.34	43539.99	0.103	1.777	1.627	 6506.10	100		 4717.81	 1612.53	32017.55	11522.44	0.745	0.255
27.00	49933.55	20787.41	29279.04	 6526.46	50066.45	0.069	1.718	1.564	 7740.91	100		 4895.23	 1631.23	36912.78	13153.67	0.750	0.250
28.00	43617.97	20916.03	35466.00	 6315.58	56382.03	0.030	1.661	1.504	 8826.62	100		 4759.04	 1556.54	41671.82	14710.21	0.754	0.246
29.00	37708.23	20145.56	42146.21	 5909.74	62291.77	-0.016	1.607	1.451	 9731.62	100		 4500.78	 1408.96	46172.60	16119.17	0.762	0.238
30.00	32436.86	18501.67	49061.47	 5271.37	67563.14	-0.061	1.559	1.404	10414.77	100		 4043.50	 1227.87	50216.10	17347.04	0.767	0.233
31.00	27917.86	16212.21	55869.93	 4519.00	72082.14	-0.109	1.517	1.365	10892.90	100		 3500.74	 1018.26	53716.84	18365.30	0.775	0.225
32.00	24189.01	13576.40	62234.59	 3728.85	75810.99	-0.155	1.482	1.334	11206.93	100		 2915.61	  813.24	56632.45	19178.54	0.782	0.218
33.00	21216.87	10904.70	67878.43	 2972.14	78783.13	-0.198	1.454	1.309	11400.78	100		 2340.16	  631.98	58972.61	19810.52	0.787	0.213
34.00	18892.50	 8472.89	72634.61	 2324.37	81107.50	-0.236	1.431	1.289	11516.54	100		 1846.62	  477.75	60819.23	20288.27	0.794	0.206
35.00	17122.29	 6382.67	76495.04	 1770.21	82877.71	-0.268	1.414	1.275	11584.11	100		 1414.60	  355.61	62233.83	20643.88	0.799	0.201
36.00	15789.83	 4716.64	79493.53	 1332.46	84210.17	-0.293	1.401	1.263	11621.39	100		 1069.61	  262.85	63303.44	20906.73	0.803	0.197
37.00	14805.42	 3429.74	81764.84	  984.41	85194.58	-0.311	1.392	1.255	11641.65	100		  795.28	  189.13	64098.72	21095.86	0.808	0.192
38.00	14081.32	 2475.30	83443.38	  724.10	85918.68	-0.322	1.385	1.249	11652.58	100		  587.02	  137.08	64685.74	21232.94	0.811	0.189
39.00	13553.11	 1775.32	84671.57	  528.21	86446.89	-0.329	1.380	1.245	11658.47	100		  431.35	   96.86	65117.09	21329.80	0.817	0.183
40.00	13164.63	 1279.32	85556.05	  388.48	86835.37	-0.330	1.376	1.242	11661.63	100		  317.40	   71.08	65434.49	21400.88	0.817	0.183
41.00	12885.06	  911.05	86203.89	  279.57	87114.94	-0.334	1.373	1.239	11663.05	100		  228.81	   50.76	65663.30	21451.64	0.818	0.182
42.00	12683.60	  652.29	86664.11	  201.46	87316.40	-0.337	1.371	1.237	11664.08	100		  164.98	   36.48	65828.28	21488.12	0.819	0.181
43.00	12537.11	  467.24	86995.65	  146.49	87462.89	-0.334	1.370	1.236	11664.57	100		  120.25	   26.24	65948.53	21514.36	0.821	0.179
44.00	12431.69	  332.94	87235.37	  105.42	87568.31	-0.336	1.369	1.235	11664.82	100		   86.12	   19.30	66034.65	21533.66	0.817	0.183
45.00	12357.05	  236.78	87406.17	   74.64	87642.95	-0.340	1.368	1.235	11664.92	100		   62.21	   12.43	66096.86	21546.09	0.833	0.167
46.00	12302.71	  170.36	87526.93	   54.34	87697.29	-0.335	1.367	1.234	11664.99	100		   44.30	   10.04	66141.16	21556.13	0.815	0.185
47.00	12263.28	  123.59	87613.13	   39.43	87736.72	-0.325	1.367	1.234	11665.05	100		   32.83	    6.60	66173.99	21562.73	0.833	0.167
48.00	12235.36	   88.62	87676.02	   27.92	87764.64	-0.327	1.367	1.234	11665.08	100		   23.21	    4.71	66197.20	21567.44	0.831	0.169
49.00	12215.21	   63.03	87721.76	   20.15	87784.79	-0.337	1.366	1.234	11665.09	100		   16.69	    3.46	66213.89	21570.90	0.828	0.172
50.00	12201.04	   45.07	87753.89	   14.17	87798.96	-0.338	1.366	1.233	11665.09	100		   11.68	    2.49	66225.57	21573.39	0.824	0.176
51.00	12190.32	   32.79	87776.89	   10.72	87809.68	-0.327	1.366	1.233	11665.10	100		    8.85	    1.87	66234.42	21575.26	0.826	0.174
52.00	12183.04	   22.85	87794.11	    7.28	87816.96	-0.340	1.366	1.233	11665.10	100		    5.98	    1.30	66240.40	21576.56	0.821	0.179
53.00	12177.84	   16.35	87805.81	    5.20	87822.16	-0.348	1.366	1.233	11665.10	100		    4.17	    1.03	66244.57	21577.59	0.802	0.198
54.00	12174.14	   11.62	87814.24	    3.70	87825.86	-0.338	1.366	1.233	11665.10	100		    3.04	    0.66	66247.61	21578.25	0.822	0.178
55.00	12171.54	    8.33	87820.13	    2.60	87828.46	-0.337	1.366	1.233	11665.10	100		    2.13	    0.47	66249.74	21578.72	0.819	0.181
56.00	12169.56	    6.14	87824.30	    1.98	87830.44	-0.319	1.366	1.233	11665.10	100		    1.56	    0.42	66251.30	21579.14	0.788	0.212
57.00	12168.13	    4.39	87827.48	    1.43	87831.87	-0.320	1.366	1.233	11665.10	100		    1.10	    0.33	66252.40	21579.47	0.769	0.231
58.00	12167.15	    3.21	87829.64	    0.98	87832.85	-0.324	1.366	1.233	11665.10	100		    0.76	    0.22	66253.16	21579.69	0.776	0.224
59.00	12166.26	    2.51	87831.23	    0.89	87833.74	-0.280	1.366	1.233	11665.10	100		    0.71	    0.18	66253.87	21579.87	0.798	0.202
60.00	12165.84	    1.51	87832.65	    0.42	87834.16	-0.377	1.366	1.233	11665.10	100		    0.37	    0.05	66254.24	21579.92	0.881	0.119
61.00	12165.44	    1.16	87833.40	    0.40	87834.56	-0.386	1.366	1.233	11665.10	100		    0.35	    0.05	66254.59	21579.97	0.875	0.125
62.00	12165.17	    0.83	87834.00	    0.27	87834.83	-0.299	1.366	1.233	11665.10	100		    0.16	    0.11	66254.75	21580.08	0.593	0.407
63.00	12164.97	    0.64	87834.39	    0.20	87835.03	-0.297	1.366	1.233	11665.10	100		    0.16	    0.04	66254.91	21580.12	0.800	0.200
64.00	12164.85	    0.45	87834.70	    0.12	87835.15	-0.306	1.366	1.233	11665.10	100		    0.11	    0.01	66255.02	21580.13	0.917	0.083
65.00	12164.71	    0.38	87834.91	    0.14	87835.29	-0.261	1.366	1.233	11665.10	100		    0.12	    0.02	66255.14	21580.15	0.857	0.143
66.00	12164.68	    0.17	87835.15	    0.03	87835.32	-0.487	1.366	1.233	11665.10	100		    0.03	    0.00	66255.17	21580.15	1.000	0.000
67.00	12164.62	    0.21	87835.17	    0.06	87835.38	-0.297	1.366	1.233	11665.10	100		    0.03	    0.03	66255.20	21580.18	0.500	0.500
68.00	12164.55	    0.19	87835.26	    0.07	87835.45	0.056	1.366	1.233	11665.10	100		    0.06	    0.01	66255.26	21580.19	0.857	0.143
69.00	12164.52	    0.10	87835.38	    0.03	87835.48	-0.371	1.366	1.233	11665.10	100		    0.03	    0.00	66255.29	21580.19	1.000	0.000
70.00	12164.52	    0.02	87835.46	    0.00	87835.48	-1.126	1.366	1.233	11665.10	100		    0.00	    0.00	66255.29	21580.19	0.000	0.000
71.00	12164.52	    0.01	87835.47	    0.00	87835.48	-1.151	1.366	1.233	11665.10	100		    0.00	    0.00	66255.29	21580.19	0.000	0.000
72.00	12164.50	    0.03	87835.47	    0.02	87835.50	0.203	1.366	1.233	11665.10	100		    0.01	    0.01	66255.30	21580.20	0.500	0.500
73.00	12164.50	    0.01	87835.49	    0.00	87835.50	0.000	1.366	1.233	11665.10	100		    0.00	    0.00	66255.30	21580.20	0.000	0.000
74.00	12164.50	    0.01	87835.49	    0.00	87835.50	-0.549	1.366	1.233	11665.10	100		    0.00	    0.00	66255.30	21580.20	0.000	0.000
75.00	12164.49	    0.02	87835.49	    0.01	87835.51	0.347	1.366	1.233	11665.10	100		    0.01	    0.00	66255.31	21580.20	1.000	0.000
76.00	12164.49	    0.01	87835.50	    0.00	87835.51	0.000	1.366	1.233	11665.10	100		    0.00	    0.00	66255.31	21580.20	0.000	0.000
77.00	12164.48	    0.02	87835.50	    0.01	87835.52	0.000	1.366	1.233	11665.10	100		    0.01	    0.00	66255.32	21580.20	1.000	0.000
78.00	12164.48	    0.00	87835.52	    0.00	87835.52	0.000	1.366	1.233	11665.10	100		    0.00	    0.00	66255.32	21580.20	0.000	0.000
79.00	12164.48	    0.00	87835.52	    0.00	87835.52	-0.347	1.366	1.233	11665.10	100		    0.00	    0.00	66255.32	21580.20	0.000	0.000
80.00	12164.48	    0.00	87835.52	    0.00	87835.52	0.000	1.366	1.233	11665.10	100		    0.00	    0.00	66255.32	21580.20	0.000	0.000
81.00	12164.48	    0.00	87835.52	    0.00	87835.52	0.000	1.366	1.233	11665.10	100		    0.00	    0.00	66255.32	21580.20	0.000	0.000
82.00	12164.48	    0.00	87835.52	    0.00	87835.52	0.000	1.366	1.233	11665.10	100		    0.00	    0.00	66255.32	21580.20	0.000	0.000
83.00	12164.48	    0.00	87835.52	    0.00	87835.52	0.000	1.366	1.233	11665.10	100		    0.00	    0.00	66255.32	21580.20	0.000	0.000
84.00	12164.48	    0.00	87835.52	    0.00	87835.52	0.000	1.366	1.233	11665.10	100		    0.00	    0.00	66255.32	21580.20	0.000	0.000
85.00	12164.48	    0.00	87835.52	    0.00	87835.52	0.000	1.366	1.233	11665.10	100		    0.00	    0.00	66255.32	21580.20	0.000	0.000
86.00	12164.48	    0.00	87835.52	    0.00	87835.52	0.000	1.366	1.233	11665.10	100		    0.00	    0.00	66255.32	21580.20	0.000	0.000
87.00	12164.48	    0.00	87835.52	    0.00	87835.52	0.000	1.366	1.233	11665.10	100		    0.00	    0.00	66255.32	21580.20	0.000	0.000
88.00	12164.48	    0.00	87835.52	    0.00	87835.52	0.000	1.366	1.233	11665.10	100		    0.00	    0.00	66255.32	21580.20	0.000	0.000
89.00	12164.48	    0.00	87835.52	    0.00	87835.52	0.000	1.366	1.233	11665.10	100		    0.00	    0.00	66255.32	21580.20	0.000	0.000
90.00	12164.48	    0.00	87835.52	    0.00	87835.52	0.000	1.366	1.233	11665.10	100		    0.00	    0.00	66255.32	21580.20	0.000	0.000
91.00	12164.48	    0.00	87835.52	    0.00	87835.52	0.000	1.366	1.233	11665.10	100		    0.00	    0.00	66255.32	21580.20	0.000	0.000
92.00	12164.48	    0.00	87835.52	    0.00	87835.52	0.000	1.366	1.233	11665.10	100		    0.00	    0.00	66255.32	21580.20	0.000	0.000
93.00	12164.48	    0.00	87835.52	    0.00	87835.52	0.000	1.366	1.233	11665.10	100		    0.00	    0.00	66255.32	21580.20	0.000	0.000
94.00	12164.48	    0.00	87835.52	    0.00	87835.52	0.000	1.366	1.233	11665.10	100		    0.00	    0.00	66255.32	21580.20	0.000	0.000
95.00	12164.48	    0.00	87835.52	    0.00	87835.52	0.000	1.366	1.233	11665.10	100		    0.00	    0.00	66255.32	21580.20	0.000	0.000
96.00	12164.48	    0.00	87835.52	    0.00	87835.52	0.000	1.366	1.233	11665.10	100		    0.00	    0.00	66255.32	21580.20	0.000	0.000
97.00	12164.48	    0.00	87835.52	    0.00	87835.52	0.000	1.366	1.233	11665.10	100		    0.00	    0.00	66255.32	21580.20	0.000	0.000
98.00	12164.48	    0.00	87835.52	    0.00	87835.52	0.000	1.366	1.233	11665.10	100		    0.00	    0.00	66255.32	21580.20	0.000	0.000
99.00	12164.48	    0.00	87835.52	    0.00	87835.52	0.000	1.366	1.233	11665.10	100		    0.00	    0.00	66255.32	21580.20	0.000	0.000
100.00	12164.48	    0.00	87835.52	    0.00	87835.52	0.000	1.366	1.233	11665.10	100		    0.00	    0.00	66255.32	21580.20	0.000	0.000
101.00	12164.48	    0.00	87835.52	    0.00	87835.52	0.000	1.366	1.233	11665.10	100		    0.00	    0.00	66255.32	21580.20	0.000	0.000
102.00	12164.48	    0.00	87835.52	    0.00	87835.52	0.000	1.366	1.233	11665.10	100		    0.00	    0.00	66255.32	21580.20	0.000	0.000
103.00	12164.48	    0.00	87835.52	    0.00	87835.52	0.000	1.366	1.233	11665.10	100		    0.00	    0.00	66255.32	21580.20	0.000	0.000
104.00	12164.48	    0.00	87835.52	    0.00	87835.52	0.000	1.366	1.233	11665.10	100		    0.00	    0.00	66255.32	21580.20	0.000	0.000
105.00	12164.48	    0.00	87835.52	    0.00	87835.52	0.000	1.366	1.233	11665.10	100		    0.00	    0.00	66255.32	21580.20	0.000	0.000
106.00	12164.48	    0.00	87835.52	    0.00	87835.52	0.000	1.366	1.233	11665.10	100		    0.00	    0.00	66255.32	21580.20	0.000	0.000
107.00	12164.48	    0.00	87835.52	    0.00	87835.52	0.000	1.366	1.233	11665.10	100		    0.00	    0.00	66255.32	21580.20	0.000	0.000
108.00	12164.48	    0.00	87835.52	    0.00	87835.52	0.000	1.366	1.233	11665.10	100		    0.00	    0.00	66255.32	21580.20	0.000	0.000
109.00	12164.48	    0.00	87835.52	    0.00	87835.52	0.000	1.366	1.233	11665.10	100		    0.00	    0.00	66255.32	21580.20	0.000	0.000
110.00	12164.48	    0.00	87835.52	    0.00	87835.52	0.000	1.366	1.233	11665.10	100		    0.00	    0.00	66255.32	21580.20	0.000	0.000
111.00	12164.48	    0.00	87835.52	    0.00	87835.52	0.000	1.366	1.233	11665.10	100		    0.00	    0.00	66255.32	21580.20	0.000	0.000
112.00	12164.48	    0.00	87835.52	    0.00	87835.52	0.000	1.366	1.233	11665.10	100		    0.00	    0.00	66255.32	21580.20	0.000	0.000
113.00	12164.48	    0.00	87835.52	    0.00	87835.52	0.000	1.366	1.233	11665.10	100		    0.00	    0.00	66255.32	21580.20	0.000	0.000
114.00	12164.48	    0.00	87835.52	    0.00	87835.52	0.000	1.366	1.233	11665.10	100		    0.00	    0.00	66255.32	21580.20	0.000	0.000
115.00	12164.48	    0.00	87835.52	    0.00	87835.52	0.000	1.366	1.233	11665.10	100		    0.00	    0.00	66255.32	21580.20	0.000	0.000
116.00	12164.48	    0.00	87835.52	    0.00	87835.52	0.000	1.366	1.233	11665.10	100		    0.00	    0.00	66255.32	21580.20	0.000	0.000
117.00	12164.48	    0.00	87835.52	    0.00	87835.52	0.000	1.366	1.233	11665.10	100		    0.00	    0.00	66255.32	21580.20	0.000	0.000
118.00	12164.48	    0.00	87835.52	    0.00	87835.52	0.000	1.366	1.233	11665.10	100		    0.00	    0.00	66255.32	21580.20	0.000	0.000
119.00	12164.48	    0.00	87835.52	    0.00	87835.52	0.000	1.366	1.233	11665.10	100		    0.00	    0.00	66255.32	21580.20	0.000	0.000
120.00	12164.48	    0.00	87835.52	    0.00	87835.52	0.000	1.366	1.233	11665.10	100		    0.00	    0.00	66255.32	21580.20	0.000	0.000
121.00	12164.48	    0.00	87835.52	    0.00	87835.52	0.000	1.366	1.233	11665.10	100		    0.00	    0.00	66255.32	21580.20	0.000	0.000
122.00	12164.48	    0.00	87835.52	    0.00	87835.52	0.000	1.366	1.233	11665.10	100		    0.00	    0.00	66255.32	21580.20	0.000	0.000
123.00	12164.48	    0.00	87835.52	    0.00	87835.52	0.000	1.366	1.233	11665.10	100		    0.00	    0.00	66255.32	21580.20	0.000	0.000
124.00	12164.48	    0.00	87835.52	    0.00	87835.52	0.000	1.366	1.233	11665.10	100		    0.00	    0.00	66255.32	21580.20	0.000	0.000
125.00	12164.48	    0.00	87835.52	    0.00	87835.52	0.000	1.366	1.233	11665.10	100		    0.00	    0.00	66255.32	21580.20	0.000	0.000
126.00	12164.48	    0.00	87835.52	    0.00	87835.52	0.000	1.366	1.233	11665.10	100		    0.00	    0.00	66255.32	21580.20	0.000	0.000
127.00	12164.48	    0.00	87835.52	    0.00	87835.52	0.000	1.366	1.233	11665.10	100		    0.00	    0.00	66255.32	21580.20	0.000	0.000
128.00	12164.48	    0.00	87835.52	    0.00	87835.52	0.000	1.366	1.233	11665.10	100		    0.00	    0.00	66255.32	21580.20	0.000	0.000
129.00	12164.48	    0.00	87835.52	    0.00	87835.52	0.000	1.366	1.233	11665.10	100		    0.00	    0.00	66255.32	21580.20	0.000	0.000
130.00	12164.48	    0.00	87835.52	    0.00	87835.52	0.000	1.366	1.233	11665.10	100		    0.00	    0.00	66255.32	21580.20	0.000	0.000
131.00	12164.48	    0.00	87835.52	    0.00	87835.52	0.000	1.366	1.233	11665.10	100		    0.00	    0.00	66255.32	21580.20	0.000	0.000
132.00	12164.48	    0.00	87835.52	    0.00	87835.52	0.000	1.366	1.233	11665.10	100		    0.00	    0.00	66255.32	21580.20	0.000	0.000
133.00	12164.48	    0.00	87835.52	    0.00	87835.52	0.000	1.366	1.233	11665.10	100		    0.00	    0.00	66255.32	21580.20	0.000	0.000
134.00	12164.48	    0.00	87835.52	    0.00	87835.52	0.000	1.366	1.233	11665.10	100		    0.00	    0.00	66255.32	21580.20	0.000	0.000
135.00	12164.48	    0.00	87835.52	    0.00	87835.52	0.000	1.366	1.233	11665.10	100		    0.00	    0.00	66255.32	21580.20	0.000	0.000
136.00	12164.48	    0.00	87835.52	    0.00	87835.52	0.000	1.366	1.233	11665.10	100		    0.00	    0.00	66255.32	21580.20	0.000	0.000
137.00	12164.48	    0.00	87835.52	    0.00	87835.52	0.000	1.366	1.233	11665.10	100		    0.00	    0.00	66255.32	21580.20	0.000	0.000
138.00	12164.48	    0.00	87835.52	    0.00	87835.52	0.000	1.366	1.233	11665.10	100		    0.00	    0.00	66255.32	21580.20	0.000	0.000
139.00	12164.48	    0.00	87835.52	    0.00	87835.52	0.000	1.366	1.233	11665.10	100		    0.00	    0.00	66255.32	21580.20	0.000	0.000
140.00	12164.48	    0.00	87835.52	    0.00	87835.52	0.000	1.366	1.233	11665.10	100		    0.00	    0.00	66255.32	21580.20	0.000	0.000
141.00	12164.48	    0.00	87835.52	    0.00	87835.52	0.000	1.366	1.233	11665.10	100		    0.00	    0.00	66255.32	21580.20	0.000	0.000
142.00	12164.48	    0.00	87835.52	    0.00	87835.52	0.000	1.366	1.233	11665.10	100		    0.00	    0.00	66255.32	21580.20	0.000	0.000
143.00	12164.48	    0.00	87835.52	    0.00	87835.52	0.000	1.366	1.233	11665.10	100		    0.00	    0.00	66255.32	21580.20	0.000	0.000
144.00	12164.48	    0.00	87835.52	    0.00	87835.52	0.000	1.366	1.233	11665.10	100		    0.00	    0.00	66255.32	21580.20	0.000	0.000
145.00	12164.48	    0.00	87835.52	    0.00	87835.52	0.000	1.366	1.233	11665.10	100		    0.00	    0.00	66255.32	21580.20	0.000	0.000
146.00	12164.48	    0.00	87835.52	    0.00	87835.52	0.000	1.366	1.233	11665.10	100		    0.00	    0.00	66255.32	21580.20	0.000	0.000
147.00	12164.48	    0.00	87835.52	    0.00	87835.52	0.000	1.366	1.233	11665.10	100		    0.00	    0.00	66255.32	21580.20	0.000	0.000
148.00	12164.48	    0.00	87835.52	    0.00	87835.52	0.000	1.366	1.233	11665.10	100		    0.00	    0.00	66255.32	21580.20	0.000	0.000
149.00	12164.48	    0.00	87835.52	    0.00	87835.52	0.000	1.366	1.233	11665.10	100		    0.00	    0.00	66255.32	21580.20	0.000	0.000
150.00	12164.48	    0.00	87835.52	    0.00	87835.52	0.000	1.366	1.233	11665.10	100		    0.00	    0.00	66255.32	21580.20	0.000	0.000
151.00	12164.48	    0.00	87835.52	    0.00	87835.52	0.000	1.366	1.233	11665.10	100		    0.00	    0.00	66255.32	21580.20	0.000	0.000
152.00	12164.48	    0.00	87835.52	    0.00	87835.52	0.000	1.366	1.233	11665.10	100		    0.00	    0.00	66255.32	21580.20	0.000	0.000
153.00	12164.48	    0.00	87835.52	    0.00	87835.52	0.000	1.366	1.233	11665.10	100		    0.00	    0.00	66255.32	21580.20	0.000	0.000
154.00	12164.48	    0.00	87835.52	    0.00	87835.52	0.000	1.366	1.233	11665.10	100		    0.00	    0.00	66255.32	21580.20	0.000	0.000
155.00	12164.48	    0.00	87835.52	    0.00	87835.52	0.000	1.366	1.233	11665.10	100		    0.00	    0.00	66255.32	21580.20	0.000	0.000
156.00	12164.48	    0.00	87835.52	    0.00	87835.52	0.000	1.366	1.233	11665.10	100		    0.00	    0.00	66255.32	21580.20	0.000	0.000
157.00	12164.48	    0.00	87835.52	    0.00	87835.52	0.000	1.366	1.233	11665.10	100		    0.00	    0.00	66255.32	21580.20	0.000	0.000
158.00	12164.48	    0.00	87835.52	    0.00	87835.52	0.000	1.366	1.233	11665.10	100		    0.00	    0.00	66255.32	21580.20	0.000	0.000
159.00	12164.48	    0.00	87835.52	    0.00	87835.52	0.000	1.366	1.233	11665.10	100		    0.00	    0.00	66255.32	21580.20	0.000	0.000
160.00	12164.48	    0.00	87835.52	    0.00	87835.52	0.000	1.366	1.233	11665.10	100		    0.00	    0.00	66255.32	21580.20	0.000	0.000
161.00	12164.48	    0.00	87835.52	    0.00	87835.52	0.000	1.366	1.233	11665.10	100		    0.00	    0.00	66255.32	21580.20	0.000	0.000
162.00	12164.48	    0.00	87835.52	    0.00	87835.52	0.000	1.366	1.233	11665.10	100		    0.00	    0.00	66255.32	21580.20	0.000	0.000
163.00	12164.48	    0.00	87835.52	    0.00	87835.52	0.000	1.366	1.233	11665.10	100		    0.00	    0.00	66255.32	21580.20	0.000	0.000
164.00	12164.48	    0.00	87835.52	    0.00	87835.52	0.000	1.366	1.233	11665.10	100		    0.00	    0.00	66255.32	21580.20	0.000	0.000
165.00	12164.48	    0.00	87835.52	    0.00	87835.52	0.000	1.366	1.233	11665.10	100		    0.00	    0.00	66255.32	21580.20	0.000	0.000
166.00	12164.48	    0.00	87835.52	    0.00	87835.52	0.000	1.366	1.233	11665.10	100		    0.00	    0.00	66255.32	21580.20	0.000	0.000
167.00	12164.48	    0.00	87835.52	    0.00	87835.52	0.000	1.366	1.233	11665.10	100		    0.00	    0.00	66255.32	21580.20	0.000	0.000
168.00	12164.48	    0.00	87835.52	    0.00	87835.52	0.000	1.366	1.233	11665.10	100		    0.00	    0.00	66255.32	21580.20	0.000	0.000
169.00	12164.48	    0.00	87835.52	    0.00	87835.52	0.000	1.366	1.233	11665.10	100		    0.00	    0.00	66255.32	21580.20	0.000	0.000
170.00	12164.48	    0.00	87835.52	    0.00	87835.52	0.000	1.366	1.233	11665.10	100		    0.00	    0.00	66255.32	21580.20	0.000	0.000
171.00	12164.48	    0.00	87835.52	    0.00	87835.52	0.000	1.366	1.233	11665.10	100		    0.00	    0.00	66255.32	21580.20	0.000	0.000
172.00	12164.48	    0.00	87835.52	    0.00	87835.52	0.000	1.366	1.233	11665.10	100		    0.00	    0.00	66255.32	21580.20	0.000	0.000
173.00	12164.48	    0.00	87835.52	    0.00	87835.52	0.000	1.366	1.233	11665.10	100		    0.00	    0.00	66255.32	21580.20	0.000	0.000
174.00	12164.48	    0.00	87835.52	    0.00	87835.52	0.000	1.366	1.233	11665.10	100		    0.00	    0.00	66255.32	21580.20	0.000	0.000
175.00	12164.48	    0.00	87835.52	    0.00	87835.52	0.000	1.366	1.233	11665.10	100		    0.00	    0.00	66255.32	21580.20	0.000	0.000
176.00	12164.48	    0.00	87835.52	    0.00	87835.52	0.000	1.366	1.233	11665.10	100		    0.00	    0.00	66255.32	21580.20	0.000	0.000
177.00	12164.48	    0.00	87835.52	    0.00	87835.52	0.000	1.366	1.233	11665.10	100		    0.00	    0.00	66255.32	21580.20	0.000	0.000
178.00	12164.48	    0.00	87835.52	    0.00	87835.52	0.000	1.366	1.233	11665.10	100		    0.00	    0.00	66255.32	21580.20	0.000	0.000
179.00	12164.48	    0.00	87835.52	    0.00	87835.52	0.000	1.366	1.233	11665.10	100		    0.00	    0.00	66255.32	21580.20	0.000	0.000
180.00	12164.48	    0.00	87835.52	    0.00	87835.52	0.000	1.366	1.233	11665.10	100		    0.00	    0.00	66255.32	21580.20	0.000	0.000
181.00	12164.48	    0.00	87835.52	    0.00	87835.52	0.000	1.366	1.233	11665.10	100		    0.00	    0.00	66255.32	21580.20	0.000	0.000
182.00	12164.48	    0.00	87835.52	    0.00	87835.52	0.000	1.366	1.233	11665.10	100		    0.00	    0.00	66255.32	21580.20	0.000	0.000
183.00	12164.48	    0.00	87835.52	    0.00	87835.52	0.000	1.366	1.233	11665.10	100		    0.00	    0.00	66255.32	21580.20	0.000	0.000
184.00	12164.48	    0.00	87835.52	    0.00	87835.52	0.000	1.366	1.233	11665.10	100		    0.00	    0.00	66255.32	21580.20	0.000	0.000
185.00	12164.48	    0.00	87835.52	    0.00	87835.52	0.000	1.366	1.233	11665.10	100		    0.00	    0.00	66255.32	21580.20	0.000	0.000
186.00	12164.48	    0.00	87835.52	    0.00	87835.52	0.000	1.366	1.233	11665.10	100		    0.00	    0.00	66255.32	21580.20	0.000	0.000
187.00	12164.48	    0.00	87835.52	    0.00	87835.52	0.000	1.366	1.233	11665.10	100		    0.00	    0.00	66255.32	21580.20	0.000	0.000
188.00	12164.48	    0.00	87835.52	    0.00	87835.52	0.000	1.366	1.233	11665.10	100		    0.00	    0.00	66255.32	21580.20	0.000	0.000
189.00	12164.48	    0.00	87835.52	    0.00	87835.52	0.000	1.366	1.233	11665.10	100		    0.00	    0.00	66255.32	21580.20	0.000	0.000
190.00	12164.48	    0.00	87835.52	    0.00	87835.52	0.000	1.366	1.233	11665.10	100		    0.00	    0.00	66255.32	21580.20	0.000	0.000
191.00	12164.48	    0.00	87835.52	    0.00	87835.52	0.000	1.366	1.233	11665.10	100		    0.00	    0.00	66255.32	21580.20	0.000	0.000
192.00	12164.48	    0.00	87835.52	    0.00	87835.52	0.000	1.366	1.233	11665.10	100		    0.00	    0.00	66255.32	21580.20	0.000	0.000
193.00	12164.48	    0.00	87835.52	    0.00	87835.52	0.000	1.366	1.233	11665.10	100		    0.00	    0.00	66255.32	21580.20	0.000	0.000
194.00	12164.48	    0.00	87835.52	    0.00	87835.52	0.000	1.366	1.233	11665.10	100		    0.00	    0.00	66255.32	21580.20	0.000	0.000
195.00	12164.48	    0.00	87835.52	    0.00	87835.52	0.000	1.366	1.233	11665.10	100		    0.00	    0.00	66255.32	21580.20	0.000	0.000
196.00	12164.48	    0.00	87835.52	    0.00	87835.52	0.000	1.366	1.233	11665.10	100		    0.00	    0.00	66255.32	21580.20	0.000	0.000
197.00	12164.48	    0.00	87835.52	    0.00	87835.52	0.000	1.366	1.233	11665.10	100		    0.00	    0.00	66255.32	21580.20	0.000	0.000
198.00	12164.48	    0.00	87835.52	    0.00	87835.52	0.000	1.366	1.233	11665.10	100		    0.00	    0.00	66255.32	21580.20	0.000	0.000
199.00	12164.48	    0.00	87835.52	    0.00	87835.52	0.000	1.366	1.233	11665.10	100		    0.00	    0.00	66255.32	21580.20	0.000	0.000
200.00	12164.48	    0.00	87835.52	    0.00	87835.52	0.000	1.366	1.233	11665.10	100		    0.00	    0.00	66255.32	21580.20	0.000	0.000
201.00	12164.48	    0.00	87835.52	    0.00	87835.52	0.000	1.366	1.233	11665.10	100		    0.00	    0.00	66255.32	21580.20	0.000	0.000
202.00	12164.48	    0.00	87835.52	    0.00	87835.52	0.000	1.366	1.233	11665.10	100		    0.00	    0.00	66255.32	21580.20	0.000	0.000
203.00	12164.48	    0.00	87835.52	    0.00	87835.52	0.000	1.366	1.233	11665.10	100		    0.00	    0.00	66255.32	21580.20	0.000	0.000
204.00	12164.48	    0.00	87835.52	    0.00	87835.52	0.000	1.366	1.233	11665.10	100		    0.00	    0.00	66255.32	21580.20	0.000	0.000
205.00	12164.48	    0.00	87835.52	    0.00	87835.52	0.000	1.366	1.233	11665.10	100		    0.00	    0.00	66255.32	21580.20	0.000	0.000
206.00	12164.48	    0.00	87835.52	    0.00	87835.52	0.000	1.366	1.233	11665.10	100		    0.00	    0.00	66255.32	21580.20	0.000	0.000
207.00	12164.48	    0.00	87835.52	    0.00	87835.52	0.000	1.366	1.233	11665.10	100		    0.00	    0.00	66255.32	21580.20	0.000	0.000
208.00	12164.48	    0.00	87835.52	    0.00	87835.52	0.000	1.366	1.233	11665.10	100		    0.00	    0.00	66255.32	21580.20	0.000	0.000
209.00	12164.48	    0.00	87835.52	    0.00	87835.52	0.000	1.366	1.233	11665.10	100		    0.00	    0.00	66255.32	21580.20	0.000	0.000
210.00	12164.48	    0.00	87835.52	    0.00	87835.52	0.000	1.366	1.233	11665.10	100		    0.00	    0.00	66255.32	21580.20	0.000	0.000
211.00	12164.48	    0.00	87835.52	    0.00	87835.52	0.000	1.366	1.233	11665.10	100		    0.00	    0.00	66255.32	21580.20	0.000	0.000
212.00	12164.48	    0.00	87835.52	    0.00	87835.52	0.000	1.366	1.233	11665.10	100		    0.00	    0.00	66255.32	21580.20	0.000	0.000
213.00	12164.48	    0.00	87835.52	    0.00	87835.52	0.000	1.366	1.233	11665.10	100		    0.00	    0.00	66255.32	21580.20	0.000	0.000
214.00	12164.48	    0.00	87835.52	    0.00	87835.52	0.000	1.366	1.233	11665.10	100		    0.00	    0.00	66255.32	21580.20	0.000	0.000
215.00	12164.48	    0.00	87835.52	    0.00	87835.52	0.000	1.366	1.233	11665.10	100		    0.00	    0.00	66255.32	21580.20	0.000	0.000
216.00	12164.48	    0.00	87835.52	    0.00	87835.52	0.000	1.366	1.233	11665.10	100		    0.00	    0.00	66255.32	21580.20	0.000	0.000
217.00	12164.48	    0.00	87835.52	    0.00	87835.52	0.000	1.366	1.233	11665.10	100		    0.00	    0.00	66255.32	21580.20	0.000	0.000
218.00	12164.48	    0.00	87835.52	    0.00	87835.52	0.000	1.366	1.233	11665.10	100		    0.00	    0.00	66255.32	21580.20	0.000	0.000
219.00	12164.48	    0.00	87835.52	    0.00	87835.52	0.000	1.366	1.233	11665.10	100		    0.00	    0.00	66255.32	21580.20	0.000	0.000
220.00	12164.48	    0.00	87835.52	    0.00	87835.52	0.000	1.366	1.233	11665.10	100		    0.00	    0.00	66255.32	21580.20	0.000	0.000
221.00	12164.48	    0.00	87835.52	    0.00	87835.52	0.000	1.366	1.233	11665.10	100		    0.00	    0.00	66255.32	21580.20	0.000	0.000
222.00	12164.48	    0.00	87835.52	    0.00	87835.52	0.000	1.366	1.233	11665.10	100		    0.00	    0.00	66255.32	21580.20	0.000	0.000
223.00	12164.48	    0.00	87835.52	    0.00	87835.52	0.000	1.366	1.233	11665.10	100		    0.00	    0.00	66255.32	21580.20	0.000	0.000
224.00	12164.48	    0.00	87835.52	    0.00	87835.52	0.000	1.366	1.233	11665.10	100		    0.00	    0.00	66255.32	21580.20	0.000	0.000
225.00	12164.48	    0.00	87835.52	    0.00	87835.52	0.000	1.366	1.233	11665.10	100		    0.00	    0.00	66255.32	21580.20	0.000	0.000
226.00	12164.48	    0.00	87835.52	    0.00	87835.52	0.000	1.366	1.233	11665.10	100		    0.00	    0.00	66255.32	21580.20	0.000	0.000
227.00	12164.48	    0.00	87835.52	    0.00	87835.52	0.000	1.366	1.233	11665.10	100		    0.00	    0.00	66255.32	21580.20	0.000	0.000
228.00	12164.48	    0.00	87835.52	    0.00	87835.52	0.000	1.366	1.233	11665.10	100		    0.00	    0.00	66255.32	21580.20	0.000	0.000
229.00	12164.48	    0.00	87835.52	    0.00	87835.52	0.000	1.366	1.233	11665.10	100		    0.00	    0.00	66255.32	21580.20	0.000	0.000
230.00	12164.48	    0.00	87835.52	    0.00	87835.52	0.000	1.366	1.233	11665.10	100		    0.00	    0.00	66255.32	21580.20	0.000	0.000
231.00	12164.48	    0.00	87835.52	    0.00	87835.52	0.000	1.366	1.233	11665.10	100		    0.00	    0.00	66255.32	21580.20	0.000	0.000
232.00	12164.48	    0.00	87835.52	    0.00	87835.52	0.000	1.366	1.233	11665.10	100		    0.00	    0.00	66255.32	21580.20	0.000	0.000
233.00	12164.48	    0.00	87835.52	    0.00	87835.52	0.000	1.366	1.233	11665.10	100		    0.00	    0.00	66255.32	21580.20	0.000	0.000
234.00	12164.48	    0.00	87835.52	    0.00	87835.52	0.000	1.366	1.233	11665.10	100		    0.00	    0.00	66255.32	21580.20	0.000	0.000
235.00	12164.48	    0.00	87835.52	    0.00	87835.52	0.000	1.366	1.233	11665.10	100		    0.00	    0.00	66255.32	21580.20	0.000	0.000
236.00	12164.48	    0.00	87835.52	    0.00	87835.52	0.000	1.366	1.233	11665.10	100		    0.00	    0.00	66255.32	21580.20	0.000	0.000
237.00	12164.48	    0.00	87835.52	    0.00	87835.52	0.000	1.366	1.233	11665.10	100		    0.00	    0.00	66255.32	21580.20	0.000	0.000
238.00	12164.48	    0.00	87835.52	    0.00	87835.52	0.000	1.366	1.233	11665.10	100		    0.00	    0.00	66255.32	21580.20	0.000	0.000
239.00	12164.48	    0.00	87835.52	    0.00	87835.52	0.000	1.366	1.233	11665.10	100		    0.00	    0.00	66255.32	21580.20	0.000	0.000
240.00	12164.48	    0.00	87835.52	    0.00	87835.52	0.000	1.366	1.233	11665.10	100		    0.00	    0.00	66255.32	21580.20	0.000	0.000
241.00	12164.48	    0.00	87835.52	    0.00	87835.52	0.000	1.366	1.233	11665.10	100		    0.00	    0.00	66255.32	21580.20	0.000	0.000
242.00	12164.48	    0.00	87835.52	    0.00	87835.52	0.000	1.366	1.233	11665.10	100		    0.00	    0.00	66255.32	21580.20	0.000	0.000
243.00	12164.48	    0.00	87835.52	    0.00	87835.52	0.000	1.366	1.233	11665.10	100		    0.00	    0.00	66255.32	21580.20	0.000	0.000
244.00	12164.48	    0.00	87835.52	    0.00	87835.52	0.000	1.366	1.233	11665.10	100		    0.00	    0.00	66255.32	21580.20	0.000	0.000
245.00	12164.48	    0.00	87835.52	    0.00	87835.52	0.000	1.366	1.233	11665.10	100		    0.00	    0.00	66255.32	21580.20	0.000	0.000
246.00	12164.48	    0.00	87835.52	    0.00	87835.52	0.000	1.366	1.233	11665.10	100		    0.00	    0.00	66255.32	21580.20	0.000	0.000
247.00	12164.48	    0.00	87835.52	    0.00	87835.52	0.000	1.366	1.233	11665.10	100		    0.00	    0.00	66255.32	21580.20	0.000	0.000
248.00	12164.48	    0.00	87835.52	    0.00	87835.52	0.000	1.366	1.233	11665.10	100		    0.00	    0.00	66255.32	21580.20	0.000	0.000
249.00	12164.48	    0.00	87835.52	    0.00	87835.52	0.000	1.366	1.233	11665.10	100		    0.00	    0.00	66255.32	21580.20	0.000	0.000
250.00	12164.48	    0.00	87835.52	    0.00	87835.52	0.000	1.366	1.233	11665.10	100		    0.00	    0.00	66255.32	21580.20	0.000	0.000
251.00	12164.48	    0.00	87835.52	    0.00	87835.52	0.000	1.366	1.233	11665.10	100		    0.00	    0.00	66255.32	21580.20	0.000	0.000
252.00	12164.48	    0.00	87835.52	    0.00	87835.52	0.000	1.366	1.233	11665.10	100		    0.00	    0.00	66255.32	21580.20	0.000	0.000
253.00	12164.48	    0.00	87835.52	    0.00	87835.52	0.000	1.366	1.233	11665.10	100		    0.00	    0.00	66255.32	21580.20	0.000	0.000
254.00	12164.48	    0.00	87835.52	    0.00	87835.52	0.000	1.366	1.233	11665.10	100		    0.00	    0.00	66255.32	21580.20	0.000	0.000
255.00	12164.48	    0.00	87835.52	    0.00	87835.52	0.000	1.366	1.233	11665.10	100		    0.00	    0.00	66255.32	21580.20	0.000	0.000
256.00	12164.48	    0.00	87835.52	    0.00	87835.52	0.000	1.366	1.233	11665.10	100		    0.00	    0.00	66255.32	21580.20	0.000	0.000
257.00	12164.48	    0.00	87835.52	    0.00	87835.52	0.000	1.366	1.233	11665.10	100		    0.00	    0.00	66255.32	21580.20	0.000	0.000
258.00	12164.48	    0.00	87835.52	    0.00	87835.52	0.000	1.366	1.233	11665.10	100		    0.00	    0.00	66255.32	21580.20	0.000	0.000
259.00	12164.48	    0.00	87835.52	    0.00	87835.52	0.000	1.366	1.233	11665.10	100		    0.00	    0.00	66255.32	21580.20	0.000	0.000
260.00	12164.48	    0.00	87835.52	    0.00	87835.52	0.000	1.366	1.233	11665.10	100		    0.00	    0.00	66255.32	21580.20	0.000	0.000
261.00	12164.48	    0.00	87835.52	    0.00	87835.52	0.000	1.366	1.233	11665.10	100		    0.00	    0.00	66255.32	21580.20	0.000	0.000
262.00	12164.48	    0.00	87835.52	    0.00	87835.52	0.000	1.366	1.233	11665.10	100		    0.00	    0.00	66255.32	21580.20	0.000	0.000
263.00	12164.48	    0.00	87835.52	    0.00	87835.52	0.000	1.366	1.233	11665.10	100		    0.00	    0.00	66255.32	21580.20	0.000	0.000
264.00	12164.48	    0.00	87835.52	    0.00	87835.52	0.000	1.366	1.233	11665.10	100		    0.00	    0.00	66255.32	21580.20	0.000	0.000
265.00	12164.48	    0.00	87835.52	    0.00	87835.52	0.000	1.366	1.233	11665.10	100		    0.00	    0.00	66255.32	21580.20	0.000	0.000
266.00	12164.48	    0.00	87835.52	    0.00	87835.52	0.000	1.366	1.233	11665.10	100		    0.00	    0.00	66255.32	21580.20	0.000	0.000
267.00	12164.48	    0.00	87835.52	    0.00	87835.52	0.000	1.366	1.233	11665.10	100		    0.00	    0.00	66255.32	21580.20	0.000	0.000
268.00	12164.48	    0.00	87835.52	    0.00	87835.52	0.000	1.366	1.233	11665.10	100		    0.00	    0.00	66255.32	21580.20	0.000	0.000
269.00	12164.48	    0.00	87835.52	    0.00	87835.52	0.000	1.366	1.233	11665.10	100		    0.00	    0.00	66255.32	21580.20	0.000	0.000
270.00	12164.48	    0.00	87835.52	    0.00	87835.52	0.000	1.366	1.233	11665.10	100		    0.00	    0.00	66255.32	21580.20	0.000	0.000
271.00	12164.48	    0.00	87835.52	    0.00	87835.52	0.000	1.366	1.233	11665.10	100		    0.00	    0.00	66255.32	21580.20	0.000	0.000
272.00	12164.48	    0.00	87835.52	    0.00	87835.52	0.000	1.366	1.233	11665.10	100		    0.00	    0.00	66255.32	21580.20	0.000	0.000
273.00	12164.48	    0.00	87835.52	    0.00	87835.52	0.000	1.366	1.233	11665.10	100		    0.00	    0.00	66255.32	21580.20	0.000	0.000
274.00	12164.48	    0.00	87835.52	    0.00	87835.52	0.000	1.366	1.233	11665.10	100		    0.00	    0.00	66255.32	21580.20	0.000	0.000
275.00	12164.48	    0.00	87835.52	    0.00	87835.52	0.000	1.366	1.233	11665.10	100		    0.00	    0.00	66255.32	21580.20	0.000	0.000
276.00	12164.48	    0.00	87835.52	    0.00	87835.52	0.000	1.366	1.233	11665.10	100		    0.00	    0.00	66255.32	21580.20	0.000	0.000
277.00	12164.48	    0.00	87835.52	    0.00	87835.52	0.000	1.366	1.233	11665.10	100		    0.00	    0.00	66255.32	21580.20	0.000	0.000
278.00	12164.48	    0.00	87835.52	    0.00	87835.52	0.000	1.366	1.233	11665.10	100		    0.00	    0.00	66255.32	21580.20	0.000	0.000
279.00	12164.48	    0.00	87835.52	    0.00	87835.52	0.000	1.366	1.233	11665.10	100		    0.00	    0.00	66255.32	21580.20	0.000	0.000
280.00	12164.48	    0.00	87835.52	    0.00	87835.52	0.000	1.366	1.233	11665.10	100		    0.00	    0.00	66255.32	21580.20	0.000	0.000
281.00	12164.48	    0.00	87835.52	    0.00	87835.52	0.000	1.366	1.233	11665.10	100		    0.00	    0.00	66255.32	21580.20	0.000	0.000
282.00	12164.48	    0.00	87835.52	    0.00	87835.52	0.000	1.366	1.233	11665.10	100		    0.00	    0.00	66255.32	21580.20	0.000	0.000
283.00	12164.48	    0.00	87835.52	    0.00	87835.52	0.000	1.366	1.233	11665.10	100		    0.00	    0.00	66255.32	21580.20	0.000	0.000
284.00	12164.48	    0.00	87835.52	    0.00	87835.52	0.000	1.366	1.233	11665.10	100		    0.00	    0.00	66255.32	21580.20	0.000	0.000
285.00	12164.48	    0.00	87835.52	    0.00	87835.52	0.000	1.366	1.233	11665.10	100		    0.00	    0.00	66255.32	21580.20	0.000	0.000
286.00	12164.48	    0.00	87835.52	    0.00	87835.52	0.000	1.366	1.233	11665.10	100		    0.00	    0.00	66255.32	21580.20	0.000	0.000
287.00	12164.48	    0.00	87835.52	    0.00	87835.52	0.000	1.366	1.233	11665.10	100		    0.00	    0.00	66255.32	21580.20	0.000	0.000
288.00	12164.48	    0.00	87835.52	    0.00	87835.52	0.000	1.366	1.233	11665.10	100		    0.00	    0.00	66255.32	21580.20	0.000	0.000
289.00	12164.48	    0.00	87835.52	    0.00	87835.52	0.000	1.366	1.233	11665.10	100		    0.00	    0.00	66255.32	21580.20	0.000	0.000
290.00	12164.48	    0.00	87835.52	    0.00	87835.52	0.000	1.366	1.233	11665.10	100		    0.00	    0.00	66255.32	21580.20	0.000	0.000
291.00	12164.48	    0.00	87835.52	    0.00	87835.52	0.000	1.366	1.233	11665.10	100		    0.00	    0.00	66255.32	21580.20	0.000	0.000
292.00	12164.48	    0.00	87835.52	    0.00	87835.52	0.000	1.366	1.233	11665.10	100		    0.00	    0.00	66255.32	21580.20	0.000	0.000
293.00	12164.48	    0.00	87835.52	    0.00	87835.52	0.000	1.366	1.233	11665.10	100		    0.00	    0.00	66255.32	21580.20	0.000	0.000
294.00	12164.48	    0.00	87835.52	    0.00	87835.52	0.000	1.366	1.233	11665.10	100		    0.00	    0.00	66255.32	21580.20	0.000	0.000
295.00	12164.48	    0.00	87835.52	    0.00	87835.52	0.000	1.366	1.233	11665.10	100		    0.00	    0.00	66255.32	21580.20	0.000	0.000
296.00	12164.48	    0.00	87835.52	    0.00	87835.52	0.000	1.366	1.233	11665.10	100		    0.00	    0.00	66255.32	21580.20	0.000	0.000
297.00	12164.48	    0.00	87835.52	    0.00	87835.52	0.000	1.366	1.233	11665.10	100		    0.00	    0.00	66255.32	21580.20	0.000	0.000
298.00	12164.48	    0.00	87835.52	    0.00	87835.52	0.000	1.366	1.233	11665.10	100		    0.00	    0.00	66255.32	21580.20	0.000	0.000
299.00	12164.48	    0.00	87835.52	    0.00	87835.52	0.000	1.366	1.233	11665.10	100		    0.00	    0.00	66255.32	21580.20	0.000	0.000
300.00	12164.48	    0.00	87835.52	    0.00	87835.52	0.000	1.366	1.233	11665.10	100		    0.00	    0.00	66255.32	21580.20	0.000	0.000
301.00	12164.48	    0.00	87835.52	    0.00	87835.52	0.000	1.366	1.233	11665.10	100		    0.00	    0.00	66255.32	21580.20	0.000	0.000
302.00	12164.48	    0.00	87835.52	    0.00	87835.52	0.000	1.366	1.233	11665.10	100		    0.00	    0.00	66255.32	21580.20	0.000	0.000
303.00	12164.48	    0.00	87835.52	    0.00	87835.52	0.000	1.366	1.233	11665.10	100		    0.00	    0.00	66255.32	21580.20	0.000	0.000
304.00	12164.48	    0.00	87835.52	    0.00	87835.52	0.000	1.366	1.233	11665.10	100		    0.00	    0.00	66255.32	21580.20	0.000	0.000
305.00	12164.48	    0.00	87835.52	    0.00	87835.52	0.000	1.366	1.233	11665.10	100		    0.00	    0.00	66255.32	21580.20	0.000	0.000
306.00	12164.48	    0.00	87835.52	    0.00	87835.52	0.000	1.366	1.233	11665.10	100		    0.00	    0.00	66255.32	21580.20	0.000	0.000
307.00	12164.48	    0.00	87835.52	    0.00	87835.52	0.000	1.366	1.233	11665.10	100		    0.00	    0.00	66255.32	21580.20	0.000	0.000
308.00	12164.48	    0.00	87835.52	    0.00	87835.52	0.000	1.366	1.233	11665.10	100		    0.00	    0.00	66255.32	21580.20	0.000	0.000
309.00	12164.48	    0.00	87835.52	    0.00	87835.52	0.000	1.366	1.233	11665.10	100		    0.00	    0.00	66255.32	21580.20	0.000	0.000
310.00	12164.48	    0.00	87835.52	    0.00	87835.52	0.000	1.366	1.233	11665.10	100		    0.00	    0.00	66255.32	21580.20	0.000	0.000
311.00	12164.48	    0.00	87835.52	    0.00	87835.52	0.000	1.366	1.233	11665.10	100		    0.00	    0.00	66255.32	21580.20	0.000	0.000
312.00	12164.48	    0.00	87835.52	    0.00	87835.52	0.000	1.366	1.233	11665.10	100		    0.00	    0.00	66255.32	21580.20	0.000	0.000
313.00	12164.48	    0.00	87835.52	    0.00	87835.52	0.000	1.366	1.233	11665.10	100		    0.00	    0.00	66255.32	21580.20	0.000	0.000
314.00	12164.48	    0.00	87835.52	    0.00	87835.52	0.000	1.366	1.233	11665.10	100		    0.00	    0.00	66255.32	21580.20	0.000	0.000
315.00	12164.48	    0.00	87835.52	    0.00	87835.52	0.000	1.366	1.233	11665.10	100		    0.00	    0.00	66255.32	21580.20	0.000	0.000
316.00	12164.48	    0.00	87835.52	    0.00	87835.52	0.000	1.366	1.233	11665.10	100		    0.00	    0.00	66255.32	21580.20	0.000	0.000
317.00	12164.48	    0.00	87835.52	    0.00	87835.52	0.000	1.366	1.233	11665.10	100		    0.00	    0.00	66255.32	21580.20	0.000	0.000
318.00	12164.48	    0.00	87835.52	    0.00	87835.52	0.000	1.366	1.233	11665.10	100		    0.00	    0.00	66255.32	21580.20	0.000	0.000
319.00	12164.48	    0.00	87835.52	    0.00	87835.52	0.000	1.366	1.233	11665.10	100		    0.00	    0.00	66255.32	21580.20	0.000	0.000
320.00	12164.48	    0.00	87835.52	    0.00	87835.52	0.000	1.366	1.233	11665.10	100		    0.00	    0.00	66255.32	21580.20	0.000	0.000
321.00	12164.48	    0.00	87835.52	    0.00	87835.52	0.000	1.366	1.233	11665.10	100		    0.00	    0.00	66255.32	21580.20	0.000	0.000
322.00	12164.48	    0.00	87835.52	    0.00	87835.52	0.000	1.366	1.233	11665.10	100		    0.00	    0.00	66255.32	21580.20	0.000	0.000
323.00	12164.48	    0.00	87835.52	    0.00	87835.52	0.000	1.366	1.233	11665.10	100		    0.00	    0.00	66255.32	21580.20	0.000	0.000
324.00	12164.48	    0.00	87835.52	    0.00	87835.52	0.000	1.366	1.233	11665.10	100		    0.00	    0.00	66255.32	21580.20	0.000	0.000
325.00	12164.48	    0.00	87835.52	    0.00	87835.52	0.000	1.366	1.233	11665.10	100		    0.00	    0.00	66255.32	21580.20	0.000	0.000
326.00	12164.48	    0.00	87835.52	    0.00	87835.52	0.000	1.366	1.233	11665.10	100		    0.00	    0.00	66255.32	21580.20	0.000	0.000
327.00	12164.48	    0.00	87835.52	    0.00	87835.52	0.000	1.366	1.233	11665.10	100		    0.00	    0.00	66255.32	21580.20	0.000	0.000
328.00	12164.48	    0.00	87835.52	    0.00	87835.52	0.000	1.366	1.233	11665.10	100		    0.00	    0.00	66255.32	21580.20	0.000	0.000
329.00	12164.48	    0.00	87835.52	    0.00	87835.52	0.000	1.366	1.233	11665.10	100		    0.00	    0.00	66255.32	21580.20	0.000	0.000
330.00	12164.48	    0.00	87835.52	    0.00	87835.52	0.000	1.366	1.233	11665.10	100		    0.00	    0.00	66255.32	21580.20	0.000	0.000
331.00	12164.48	    0.00	87835.52	    0.00	87835.52	0.000	1.366	1.233	11665.10	100		    0.00	    0.00	66255.32	21580.20	0.000	0.000
332.00	12164.48	    0.00	87835.52	    0.00	87835.52	0.000	1.366	1.233	11665.10	100		    0.00	    0.00	66255.32	21580.20	0.000	0.000
333.00	12164.48	    0.00	87835.52	    0.00	87835.52	0.000	1.366	1.233	11665.10	100		    0.00	    0.00	66255.32	21580.20	0.000	0.000
334.00	12164.48	    0.00	87835.52	    0.00	87835.52	0.000	1.366	1.233	11665.10	100		    0.00	    0.00	66255.32	21580.20	0.000	0.000
335.00	12164.48	    0.00	87835.52	    0.00	87835.52	0.000	1.366	1.233	11665.10	100		    0.00	    0.00	66255.32	21580.20	0.000	0.000
336.00	12164.48	    0.00	87835.52	    0.00	87835.52	0.000	1.366	1.233	11665.10	100		    0.00	    0.00	66255.32	21580.20	0.000	0.000
337.00	12164.48	    0.00	87835.52	    0.00	87835.52	0.000	1.366	1.233	11665.10	100		    0.00	    0.00	66255.32	21580.20	0.000	0.000
338.00	12164.48	    0.00	87835.52	    0.00	87835.52	0.000	1.366	1.233	11665.10	100		    0.00	    0.00	66255.32	21580.20	0.000	0.000
339.00	12164.48	    0.00	87835.52	    0.00	87835.52	0.000	1.366	1.233	11665.10	100		    0.00	    0.00	66255.32	21580.20	0.000	0.000
340.00	12164.48	    0.00	87835.52	    0.00	87835.52	0.000	1.366	1.233	11665.10	100		    0.00	    0.00	66255.32	21580.20	0.000	0.000
341.00	12164.48	    0.00	87835.52	    0.00	87835.52	0.000	1.366	1.233	11665.10	100		    0.00	    0.00	66255.32	21580.20	0.000	0.000
342.00	12164.48	    0.00	87835.52	    0.00	87835.52	0.000	1.366	1.233	11665.10	100		    0.00	    0.00	66255.32	21580.20	0.000	0.000
343.00	12164.48	    0.00	87835.52	    0.00	87835.52	0.000	1.366	1.233	11665.10	100		    0.00	    0.00	66255.32	21580.20	0.000	0.000
344.00	12164.48	    0.00	87835.52	    0.00	87835.52	0.000	1.366	1.233	11665.10	100		    0.00	    0.00	66255.32	21580.20	0.000	0.000
345.00	12164.48	    0.00	87835.52	    0.00	87835.52	0.000	1.366	1.233	11665.10	100		    0.00	    0.00	66255.32	21580.20	0.000	0.000
346.00	12164.48	    0.00	87835.52	    0.00	87835.52	0.000	1.366	1.233	11665.10	100		    0.00	    0.00	66255.32	21580.20	0.000	0.000
347.00	12164.48	    0.00	87835.52	    0.00	87835.52	0.000	1.366	1.233	11665.10	100		    0.00	    0.00	66255.32	21580.20	0.000	0.000
348.00	12164.48	    0.00	87835.52	    0.00	87835.52	0.000	1.366	1.233	11665.10	100		    0.00	    0.00	66255.32	21580.20	0.000	0.000
349.00	12164.48	    0.00	87835.52	    0.00	87835.52	0.000	1.366	1.233	11665.10	100		    0.00	    0.00	66255.32	21580.20	0.000	0.000
350.00	12164.48	    0.00	87835.52	    0.00	87835.52	0.000	1.366	1.233	11665.10	100		    0.00	    0.00	66255.32	21580.20	0.000	0.000
351.00	12164.48	    0.00	87835.52	    0.00	87835.52	0.000	1.366	1.233	11665.10	100		    0.00	    0.00	66255.32	21580.20	0.000	0.000
352.00	12164.48	    0.00	87835.52	    0.00	87835.52	0.000	1.366	1.233	11665.10	100		    0.00	    0.00	66255.32	21580.20	0.000	0.000
353.00	12164.48	    0.00	87835.52	    0.00	87835.52	0.000	1.366	1.233	11665.10	100		    0.00	    0.00	66255.32	21580.20	0.000	0.000
354.00	12164.48	    0.00	87835.52	    0.00	87835.52	0.000	1.366	1.233	11665.10	100		    0.00	    0.00	66255.32	21580.20	0.000	0.000
355.00	12164.48	    0.00	87835.52	    0.00	87835.52	0.000	1.366	1.233	11665.10	100		    0.00	    0.00	66255.32	21580.20	0.000	0.000
356.00	12164.48	    0.00	87835.52	    0.00	87835.52	0.000	1.366	1.233	11665.10	100		    0.00	    0.00	66255.32	21580.20	0.000	0.000
357.00	12164.48	    0.00	87835.52	    0.00	87835.52	0.000	1.366	1.233	11665.10	100		    0.00	    0.00	66255.32	21580.20	0.000	0.000
358.00	12164.48	    0.00	87835.52	    0.00	87835.52	0.000	1.366	1.233	11665.10	100		    0.00	    0.00	66255.32	21580.20	0.000	0.000
359.00	12164.48	    0.00	87835.52	    0.00	87835.52	0.000	1.366	1.233	11665.10	100		    0.00	    0.00	66255.32	21580.20	0.000	0.000
360.00	12164.48	    0.00	87835.52	    0.00	87835.52	0.000	1.366	1.233	11665.10	100		    0.00	    0.00	66255.32	21580.20	0.000	0.000
361.00	12164.48	    0.00	87835.52	    0.00	87835.52	0.000	1.366	1.233	11665.10	100		    0.00	    0.00	66255.32	21580.20	0.000	0.000
362.00	12164.48	    0.00	87835.52	    0.00	87835.52	0.000	1.366	1.233	11665.10	100		    0.00	    0.00	66255.32	21580.20	0.000	0.000
363.00	12164.48	    0.00	87835.52	    0.00	87835.52	0.000	1.366	1.233	11665.10	100		    0.00	    0.00	66255.32	21580.20	0.000	0.000
364.00	12164.48	    0.00	87835.52	    0.00	87835.52	0.000	1.366	1.233	11665.10	100		    0.00	    0.00	66255.32	21580.20	0.000	0.000
365.00	12164.48	    0.00	87835.52	    0.00	87835.52	0.000	1.366	1.233	11665.10	100		    0.00	    0.00	66255.32	21580.20	0.000	0.000
366.00	12164.48	    0.00	87835.52	    0.00	87835.52	0.000	1.366	1.233	11665.10	100		    0.00	    0.00	66255.32	21580.20	0.000	0.000
367.00	12164.48	    0.00	87835.52	    0.00	87835.52	0.000	1.366	1.233	11665.10	100		    0.00	    0.00	66255.32	21580.20	0.000	0.000
368.00	12164.48	    0.00	87835.52	    0.00	87835.52	0.000	1.366	1.233	11665.10	100		    0.00	    0.00	66255.32	21580.20	0.000	0.000
369.00	12164.48	    0.00	87835.52	    0.00	87835.52	0.000	1.366	1.233	11665.10	100		    0.00	    0.00	66255.32	21580.20	0.000	0.000
370.00	12164.48	    0.00	87835.52	    0.00	87835.52	0.000	1.366	1.233	11665.10	100		    0.00	    0.00	66255.32	21580.20	0.000	0.000
371.00	12164.48	    0.00	87835.52	    0.00	87835.52	0.000	1.366	1.233	11665.10	100		    0.00	    0.00	66255.32	21580.20	0.000	0.000
372.00	12164.48	    0.00	87835.52	    0.00	87835.52	0.000	1.366	1.233	11665.10	100		    0.00	    0.00	66255.32	21580.20	0.000	0.000
373.00	12164.48	    0.00	87835.52	    0.00	87835.52	0.000	1.366	1.233	11665.10	100		    0.00	    0.00	66255.32	21580.20	0.000	0.000
374.00	12164.48	    0.00	87835.52	    0.00	87835.52	0.000	1.366	1.233	11665.10	100		    0.00	    0.00	66255.32	21580.20	0.000	0.000
375.00	12164.48	    0.00	87835.52	    0.00	87835.52	0.000	1.366	1.233	11665.10	100		    0.00	    0.00	66255.32	21580.20	0.000	0.000
376.00	12164.48	    0.00	87835.52	    0.00	87835.52	0.000	1.366	1.233	11665.10	100		    0.00	    0.00	66255.32	21580.20	0.000	0.000
377.00	12164.48	    0.00	87835.52	    0.00	87835.52	0.000	1.366	1.233	11665.10	100		    0.00	    0.00	66255.32	21580.20	0.000	0.000
378.00	12164.48	    0.00	87835.52	    0.00	87835.52	0.000	1.366	1.233	11665.10	100		    0.00	    0.00	66255.32	21580.20	0.000	0.000
379.00	12164.48	    0.00	87835.52	    0.00	87835.52	0.000	1.366	1.233	11665.10	100		    0.00	    0.00	66255.32	21580.20	0.000	0.000
380.00	12164.48	    0.00	87835.52	    0.00	87835.52	0.000	1.366	1.233	11665.10	100		    0.00	    0.00	66255.32	21580.20	0.000	0.000
381.00	12164.48	    0.00	87835.52	    0.00	87835.52	0.000	1.366	1.233	11665.10	100		    0.00	    0.00	66255.32	21580.20	0.000	0.000
382.00	12164.48	    0.00	87835.52	    0.00	87835.52	0.000	1.366	1.233	11665.10	100		    0.00	    0.00	66255.32	21580.20	0.000	0.000
383.00	12164.48	    0.00	87835.52	    0.00	87835.52	0.000	1.366	1.233	11665.10	100		    0.00	    0.00	66255.32	21580.20	0.000	0.000
384.00	12164.48	    0.00	87835.52	    0.00	87835.52	0.000	1.366	1.233	11665.10	100		    0.00	    0.00	66255.32	21580.20	0.000	0.000
385.00	12164.48	    0.00	87835.52	    0.00	87835.52	0.000	1.366	1.233	11665.10	100		    0.00	    0.00	66255.32	21580.20	0.000	0.000
386.00	12164.48	    0.00	87835.52	    0.00	87835.52	0.000	1.366	1.233	11665.10	100		    0.00	    0.00	66255.32	21580.20	0.000	0.000
387.00	12164.48	    0.00	87835.52	    0.00	87835.52	0.000	1.366	1.233	11665.10	100		    0.00	    0.00	66255.32	21580.20	0.000	0.000
388.00	12164.48	    0.00	87835.52	    0.00	87835.52	0.000	1.366	1.233	11665.10	100		    0.00	    0.00	66255.32	21580.20	0.000	0.000
389.00	12164.48	    0.00	87835.52	    0.00	87835.52	0.000	1.366	1.233	11665.10	100		    0.00	    0.00	66255.32	21580.20	0.000	0.000
390.00	12164.48	    0.00	87835.52	    0.00	87835.52	0.000	1.366	1.233	11665.10	100		    0.00	    0.00	66255.32	21580.20	0.000	0.000
391.00	12164.48	    0.00	87835.52	    0.00	87835.52	0.000	1.366	1.233	11665.10	100		    0.00	    0.00	66255.32	21580.20	0.000	0.000
392.00	12164.48	    0.00	87835.52	    0.00	87835.52	0.000	1.366	1.233	11665.10	100		    0.00	    0.00	66255.32	21580.20	0.000	0.000
393.00	12164.48	    0.00	87835.52	    0.00	87835.52	0.000	1.366	1.233	11665.10	100		    0.00	    0.00	66255.32	21580.20	0.000	0.000
394.00	12164.48	    0.00	87835.52	    0.00	87835.52	0.000	1.366	1.233	11665.10	100		    0.00	    0.00	66255.32	21580.20	0.000	0.000
395.00	12164.48	    0.00	87835.52	    0.00	87835.52	0.000	1.366	1.233	11665.10	100		    0.00	    0.00	66255.32	21580.20	0.000	0.000
396.00	12164.48	    0.00	87835.52	    0.00	87835.52	0.000	1.366	1.233	11665.10	100		    0.00	    0.00	66255.32	21580.20	0.000	0.000
397.00	12164.48	    0.00	87835.52	    0.00	87835.52	0.000	1.366	1.233	11665.10	100		    0.00	    0.00	66255.32	21580.20	0.000	0.000
398.00	12164.48	    0.00	87835.52	    0.00	87835.52	0.000	1.366	1.233	11665.10	100		    0.00	    0.00	66255.32	21580.20	0.000	0.000
399.00	12164.48	    0.00	87835.52	    0.00	87835.52	0.000	1.366	1.233	11665.10	100		    0.00	    0.00	66255.32	21580.20	0.000	0.000
400.00	12164.48	    0.00	87835.52	    0.00	87835.52	0.000	1.366	1.233	11665.10	100		    0.00	    0.00	66255.32	21580.20	0.000	0.000
401.00	12164.48	    0.00	87835.52	    0.00	87835.52	0.000	1.366	1.233	11665.10	100		    0.00	    0.00	66255.32	21580.20	0.000	0.000
402.00	12164.48	    0.00	87835.52	    0.00	87835.52	0.000	1.366	1.233	11665.10	100		    0.00	    0.00	66255.32	21580.20	0.000	0.000
403.00	12164.48	    0.00	87835.52	    0.00	87835.52	0.000	1.366	1.233	11665.10	100		    0.00	    0.00	66255.32	21580.20	0.000	0.000
404.00	12164.48	    0.00	87835.52	    0.00	87835.52	0.000	1.366	1.233	11665.10	100		    0.00	    0.00	66255.32	21580.20	0.000	0.000
405.00	12164.48	    0.00	87835.52	    0.00	87835.52	0.000	1.366	1.233	11665.10	100		    0.00	    0.00	66255.32	21580.20	0.000	0.000
406.00	12164.48	    0.00	87835.52	    0.00	87835.52	0.000	1.366	1.233	11665.10	100		    0.00	    0.00	66255.32	21580.20	0.000	0.000
407.00	12164.48	    0.00	87835.52	    0.00	87835.52	0.000	1.366	1.233	11665.10	100		    0.00	    0.00	66255.32	21580.20	0.000	0.000
408.00	12164.48	    0.00	87835.52	    0.00	87835.52	0.000	1.366	1.233	11665.10	100		    0.00	    0.00	66255.32	21580.20	0.000	0.000
409.00	12164.48	    0.00	87835.52	    0.00	87835.52	0.000	1.366	1.233	11665.10	100		    0.00	    0.00	66255.32	21580.20	0.000	0.000
410.00	12164.48	    0.00	87835.52	    0.00	87835.52	0.000	1.366	1.233	11665.10	100		    0.00	    0.00	66255.32	21580.20	0.000	0.000
411.00	12164.48	    0.00	87835.52	    0.00	87835.52	0.000	1.366	1.233	11665.10	100		    0.00	    0.00	66255.32	21580.20	0.000	0.000
412.00	12164.48	    0.00	87835.52	    0.00	87835.52	0.000	1.366	1.233	11665.10	100		    0.00	    0.00	66255.32	21580.20	0.000	0.000
413.00	12164.48	    0.00	87835.52	    0.00	87835.52	0.000	1.366	1.233	11665.10	100		    0.00	    0.00	66255.32	21580.20	0.000	0.000
414.00	12164.48	    0.00	87835.52	    0.00	87835.52	0.000	1.366	1.233	11665.10	100		    0.00	    0.00	66255.32	21580.20	0.000	0.000
415.00	12164.48	    0.00	87835.52	    0.00	87835.52	0.000	1.366	1.233	11665.10	100		    0.00	    0.00	66255.32	21580.20	0.000	0.000
416.00	12164.48	    0.00	87835.52	    0.00	87835.52	0.000	1.366	1.233	11665.10	100		    0.00	    0.00	66255.32	21580.20	0.000	0.000
417.00	12164.48	    0.00	87835.52	    0.00	87835.52	0.000	1.366	1.233	11665.10	100		    0.00	    0.00	66255.32	21580.20	0.000	0.000
418.00	12164.48	    0.00	87835.52	    0.00	87835.52	0.000	1.366	1.233	11665.10	100		    0.00	    0.00	66255.32	21580.20	0.000	0.000
419.00	12164.48	    0.00	87835.52	    0.00	87835.52	0.000	1.366	1.233	11665.10	100		    0.00	    0.00	66255.32	21580.20	0.000	0.000
420.00	12164.48	    0.00	87835.52	    0.00	87835.52	0.000	1.366	1.233	11665.10	100		    0.00	    0.00	66255.32	21580.20	0.000	0.000
421.00	12164.48	    0.00	87835.52	    0.00	87835.52	0.000	1.366	1.233	11665.10	100		    0.00	    0.00	66255.32	21580.20	0.000	0.000
422.00	12164.48	    0.00	87835.52	    0.00	87835.52	0.000	1.366	1.233	11665.10	100		    0.00	    0.00	66255.32	21580.20	0.000	0.000
423.00	12164.48	    0.00	87835.52	    0.00	87835.52	0.000	1.366	1.233	11665.10	100		    0.00	    0.00	66255.32	21580.20	0.000	0.000
424.00	12164.48	    0.00	87835.52	    0.00	87835.52	0.000	1.366	1.233	11665.10	100		    0.00	    0.00	66255.32	21580.20	0.000	0.000
425.00	12164.48	    0.00	87835.52	    0.00	87835.52	0.000	1.366	1.233	11665.10	100		    0.00	    0.00	66255.32	21580.20	0.000	0.000
426.00	12164.48	    0.00	87835.52	    0.00	87835.52	0.000	1.366	1.233	11665.10	100		    0.00	    0.00	66255.32	21580.20	0.000	0.000
427.00	12164.48	    0.00	87835.52	    0.00	87835.52	0.000	1.366	1.233	11665.10	100		    0.00	    0.00	66255.32	21580.20	0.000	0.000
428.00	12164.48	    0.00	87835.52	    0.00	87835.52	0.000	1.366	1.233	11665.10	100		    0.00	    0.00	66255.32	21580.20	0.000	0.000
429.00	12164.48	    0.00	87835.52	    0.00	87835.52	0.000	1.366	1.233	11665.10	100		    0.00	    0.00	66255.32	21580.20	0.000	0.000
430.00	12164.48	    0.00	87835.52	    0.00	87835.52	0.000	1.366	1.233	11665.10	100		    0.00	    0.00	66255.32	21580.20	0.000	0.000
431.00	12164.48	    0.00	87835.52	    0.00	87835.52	0.000	1.366	1.233	11665.10	100		    0.00	    0.00	66255.32	21580.20	0.000	0.000
432.00	12164.48	    0.00	87835.52	    0.00	87835.52	0.000	1.366	1.233	11665.10	100		    0.00	    0.00	66255.32	21580.20	0.000	0.000
433.00	12164.48	    0.00	87835.52	    0.00	87835.52	0.000	1.366	1.233	11665.10	100		    0.00	    0.00	66255.32	21580.20	0.000	0.000
434.00	12164.48	    0.00	87835.52	    0.00	87835.52	0.000	1.366	1.233	11665.10	100		    0.00	    0.00	66255.32	21580.20	0.000	0.000
435.00	12164.48	    0.00	87835.52	    0.00	87835.52	0.000	1.366	1.233	11665.10	100		    0.00	    0.00	66255.32	21580.20	0.000	0.000
436.00	12164.48	    0.00	87835.52	    0.00	87835.52	0.000	1.366	1.233	11665.10	100		    0.00	    0.00	66255.32	21580.20	0.000	0.000
437.00	12164.48	    0.00	87835.52	    0.00	87835.52	0.000	1.366	1.233	11665.10	100		    0.00	    0.00	66255.32	21580.20	0.000	0.000
438.00	12164.48	    0.00	87835.52	    0.00	87835.52	0.000	1.366	1.233	11665.10	100		    0.00	    0.00	66255.32	21580.20	0.000	0.000
439.00	12164.48	    0.00	87835.52	    0.00	87835.52	0.000	1.366	1.233	11665.10	100		    0.00	    0.00	66255.32	21580.20	0.000	0.000
440.00	12164.48	    0.00	87835.52	    0.00	87835.52	0.000	1.366	1.233	11665.10	100		    0.00	    0.00	66255.32	21580.20	0.000	0.000
441.00	12164.48	    0.00	87835.52	    0.00	87835.52	0.000	1.366	1.233	11665.10	100		    0.00	    0.00	66255.32	21580.20	0.000	0.000
442.00	12164.48	    0.00	87835.52	    0.00	87835.52	0.000	1.366	1.233	11665.10	100		    0.00	    0.00	66255.32	21580.20	0.000	0.000
443.00	12164.48	    0.00	87835.52	    0.00	87835.52	0.000	1.366	1.233	11665.10	100		    0.00	    0.00	66255.32	21580.20	0.000	0.000
444.00	12164.48	    0.00	87835.52	    0.00	87835.52	0.000	1.366	1.233	11665.10	100		    0.00	    0.00	66255.32	21580.20	0.000	0.000
445.00	12164.48	    0.00	87835.52	    0.00	87835.52	0.000	1.366	1.233	11665.10	100		    0.00	    0.00	66255.32	21580.20	0.000	0.000
446.00	12164.48	    0.00	87835.52	    0.00	87835.52	0.000	1.366	1.233	11665.10	100		    0.00	    0.00	66255.32	21580.20	0.000	0.000
447.00	12164.48	    0.00	87835.52	    0.00	87835.52	0.000	1.366	1.233	11665.10	100		    0.00	    0.00	66255.32	21580.20	0.000	0.000
448.00	12164.48	    0.00	87835.52	    0.00	87835.52	0.000	1.366	1.233	11665.10	100		    0.00	    0.00	66255.32	21580.20	0.000	0.000
449.00	12164.48	    0.00	87835.52	    0.00	87835.52	0.000	1.366	1.233	11665.10	100		    0.00	    0.00	66255.32	21580.20	0.000	0.000
450.00	12164.48	    0.00	87835.52	    0.00	87835.52	0.000	1.366	1.233	11665.10	100		    0.00	    0.00	66255.32	21580.20	0.000	0.000
451.00	12164.48	    0.00	87835.52	    0.00	87835.52	0.000	1.366	1.233	11665.10	100		    0.00	    0.00	66255.32	21580.20	0.000	0.000
452.00	12164.48	    0.00	87835.52	    0.00	87835.52	0.000	1.366	1.233	11665.10	100		    0.00	    0.00	66255.32	21580.20	0.000	0.000
453.00	12164.48	    0.00	87835.52	    0.00	87835.52	0.000	1.366	1.233	11665.10	100		    0.00	    0.00	66255.32	21580.20	0.000	0.000
454.00	12164.48	    0.00	87835.52	    0.00	87835.52	0.000	1.366	1.233	11665.10	100		    0.00	    0.00	66255.32	21580.20	0.000	0.000
455.00	12164.48	    0.00	87835.52	    0.00	87835.52	0.000	1.366	1.233	11665.10	100		    0.00	    0.00	66255.32	21580.20	0.000	0.000
456.00	12164.48	    0.00	87835.52	    0.00	87835.52	0.000	1.366	1.233	11665.10	100		    0.00	    0.00	66255.32	21580.20	0.000	0.000
457.00	12164.48	    0.00	87835.52	    0.00	87835.52	0.000	1.366	1.233	11665.10	100		    0.00	    0.00	66255.32	21580.20	0.000	0.000
458.00	12164.48	    0.00	87835.52	    0.00	87835.52	0.000	1.366	1.233	11665.10	100		    0.00	    0.00	66255.32	21580.20	0.000	0.000
459.00	12164.48	    0.00	87835.52	    0.00	87835.52	0.000	1.366	1.233	11665.10	100		    0.00	    0.00	66255.32	21580.20	0.000	0.000
460.00	12164.48	    0.00	87835.52	    0.00	87835.52	0.000	1.366	1.233	11665.10	100		    0.00	    0.00	66255.32	21580.20	0.000	0.000
461.00	12164.48	    0.00	87835.52	    0.00	87835.52	0.000	1.366	1.233	11665.10	100		    0.00	    0.00	66255.32	21580.20	0.000	0.000
462.00	12164.48	    0.00	87835.52	    0.00	87835.52	0.000	1.366	1.233	11665.10	100		    0.00	    0.00	66255.32	21580.20	0.000	0.000
463.00	12164.48	    0.00	87835.52	    0.00	87835.52	0.000	1.366	1.233	11665.10	100		    0.00	    0.00	66255.32	21580.20	0.000	0.000
464.00	12164.48	    0.00	87835.52	    0.00	87835.52	0.000	1.366	1.233	11665.10	100		    0.00	    0.00	66255.32	21580.20	0.000	0.000
465.00	12164.48	    0.00	87835.52	    0.00	87835.52	0.000	1.366	1.233	11665.10	100		    0.00	    0.00	66255.32	21580.20	0.000	0.000
466.00	12164.48	    0.00	87835.52	    0.00	87835.52	0.000	1.366	1.233	11665.10	100		    0.00	    0.00	66255.32	21580.20	0.000	0.000
467.00	12164.48	    0.00	87835.52	    0.00	87835.52	0.000	1.366	1.233	11665.10	100		    0.00	    0.00	66255.32	21580.20	0.000	0.000
468.00	12164.48	    0.00	87835.52	    0.00	87835.52	0.000	1.366	1.233	11665.10	100		    0.00	    0.00	66255.32	21580.20	0.000	0.000
469.00	12164.48	    0.00	87835.52	    0.00	87835.52	0.000	1.366	1.233	11665.10	100		    0.00	    0.00	66255.32	21580.20	0.000	0.000
470.00	12164.48	    0.00	87835.52	    0.00	87835.52	0.000	1.366	1.233	11665.10	100		    0.00	    0.00	66255.32	21580.20	0.000	0.000
471.00	12164.48	    0.00	87835.52	    0.00	87835.52	0.000	1.366	1.233	11665.10	100		    0.00	    0.00	66255.32	21580.20	0.000	0.000
472.00	12164.48	    0.00	87835.52	    0.00	87835.52	0.000	1.366	1.233	11665.10	100		    0.00	    0.00	66255.32	21580.20	0.000	0.000
473.00	12164.48	    0.00	87835.52	    0.00	87835.52	0.000	1.366	1.233	11665.10	100		    0.00	    0.00	66255.32	21580.20	0.000	0.000
474.00	12164.48	    0.00	87835.52	    0.00	87835.52	0.000	1.366	1.233	11665.10	100		    0.00	    0.00	66255.32	21580.20	0.000	0.000
475.00	12164.48	    0.00	87835.52	    0.00	87835.52	0.000	1.366	1.233	11665.10	100		    0.00	    0.00	66255.32	21580.20	0.000	0.000
476.00	12164.48	    0.00	87835.52	    0.00	87835.52	0.000	1.366	1.233	11665.10	100		    0.00	    0.00	66255.32	21580.20	0.000	0.000
477.00	12164.48	    0.00	87835.52	    0.00	87835.52	0.000	1.366	1.233	11665.10	100		    0.00	    0.00	66255.32	21580.20	0.000	0.000
478.00	12164.48	    0.00	87835.52	    0.00	87835.52	0.000	1.366	1.233	11665.10	100		    0.00	    0.00	66255.32	21580.20	0.000	0.000
479.00	12164.48	    0.00	87835.52	    0.00	87835.52	0.000	1.366	1.233	11665.10	100		    0.00	    0.00	66255.32	21580.20	0.000	0.000
480.00	12164.48	    0.00	87835.52	    0.00	87835.52	0.000	1.366	1.233	11665.10	100		    0.00	    0.00	66255.32	21580.20	0.000	0.000
481.00	12164.48	    0.00	87835.52	    0.00	87835.52	0.000	1.366	1.233	11665.10	100		    0.00	    0.00	66255.32	21580.20	0.000	0.000
482.00	12164.48	    0.00	87835.52	    0.00	87835.52	0.000	1.366	1.233	11665.10	100		    0.00	    0.00	66255.32	21580.20	0.000	0.000
483.00	12164.48	    0.00	87835.52	    0.00	87835.52	0.000	1.366	1.233	11665.10	100		    0.00	    0.00	66255.32	21580.20	0.000	0.000
484.00	12164.48	    0.00	87835.52	    0.00	87835.52	0.000	1.366	1.233	11665.10	100		    0.00	    0.00	66255.32	21580.20	0.000	0.000
485.00	12164.48	    0.00	87835.52	    0.00	87835.52	0.000	1.366	1.233	11665.10	100		    0.00	    0.00	66255.32	21580.20	0.000	0.000
486.00	12164.48	    0.00	87835.52	    0.00	87835.52	0.000	1.366	1.233	11665.10	100		    0.00	    0.00	66255.32	21580.20	0.000	0.000
487.00	12164.48	    0.00	87835.52	    0.00	87835.52	0.000	1.366	1.233	11665.10	100		    0.00	    0.00	66255.32	21580.20	0.000	0.000
488.00	12164.48	    0.00	87835.52	    0.00	87835.52	0.000	1.366	1.233	11665.10	100		    0.00	    0.00	66255.32	21580.20	0.000	0.000
489.00	12164.48	    0.00	87835.52	    0.00	87835.52	0.000	1.366	1.233	11665.10	100		    0.00	    0.00	66255.32	21580.20	0.000	0.000
490.00	12164.48	    0.00	87835.52	    0.00	87835.52	0.000	1.366	1.233	11665.10	100		    0.00	    0.00	66255.32	21580.20	0.000	0.000
491.00	12164.48	    0.00	87835.52	    0.00	87835.52	0.000	1.366	1.233	11665.10	100		    0.00	    0.00	66255.32	21580.20	0.000	0.000
492.00	12164.48	    0.00	87835.52	    0.00	87835.52	0.000	1.366	1.233	11665.10	100		    0.00	    0.00	66255.32	21580.20	0.000	0.000
493.00	12164.48	    0.00	87835.52	    0.00	87835.52	0.000	1.366	1.233	11665.10	100		    0.00	    0.00	66255.32	21580.20	0.000	0.000
494.00	12164.48	    0.00	87835.52	    0.00	87835.52	0.000	1.366	1.233	11665.10	100		    0.00	    0.00	66255.32	21580.20	0.000	0.000
495.00	12164.48	    0.00	87835.52	    0.00	87835.52	0.000	1.366	1.233	11665.10	100		    0.00	    0.00	66255.32	21580.20	0.000	0.000
496.00	12164.48	    0.00	87835.52	    0.00	87835.52	0.000	1.366	1.233	11665.10	100		    0.00	    0.00	66255.32	21580.20	0.000	0.000
497.00	12164.48	    0.00	87835.52	    0.00	87835.52	0.000	1.366	1.233	11665.10	100		    0.00	    0.00	66255.32	21580.20	0.000	0.000
498.00	12164.48	    0.00	87835.52	    0.00	87835.52	0.000	1.366	1.233	11665.10	100		    0.00	    0.00	66255.32	21580.20	0.000	0.000
499.00	12164.48	    0.00	87835.52	    0.00	87835.52	0.000	1.366	1.233	11665.10	100		    0.00	    0.00	66255.32	21580.20	0.000	0.000
500.00	12164.48	    0.00	87835.52	    0.00	87835.52	0.000	1.366	1.233	11665.10	100		    0.00	    0.00	66255.32	21580.20	0.000	0.000
