0.00	99950.00	   50.00	    0.00	    0.00	   50.00	0.000	1.940	1.940	    0.00	  1	  0	    0.00	    0.00	   29.00	   21.00	0.000	0.000
1.00	99950.00	   50.00	    0.00	    0.00	   50.00	0.000	1.851	1.849	    0.14	 14	  1	    0.00	    0.00	   29.00	   21.00	0.000	0.000
2.00	99949.62	   50.28	    0.10	    0.38	   50.38	2.113	1.990	1.988	    0.10	 68	 14	    0.32	    0.06	   29.32	   21.06	0.846	0.154
3.00	99946.70	   52.01	    1.29	    3.02	   53.30	0.972	2.026	2.024	    0.07	 94	 68	    2.27	    0.76	   31.50	   21.80	0.750	0.250
4.00	99931.44	   62.78	    5.78	   15.46	   68.56	0.304	2.022	2.021	    0.08	100	 94	   11.81	    3.65	   43.16	   25.40	0.764	0.236
5.00	99896.47	   90.83	   12.70	   34.97	  103.53	0.310	2.019	2.017	    0.20	100	100	   26.52	    8.45	   69.68	   33.85	0.758	0.242
6.00	99851.06	  120.81	   28.13	   45.41	  148.94	0.327	2.019	2.016	    0.38	100	100	   34.44	   10.97	  104.12	   44.82	0.758	0.242
7.00	99793.93	  153.97	   52.10	   57.13	  206.07	0.264	2.011	2.008	    0.65	100	100	   43.63	   13.50	  147.75	   58.32	0.764	0.236
8.00	99719.46	  199.47	   81.07	   74.47	  280.54	0.251	2.015	2.011	    1.06	100	100	   56.90	   17.57	  204.65	   75.89	0.764	0.236
9.00	99622.95	  258.64	  118.41	   96.51	  377.05	0.259	2.008	2.003	    1.71	100	100	   73.79	   22.72	  278.44	   98.61	0.765	0.235
10.00	99498.34	  333.05	  168.61	  124.61	  501.66	0.256	2.001	1.995	    3.11	100	100	   95.22	   29.39	  373.66	  128.00	0.764	0.236
11.00	99339.88	  427.45	  232.67	  158.46	  660.12	0.251	2.003	1.995	    5.07	100	100	  121.93	   36.53	  495.59	  164.53	0.769	0.231
12.00	99136.40	  549.20	  314.40	  203.48	  863.60	0.250	1.999	1.990	    8.04	100	100	  155.89	   47.59	  651.48	  212.12	0.766	0.234
13.00	98874.60	  705.00	  420.40	  261.80	 1125.40	0.250	1.991	1.979	   13.33	100	100	  200.99	   60.81	  852.47	  272.93	0.768	0.232
14.00	98538.00	  904.63	  557.37	  336.60	 1462.00	0.250	1.987	1.972	   22.22	100	100	  257.89	   78.71	 1110.36	  351.64	0.766	0.234
15.00	98112.43	 1154.50	  733.07	  425.57	 1887.57	0.247	1.984	1.964	   36.12	100	100	  326.46	   99.11	 1436.82	  450.75	0.767	0.233
16.00	97565.09	 1477.56	  957.35	  547.34	 2434.91	0.245	1.981	1.957	   60.09	100	100	  419.64	  127.70	 1856.46	  578.45	0.767	0.233
17.00	96870.27	 1885.38	 1244.35	  694.82	 3129.73	0.245	1.974	1.943	   97.35	100	100	  530.75	  164.07	 2387.21	  742.52	0.764	0.236
18.00	95994.51	 2387.48	 1618.01	  875.76	 4005.49	0.240	1.962	1.924	  154.70	100	100	  672.38	  203.38	 3059.59	  945.90	0.768	0.232
19.00	94884.66	 3026.96	 2088.38	 1109.85	 5115.34	0.237	1.951	1.903	  245.31	100	100	  851.83	  258.02	 3911.42	 1203.92	0.768	0.232
20.00	93489.84	 3813.47	 2696.69	 1394.82	 6510.16	0.234	1.936	1.877	  385.84	100	100	 1068.98	  325.84	 4980.40	 1529.76	0.766	0.234
21.00	91768.54	 4753.18	 3478.28	 1721.30	 8231.46	0.226	1.920	1.847	  595.65	100	100	 1323.10	  398.20	 6303.50	 1927.96	0.769	0.231
22.00	89651.68	 5892.78	 4455.54	 2116.86	10348.32	0.218	1.897	1.810	  901.73	100	100	 1625.14	  491.72	 7928.64	 2419.68	0.768	0.232
23.00	87067.78	 7240.58	 5691.64	 2583.90	12932.22	0.210	1.873	1.768	 1347.12	100	100	 1977.83	  606.07	 9906.47	 3025.75	0.765	0.235
24.00	83965.17	 8785.88	 7248.95	 3102.61	16034.83	0.200	1.842	1.720	 1961.80	100	100	 2385.08	  717.53	12291.55	 3743.28	0.769	0.231
25.00	80322.25	10480.57	 9197.18	 3642.92	19677.75	0.185	1.807	1.665	 2778.89	100	100	 2795.09	  847.83	15086.64	 4591.11	0.767	0.233
26.00	76119.31	12272.87	11607.82	 4202.94	23880.69	0.167	1.765	1.605	 3812.19	100	100	 3227.62	  975.32	18314.26	 5566.43	0.768	0.232
27.00	71384.48	14071.65	14543.87	 4734.83	28615.52	0.147	1.718	1.542	 5047.51	100	100	 3639.36	 1095.47	21953.62	 6661.90	0.769	0.231
28.00	66222.57	15693.61	18083.82	 5161.91	33777.43	0.123	1.667	1.476	 6442.56	100	100	 3967.25	 1194.66	25920.87	 7856.56	0.769	0.231
29.00	60788.64	16951.26	22260.10	 5433.93	39211.36	0.093	1.613	1.412	 7904.16	100	100	 4180.74	 1253.19	30101.61	 9109.75	0.769	0.231
30.00	55198.06	17748.43	27053.51	 5590.58	44801.94	0.062	1.558	1.350	 9351.45	100	100	 4304.85	 1285.73	34406.46	10395.48	0.770	0.230
31.00	49784.26	17791.48	32424.26	 5413.80	50215.74	0.024	1.505	1.293	10652.53	100	100	 4177.30	 1236.50	38583.76	11631.98	0.772	0.228
32.00	44632.41	17225.62	38141.97	 5151.85	55367.59	-0.015	1.454	1.242	11765.15	100	100	 3975.83	 1176.02	42559.59	12808.00	0.772	0.228
33.00	39959.69	15956.11	44084.20	 4672.72	60040.31	-0.054	1.408	1.198	12639.64	100	100	 3611.09	 1061.63	46170.68	13869.63	0.773	0.227
34.00	35864.51	14189.39	49946.10	 4095.18	64135.49	-0.097	1.367	1.160	13283.52	100	100	 3162.78	  932.40	49333.46	14802.03	0.772	0.228
35.00	32391.27	12117.26	55491.47	 3473.24	67608.73	-0.138	1.333	1.130	13737.26	100	100	 2687.54	  785.70	52021.00	15587.73	0.774	0.226
36.00	29532.75	 9993.77	60473.48	 2858.52	70467.25	-0.175	1.305	1.105	14033.77	100	100	 2213.22	  645.30	54234.22	16233.03	0.774	0.226
37.00	27220.76	 8011.66	64767.58	 2311.99	72779.24	-0.207	1.282	1.086	14222.02	100	100	 1790.67	  521.32	56024.89	16754.35	0.775	0.225
38.00	25412.33	 6230.84	68356.83	 1808.43	74587.67	-0.236	1.264	1.072	14336.28	100	100	 1402.24	  406.19	57427.13	17160.54	0.775	0.225
39.00	23997.27	 4772.61	71230.12	 1415.06	76002.73	-0.259	1.250	1.060	14406.13	100	100	 1096.48	  318.58	58523.61	17479.12	0.775	0.225
40.00	22911.56	 3599.73	73488.71	 1085.71	77088.44	-0.274	1.239	1.052	14447.21	100	100	  842.53	  243.18	59366.14	17722.30	0.776	0.224
41.00	22088.35	 2689.31	75222.34	  823.21	77911.65	-0.287	1.231	1.045	14470.74	100	100	  639.36	  183.85	60005.50	17906.15	0.777	0.223
42.00	21467.54	 1999.35	76533.11	  620.81	78532.46	-0.294	1.225	1.040	14483.83	100	100	  482.87	  137.94	60488.37	18044.09	0.778	0.222
43.00	20998.48	 1482.68	77518.84	  469.06	79001.52	-0.298	1.220	1.036	14490.84	100	100	  363.55	  105.51	60851.92	18149.60	0.775	0.225
44.00	20650.73	 1091.86	78257.41	  347.75	79349.27	-0.302	1.216	1.034	14495.23	100	100	  271.18	   76.57	61123.10	18226.17	0.780	0.220
45.00	20388.64	  810.24	78801.12	  262.09	79611.36	-0.302	1.214	1.032	14497.49	100	100	  202.22	   59.87	61325.32	18286.04	0.772	0.228
46.00	20190.91	  600.95	79208.14	  197.73	79809.09	-0.299	1.212	1.030	14498.80	100	100	  153.47	   44.26	61478.79	18330.30	0.776	0.224
47.00	20047.06	  439.41	79513.53	  143.85	79952.94	-0.306	1.210	1.029	14499.43	100	100	  111.99	   31.86	61590.78	18362.16	0.779	0.221
48.00	19940.40	  325.30	79734.30	  106.66	80059.60	-0.307	1.209	1.028	14499.84	100	100	   82.54	   24.12	61673.32	18386.28	0.774	0.226
49.00	19860.25	  241.87	79897.88	   80.15	80139.75	-0.299	1.209	1.028	14500.08	100	100	   62.83	   17.32	61736.15	18403.60	0.784	0.216
50.00	19801.94	  176.85	80021.21	   58.31	80198.06	-0.305	1.208	1.027	14500.20	100	100	   45.36	   12.95	61781.51	18416.55	0.778	0.222
51.00	19758.27	  131.04	80110.69	   43.67	80241.73	-0.306	1.208	1.027	14500.28	100	100	   34.34	    9.33	61815.85	18425.88	0.786	0.214
52.00	19726.17	   96.52	80177.31	   32.10	80273.83	-0.303	1.207	1.027	14500.32	100	100	   24.81	    7.29	61840.66	18433.17	0.773	0.227
53.00	19701.71	   72.34	80225.95	   24.46	80298.29	-0.297	1.207	1.026	14500.34	100	100	   19.19	    5.27	61859.85	18438.44	0.785	0.215
54.00	19684.16	   52.56	80263.28	   17.55	80315.84	-0.304	1.207	1.026	14500.34	100	100	   13.69	    3.86	61873.54	18442.30	0.780	0.220
55.00	19670.75	   39.72	80289.53	   13.41	80329.25	-0.300	1.207	1.026	14500.34	100	100	   10.38	    3.03	61883.92	18445.33	0.774	0.226
56.00	19661.34	   28.67	80309.99	    9.41	80338.66	-0.303	1.207	1.026	14500.34	100	100	    7.36	    2.05	61891.28	18447.38	0.782	0.218
57.00	19654.20	   21.55	80324.25	    7.14	80345.80	-0.306	1.207	1.026	14500.34	100	100	    5.41	    1.73	61896.69	18449.11	0.758	0.242
58.00	19648.59	   16.17	80335.24	    5.61	80351.41	-0.286	1.206	1.026	14500.34	100	100	    4.28	    1.33	61900.97	18450.44	0.763	0.237
59.00	19644.58	   11.88	80343.54	    4.01	80355.42	-0.298	1.206	1.026	14500.34	100	100	    3.12	    0.89	61904.09	18451.33	0.778	0.222
60.00	19641.68	    8.72	80349.60	    2.90	80358.32	-0.309	1.206	1.026	14500.34	100	100	    2.22	    0.68	61906.31	18452.01	0.766	0.234
61.00	19639.60	    6.47	80353.93	    2.08	80360.40	-0.304	1.206	1.026	14500.34	100	100	    1.56	    0.52	61907.87	18452.53	0.750	0.250
62.00	19637.97	    4.96	80357.07	    1.63	80362.03	-0.282	1.206	1.026	14500.34	100	100	    1.30	    0.33	61909.17	18452.86	0.798	0.202
63.00	19636.58	    3.97	80359.45	    1.39	80363.42	-0.244	1.206	1.026	14500.34	100	100	    1.11	    0.28	61910.28	18453.14	0.799	0.201
64.00	19635.64	    2.77	80361.59	    0.94	80364.36	-0.291	1.206	1.026	14500.34	100	100	    0.72	    0.22	61911.00	18453.36	0.766	0.234
65.00	19634.93	    2.05	80363.02	    0.71	80365.07	-0.330	1.206	1.026	14500.34	100	100	    0.48	    0.23	61911.48	18453.59	0.676	0.324
66.00	19634.46	    1.49	80364.05	    0.47	80365.54	-0.310	1.206	1.026	14500.34	100	100	    0.36	    0.11	61911.84	18453.70	0.766	0.234
67.00	19634.01	    1.27	80364.72	    0.45	80365.99	-0.239	1.206	1.026	14500.34	100	100	    0.35	    0.10	61912.19	18453.80	0.778	0.222
68.00	19633.71	    1.00	80365.29	    0.30	80366.29	-0.199	1.206	1.026	14500.34	100	100	    0.25	    0.05	61912.44	18453.85	0.833	0.167
69.00	19633.48	    0.81	80365.71	    0.23	80366.52	-0.225	1.206	1.026	14500.34	100	100	    0.17	    0.06	61912.61	18453.91	0.739	0.261
70.00	19633.28	    0.65	80366.07	    0.20	80366.72	-0.215	1.206	1.026	14500.34	100	100	    0.17	    0.03	61912.78	18453.94	0.850	0.150
71.00	19633.10	    0.52	80366.38	    0.18	80366.90	-0.222	1.206	1.026	14500.34	100	100	    0.14	    0.04	61912.92	18453.98	0.778	0.222
72.00	19632.97	    0.36	80366.67	    0.13	80367.03	-0.295	1.206	1.026	14500.34	100	100	    0.12	    0.01	61913.04	18453.99	0.923	0.077
73.00	19632.87	    0.27	80366.86	    0.10	80367.13	-0.328	1.206	1.026	14500.34	100	100	    0.07	    0.03	61913.11	18454.02	0.700	0.300
74.00	19632.82	    0.18	80367.00	    0.05	80367.18	-0.347	1.206	1.026	14500.34	100	100	    0.04	    0.01	61913.15	18454.03	0.800	0.200
75.00	19632.80	    0.12	80367.08	    0.02	80367.20	-0.405	1.206	1.026	14500.34	100	100	    0.01	    0.01	61913.16	18454.04	0.500	0.500
76.00	19632.74	    0.15	80367.11	    0.06	80367.26	-0.091	1.206	1.026	14500.34	100	100	    0.05	    0.01	61913.21	18454.05	0.833	0.167
77.00	19632.72	    0.07	80367.21	    0.02	80367.28	-0.269	1.206	1.026	14500.34	100	100	    0.02	    0.00	61913.23	18454.05	1.000	0.000
78.00	19632.71	    0.04	80367.25	    0.01	80367.29	-0.661	1.206	1.026	14500.34	100	100	    0.00	    0.01	61913.23	18454.06	0.000	1.000
79.00	19632.69	    0.04	80367.27	    0.02	80367.31	-0.280	1.206	1.026	14500.34	100	100	    0.01	    0.01	61913.24	18454.07	0.500	0.500
80.00	19632.69	    0.01	80367.30	    0.00	80367.31	-0.693	1.206	1.026	14500.34	100	100	    0.00	    0.00	61913.24	18454.07	0.000	0.000
81.00	19632.68	    0.02	80367.30	    0.01	80367.32	-0.347	1.206	1.026	14500.34	100	100	    0.01	    0.00	61913.25	18454.07	1.000	0.000
82.00	19632.68	    0.01	80367.31	    0.00	80367.32	0.000	1.206	1.026	14500.34	100	100	    0.00	    0.00	61913.25	18454.07	0.000	0.000
83.00	19632.68	    0.01	80367.31	    0.00	80367.32	-0.347	1.206	1.026	14500.34	100	100	    0.00	    0.00	61913.25	18454.07	0.000	0.000
84.00	19632.68	    0.01	80367.31	    0.00	80367.32	0.000	1.206	1.026	14500.34	100	100	    0.00	    0.00	61913.25	18454.07	0.000	0.000
85.00	19632.68	    0.01	80367.31	    0.00	80367.32	0.000	1.206	1.026	14500.34	100	100	    0.00	    0.00	61913.25	18454.07	0.000	0.000
86.00	19632.68	    0.01	80367.31	    0.00	80367.32	0.000	1.206	1.026	14500.34	100	100	    0.00	    0.00	61913.25	18454.07	0.000	0.000
87.00	19632.67	    0.02	80367.31	    0.01	80367.33	0.347	1.206	1.026	14500.34	100	100	    0.01	    0.00	61913.26	18454.07	1.000	0.000
88.00	19632.67	    0.00	80367.33	    0.00	80367.33	0.000	1.206	1.026	14500.34	100	100	    0.00	    0.00	61913.26	18454.07	0.000	0.000
89.00	19632.67	    0.00	80367.33	    0.00	80367.33	-0.347	1.206	1.026	14500.34	100	100	    0.00	    0.00	61913.26	18454.07	0.000	0.000
90.00	19632.67	    0.00	80367.33	    0.00	80367.33	0.000	1.206	1.026	14500.34	100	100	    0.00	    0.00	61913.26	18454.07	0.000	0.000
91.00	19632.67	    0.00	80367.33	    0.00	80367.33	0.000	1.206	1.026	14500.34	100	100	    0.00	    0.00	61913.26	18454.07	0.000	0.000
92.00	19632.67	    0.00	80367.33	    0.00	80367.33	0.000	1.206	1.026	14500.34	100	100	    0.00	    0.00	61913.26	18454.07	0.000	0.000
93.00	19632.67	    0.00	80367.33	    0.00	80367.33	0.000	1.206	1.026	14500.34	100	100	    0.00	    0.00	61913.26	18454.07	0.000	0.000
94.00	19632.67	    0.00	80367.33	    0.00	80367.33	0.000	1.206	1.026	14500.34	100	100	    0.00	    0.00	61913.26	18454.07	0.000	0.000
95.00	19632.67	    0.00	80367.33	    0.00	80367.33	0.000	1.206	1.026	14500.34	100	100	    0.00	    0.00	61913.26	18454.07	0.000	0.000
96.00	19632.67	    0.00	80367.33	    0.00	80367.33	0.000	1.206	1.026	14500.34	100	100	    0.00	    0.00	61913.26	18454.07	0.000	0.000
97.00	19632.67	    0.00	80367.33	    0.00	80367.33	0.000	1.206	1.026	14500.34	100	100	    0.00	    0.00	61913.26	18454.07	0.000	0.000
98.00	19632.67	    0.00	80367.33	    0.00	80367.33	0.000	1.206	1.026	14500.34	100	100	    0.00	    0.00	61913.26	18454.07	0.000	0.000
99.00	19632.67	    0.00	80367.33	    0.00	80367.33	0.000	1.206	1.026	14500.34	100	100	    0.00	    0.00	61913.26	18454.07	0.000	0.000
100.00	19632.67	    0.00	80367.33	    0.00	80367.33	0.000	1.206	1.026	14500.34	100	100	    0.00	    0.00	61913.26	18454.07	0.000	0.000
101.00	19632.67	    0.00	80367.33	    0.00	80367.33	0.000	1.206	1.026	14500.34	100	100	    0.00	    0.00	61913.26	18454.07	0.000	0.000
102.00	19632.67	    0.00	80367.33	    0.00	80367.33	0.000	1.206	1.026	14500.34	100	100	    0.00	    0.00	61913.26	18454.07	0.000	0.000
103.00	19632.67	    0.00	80367.33	    0.00	80367.33	0.000	1.206	1.026	14500.34	100	100	    0.00	    0.00	61913.26	18454.07	0.000	0.000
104.00	19632.67	    0.00	80367.33	    0.00	80367.33	0.000	1.206	1.026	14500.34	100	100	    0.00	    0.00	61913.26	18454.07	0.000	0.000
105.00	19632.67	    0.00	80367.33	    0.00	80367.33	0.000	1.206	1.026	14500.34	100	100	    0.00	    0.00	61913.26	18454.07	0.000	0.000
106.00	19632.67	    0.00	80367.33	    0.00	80367.33	0.000	1.206	1.026	14500.34	100	100	    0.00	    0.00	61913.26	18454.07	0.000	0.000
107.00	19632.67	    0.00	80367.33	    0.00	80367.33	0.000	1.206	1.026	14500.34	100	100	    0.00	    0.00	61913.26	18454.07	0.000	0.000
108.00	19632.67	    0.00	80367.33	    0.00	80367.33	0.000	1.206	1.026	14500.34	100	100	    0.00	    0.00	61913.26	18454.07	0.000	0.000
109.00	19632.67	    0.00	80367.33	    0.00	80367.33	0.000	1.206	1.026	14500.34	100	100	    0.00	    0.00	61913.26	18454.07	0.000	0.000
110.00	19632.67	    0.00	80367.33	    0.00	80367.33	0.000	1.206	1.026	14500.34	100	100	    0.00	    0.00	61913.26	18454.07	0.000	0.000
111.00	19632.67	    0.00	80367.33	    0.00	80367.33	0.000	1.206	1.026	14500.34	100	100	    0.00	    0.00	61913.26	18454.07	0.000	0.000
112.00	19632.67	    0.00	80367.33	    0.00	80367.33	0.000	1.206	1.026	14500.34	100	100	    0.00	    0.00	61913.26	18454.07	0.000	0.000
113.00	19632.67	    0.00	80367.33	    0.00	80367.33	0.000	1.206	1.026	14500.34	100	100	    0.00	    0.00	61913.26	18454.07	0.000	0.000
114.00	19632.67	    0.00	80367.33	    0.00	80367.33	0.000	1.206	1.026	14500.34	100	100	    0.00	    0.00	61913.26	18454.07	0.000	0.000
115.00	19632.67	    0.00	80367.33	    0.00	80367.33	0.000	1.206	1.026	14500.34	100	100	    0.00	    0.00	61913.26	18454.07	0.000	0.000
116.00	19632.67	    0.00	80367.33	    0.00	80367.33	0.000	1.206	1.026	14500.34	100	100	    0.00	    0.00	61913.26	18454.07	0.000	0.000
117.00	19632.67	    0.00	80367.33	    0.00	80367.33	0.000	1.206	1.026	14500.34	100	100	    0.00	    0.00	61913.26	18454.07	0.000	0.000
118.00	19632.67	    0.00	80367.33	    0.00	80367.33	0.000	1.206	1.026	14500.34	100	100	    0.00	    0.00	61913.26	18454.07	0.000	0.000
119.00	19632.67	    0.00	80367.33	    0.00	80367.33	0.000	1.206	1.026	14500.34	100	100	    0.00	    0.00	61913.26	18454.07	0.000	0.000
120.00	19632.67	    0.00	80367.33	    0.00	80367.33	0.000	1.206	1.026	14500.34	100	100	    0.00	    0.00	61913.26	18454.07	0.000	0.000
121.00	19632.67	    0.00	80367.33	    0.00	80367.33	0.000	1.206	1.026	14500.34	100	100	    0.00	    0.00	61913.26	18454.07	0.000	0.000
122.00	19632.67	    0.00	80367.33	    0.00	80367.33	0.000	1.206	1.026	14500.34	100	100	    0.00	    0.00	61913.26	18454.07	0.000	0.000
123.00	19632.67	    0.00	80367.33	    0.00	80367.33	0.000	1.206	1.026	14500.34	100	100	    0.00	    0.00	61913.26	18454.07	0.000	0.000
124.00	19632.67	    0.00	80367.33	    0.00	80367.33	0.000	1.206	1.026	14500.34	100	100	    0.00	    0.00	61913.26	18454.07	0.000	0.000
125.00	19632.67	    0.00	80367.33	    0.00	80367.33	0.000	1.206	1.026	14500.34	100	100	    0.00	    0.00	61913.26	18454.07	0.000	0.000
126.00	19632.67	    0.00	80367.33	    0.00	80367.33	0.000	1.206	1.026	14500.34	100	100	    0.00	    0.00	61913.26	18454.07	0.000	0.000
127.00	19632.67	    0.00	80367.33	    0.00	80367.33	0.000	1.206	1.026	14500.34	100	100	    0.00	    0.00	61913.26	18454.07	0.000	0.000
128.00	19632.67	    0.00	80367.33	    0.00	80367.33	0.000	1.206	1.026	14500.34	100	100	    0.00	    0.00	61913.26	18454.07	0.000	0.000
129.00	19632.67	    0.00	80367.33	    0.00	80367.33	0.000	1.206	1.026	14500.34	100	100	    0.00	    0.00	61913.26	18454.07	0.000	0.000
130.00	19632.67	    0.00	80367.33	    0.00	80367.33	0.000	1.206	1.026	14500.34	100	100	    0.00	    0.00	61913.26	18454.07	0.000	0.000
131.00	19632.67	    0.00	80367.33	    0.00	80367.33	0.000	1.206	1.026	14500.34	100	100	    0.00	    0.00	61913.26	18454.07	0.000	0.000
132.00	19632.67	    0.00	80367.33	    0.00	80367.33	0.000	1.206	1.026	14500.34	100	100	    0.00	    0.00	61913.26	18454.07	0.000	0.000
133.00	19632.67	    0.00	80367.33	    0.00	80367.33	0.000	1.206	1.026	14500.34	100	100	    0.00	    0.00	61913.26	18454.07	0.000	0.000
134.00	19632.67	    0.00	80367.33	    0.00	80367.33	0.000	1.206	1.026	14500.34	100	100	    0.00	    0.00	61913.26	18454.07	0.000	0.000
135.00	19632.67	    0.00	80367.33	    0.00	80367.33	0.000	1.206	1.026	14500.34	100	100	    0.00	    0.00	61913.26	18454.07	0.000	0.000
136.00	19632.67	    0.00	80367.33	    0.00	80367.33	0.000	1.206	1.026	14500.34	100	100	    0.00	    0.00	61913.26	18454.07	0.000	0.000
137.00	19632.67	    0.00	80367.33	    0.00	80367.33	0.000	1.206	1.026	14500.34	100	100	    0.00	    0.00	61913.26	18454.07	0.000	0.000
138.00	19632.67	    0.00	80367.33	    0.00	80367.33	0.000	1.206	1.026	14500.34	100	100	    0.00	    0.00	61913.26	18454.07	0.000	0.000
139.00	19632.67	    0.00	80367.33	    0.00	80367.33	0.000	1.206	1.026	14500.34	100	100	    0.00	    0.00	61913.26	18454.07	0.000	0.000
140.00	19632.67	    0.00	80367.33	    0.00	80367.33	0.000	1.206	1.026	14500.34	100	100	    0.00	    0.00	61913.26	18454.07	0.000	0.000
141.00	19632.67	    0.00	80367.33	    0.00	80367.33	0.000	1.206	1.026	14500.34	100	100	    0.00	    0.00	61913.26	18454.07	0.000	0.000
142.00	19632.67	    0.00	80367.33	    0.00	80367.33	0.000	1.206	1.026	14500.34	100	100	    0.00	    0.00	61913.26	18454.07	0.000	0.000
143.00	19632.67	    0.00	80367.33	    0.00	80367.33	0.000	1.206	1.026	14500.34	100	100	    0.00	    0.00	61913.26	18454.07	0.000	0.000
144.00	19632.67	    0.00	80367.33	    0.00	80367.33	0.000	1.206	1.026	14500.34	100	100	    0.00	    0.00	61913.26	18454.07	0.000	0.000
145.00	19632.67	    0.00	80367.33	    0.00	80367.33	0.000	1.206	1.026	14500.34	100	100	    0.00	    0.00	61913.26	18454.07	0.000	0.000
146.00	19632.67	    0.00	80367.33	    0.00	80367.33	0.000	1.206	1.026	14500.34	100	100	    0.00	    0.00	61913.26	18454.07	0.000	0.000
147.00	19632.67	    0.00	80367.33	    0.00	80367.33	0.000	1.206	1.026	14500.34	100	100	    0.00	    0.00	61913.26	18454.07	0.000	0.000
148.00	19632.67	    0.00	80367.33	    0.00	80367.33	0.000	1.206	1.026	14500.34	100	100	    0.00	    0.00	61913.26	18454.07	0.000	0.000
149.00	19632.67	    0.00	80367.33	    0.00	80367.33	0.000	1.206	1.026	14500.34	100	100	    0.00	    0.00	61913.26	18454.07	0.000	0.000
150.00	19632.67	    0.00	80367.33	    0.00	80367.33	0.000	1.206	1.026	14500.34	100	100	    0.00	    0.00	61913.26	18454.07	0.000	0.000
151.00	19632.67	    0.00	80367.33	    0.00	80367.33	0.000	1.206	1.026	14500.34	100	100	    0.00	    0.00	61913.26	18454.07	0.000	0.000
152.00	19632.67	    0.00	80367.33	    0.00	80367.33	0.000	1.206	1.026	14500.34	100	100	    0.00	    0.00	61913.26	18454.07	0.000	0.000
153.00	19632.67	    0.00	80367.33	    0.00	80367.33	0.000	1.206	1.026	14500.34	100	100	    0.00	    0.00	61913.26	18454.07	0.000	0.000
154.00	19632.67	    0.00	80367.33	    0.00	80367.33	0.000	1.206	1.026	14500.34	100	100	    0.00	    0.00	61913.26	18454.07	0.000	0.000
155.00	19632.67	    0.00	80367.33	    0.00	80367.33	0.000	1.206	1.026	14500.34	100	100	    0.00	    0.00	61913.26	18454.07	0.000	0.000
156.00	19632.67	    0.00	80367.33	    0.00	80367.33	0.000	1.206	1.026	14500.34	100	100	    0.00	    0.00	61913.26	18454.07	0.000	0.000
157.00	19632.67	    0.00	80367.33	    0.00	80367.33	0.000	1.206	1.026	14500.34	100	100	    0.00	    0.00	61913.26	18454.07	0.000	0.000
158.00	19632.67	    0.00	80367.33	    0.00	80367.33	0.000	1.206	1.026	14500.34	100	100	    0.00	    0.00	61913.26	18454.07	0.000	0.000
159.00	19632.67	    0.00	80367.33	    0.00	80367.33	0.000	1.206	1.026	14500.34	100	100	    0.00	    0.00	61913.26	18454.07	0.000	0.000
160.00	19632.67	    0.00	80367.33	    0.00	80367.33	0.000	1.206	1.026	14500.34	100	100	    0.00	    0.00	61913.26	18454.07	0.000	0.000
161.00	19632.67	    0.00	80367.33	    0.00	80367.33	0.000	1.206	1.026	14500.34	100	100	    0.00	    0.00	61913.26	18454.07	0.000	0.000
162.00	19632.67	    0.00	80367.33	    0.00	80367.33	0.000	1.206	1.026	14500.34	100	100	    0.00	    0.00	61913.26	18454.07	0.000	0.000
163.00	19632.67	    0.00	80367.33	    0.00	80367.33	0.000	1.206	1.026	14500.34	100	100	    0.00	    0.00	61913.26	18454.07	0.000	0.000
164.00	19632.67	    0.00	80367.33	    0.00	80367.33	0.000	1.206	1.026	14500.34	100	100	    0.00	    0.00	61913.26	18454.07	0.000	0.000
165.00	19632.67	    0.00	80367.33	    0.00	80367.33	0.000	1.206	1.026	14500.34	100	100	    0.00	    0.00	61913.26	18454.07	0.000	0.000
166.00	19632.67	    0.00	80367.33	    0.00	80367.33	0.000	1.206	1.026	14500.34	100	100	    0.00	    0.00	61913.26	18454.07	0.000	0.000
167.00	19632.67	    0.00	80367.33	    0.00	80367.33	0.000	1.206	1.026	14500.34	100	100	    0.00	    0.00	61913.26	18454.07	0.000	0.000
168.00	19632.67	    0.00	80367.33	    0.00	80367.33	0.000	1.206	1.026	14500.34	100	100	    0.00	    0.00	61913.26	18454.07	0.000	0.000
169.00	19632.67	    0.00	80367.33	    0.00	80367.33	0.000	1.206	1.026	14500.34	100	100	    0.00	    0.00	61913.26	18454.07	0.000	0.000
170.00	19632.67	    0.00	80367.33	    0.00	80367.33	0.000	1.206	1.026	14500.34	100	100	    0.00	    0.00	61913.26	18454.07	0.000	0.000
171.00	19632.67	    0.00	80367.33	    0.00	80367.33	0.000	1.206	1.026	14500.34	100	100	    0.00	    0.00	61913.26	18454.07	0.000	0.000
172.00	19632.67	    0.00	80367.33	    0.00	80367.33	0.000	1.206	1.026	14500.34	100	100	    0.00	    0.00	61913.26	18454.07	0.000	0.000
173.00	19632.67	    0.00	80367.33	    0.00	80367.33	0.000	1.206	1.026	14500.34	100	100	    0.00	    0.00	61913.26	18454.07	0.000	0.000
174.00	19632.67	    0.00	80367.33	    0.00	80367.33	0.000	1.206	1.026	14500.34	100	100	    0.00	    0.00	61913.26	18454.07	0.000	0.000
175.00	19632.67	    0.00	80367.33	    0.00	80367.33	0.000	1.206	1.026	14500.34	100	100	    0.00	    0.00	61913.26	18454.07	0.000	0.000
176.00	19632.67	    0.00	80367.33	    0.00	80367.33	0.000	1.206	1.026	14500.34	100	100	    0.00	    0.00	61913.26	18454.07	0.000	0.000
177.00	19632.67	    0.00	80367.33	    0.00	80367.33	0.000	1.206	1.026	14500.34	100	100	    0.00	    0.00	61913.26	18454.07	0.000	0.000
178.00	19632.67	    0.00	80367.33	    0.00	80367.33	0.000	1.206	1.026	14500.34	100	100	    0.00	    0.00	61913.26	18454.07	0.000	0.000
179.00	19632.67	    0.00	80367.33	    0.00	80367.33	0.000	1.206	1.026	14500.34	100	100	    0.00	    0.00	61913.26	18454.07	0.000	0.000
180.00	19632.67	    0.00	80367.33	    0.00	80367.33	0.000	1.206	1.026	14500.34	100	100	    0.00	    0.00	61913.26	18454.07	0.000	0.000
181.00	19632.67	    0.00	80367.33	    0.00	80367.33	0.000	1.206	1.026	14500.34	100	100	    0.00	    0.00	61913.26	18454.07	0.000	0.000
182.00	19632.67	    0.00	80367.33	    0.00	80367.33	0.000	1.206	1.026	14500.34	100	100	    0.00	    0.00	61913.26	18454.07	0.000	0.000
183.00	19632.67	    0.00	80367.33	    0.00	80367.33	0.000	1.206	1.026	14500.34	100	100	    0.00	    0.00	61913.26	18454.07	0.000	0.000
184.00	19632.67	    0.00	80367.33	    0.00	80367.33	0.000	1.206	1.026	14500.34	100	100	    0.00	    0.00	61913.26	18454.07	0.000	0.000
185.00	19632.67	    0.00	80367.33	    0.00	80367.33	0.000	1.206	1.026	14500.34	100	100	    0.00	    0.00	61913.26	18454.07	0.000	0.000
186.00	19632.67	    0.00	80367.33	    0.00	80367.33	0.000	1.206	1.026	14500.34	100	100	    0.00	    0.00	61913.26	18454.07	0.000	0.000
187.00	19632.67	    0.00	80367.33	    0.00	80367.33	0.000	1.206	1.026	14500.34	100	100	    0.00	    0.00	61913.26	18454.07	0.000	0.000
188.00	19632.67	    0.00	80367.33	    0.00	80367.33	0.000	1.206	1.026	14500.34	100	100	    0.00	    0.00	61913.26	18454.07	0.000	0.000
189.00	19632.67	    0.00	80367.33	    0.00	80367.33	0.000	1.206	1.026	14500.34	100	100	    0.00	    0.00	61913.26	18454.07	0.000	0.000
190.00	19632.67	    0.00	80367.33	    0.00	80367.33	0.000	1.206	1.026	14500.34	100	100	    0.00	    0.00	61913.26	18454.07	0.000	0.000
191.00	19632.67	    0.00	80367.33	    0.00	80367.33	0.000	1.206	1.026	14500.34	100	100	    0.00	    0.00	61913.26	18454.07	0.000	0.000
192.00	19632.67	    0.00	80367.33	    0.00	80367.33	0.000	1.206	1.026	14500.34	100	100	    0.00	    0.00	61913.26	18454.07	0.000	0.000
193.00	19632.67	    0.00	80367.33	    0.00	80367.33	0.000	1.206	1.026	14500.34	100	100	    0.00	    0.00	61913.26	18454.07	0.000	0.000
194.00	19632.67	    0.00	80367.33	    0.00	80367.33	0.000	1.206	1.026	14500.34	100	100	    0.00	    0.00	61913.26	18454.07	0.000	0.000
195.00	19632.67	    0.00	80367.33	    0.00	80367.33	0.000	1.206	1.026	14500.34	100	100	    0.00	    0.00	61913.26	18454.07	0.000	0.000
196.00	19632.67	    0.00	80367.33	    0.00	80367.33	0.000	1.206	1.026	14500.34	100	100	    0.00	    0.00	61913.26	18454.07	0.000	0.000
197.00	19632.67	    0.00	80367.33	    0.00	80367.33	0.000	1.206	1.026	14500.34	100	100	    0.00	    0.00	61913.26	18454.07	0.000	0.000
198.00	19632.67	    0.00	80367.33	    0.00	80367.33	0.000	1.206	1.026	14500.34	100	100	    0.00	    0.00	61913.26	18454.07	0.000	0.000
199.00	19632.67	    0.00	80367.33	    0.00	80367.33	0.000	1.206	1.026	14500.34	100	100	    0.00	    0.00	61913.26	18454.07	0.000	0.000
200.00	19632.67	    0.00	80367.33	    0.00	80367.33	0.000	1.206	1.026	14500.34	100	100	    0.00	    0.00	61913.26	18454.07	0.000	0.000
201.00	19632.67	    0.00	80367.33	    0.00	80367.33	0.000	1.206	1.026	14500.34	100	100	    0.00	    0.00	61913.26	18454.07	0.000	0.000
202.00	19632.67	    0.00	80367.33	    0.00	80367.33	0.000	1.206	1.026	14500.34	100	100	    0.00	    0.00	61913.26	18454.07	0.000	0.000
203.00	19632.67	    0.00	80367.33	    0.00	80367.33	0.000	1.206	1.026	14500.34	100	100	    0.00	    0.00	61913.26	18454.07	0.000	0.000
204.00	19632.67	    0.00	80367.33	    0.00	80367.33	0.000	1.206	1.026	14500.34	100	100	    0.00	    0.00	61913.26	18454.07	0.000	0.000
205.00	19632.67	    0.00	80367.33	    0.00	80367.33	0.000	1.206	1.026	14500.34	100	100	    0.00	    0.00	61913.26	18454.07	0.000	0.000
206.00	19632.67	    0.00	80367.33	    0.00	80367.33	0.000	1.206	1.026	14500.34	100	100	    0.00	    0.00	61913.26	18454.07	0.000	0.000
207.00	19632.67	    0.00	80367.33	    0.00	80367.33	0.000	1.206	1.026	14500.34	100	100	    0.00	    0.00	61913.26	18454.07	0.000	0.000
208.00	19632.67	    0.00	80367.33	    0.00	80367.33	0.000	1.206	1.026	14500.34	100	100	    0.00	    0.00	61913.26	18454.07	0.000	0.000
209.00	19632.67	    0.00	80367.33	    0.00	80367.33	0.000	1.206	1.026	14500.34	100	100	    0.00	    0.00	61913.26	18454.07	0.000	0.000
210.00	19632.67	    0.00	80367.33	    0.00	80367.33	0.000	1.206	1.026	14500.34	100	100	    0.00	    0.00	61913.26	18454.07	0.000	0.000
211.00	19632.67	    0.00	80367.33	    0.00	80367.33	0.000	1.206	1.026	14500.34	100	100	    0.00	    0.00	61913.26	18454.07	0.000	0.000
212.00	19632.67	    0.00	80367.33	    0.00	80367.33	0.000	1.206	1.026	14500.34	100	100	    0.00	    0.00	61913.26	18454.07	0.000	0.000
213.00	19632.67	    0.00	80367.33	    0.00	80367.33	0.000	1.206	1.026	14500.34	100	100	    0.00	    0.00	61913.26	18454.07	0.000	0.000
214.00	19632.67	    0.00	80367.33	    0.00	80367.33	0.000	1.206	1.026	14500.34	100	100	    0.00	    0.00	61913.26	18454.07	0.000	0.000
215.00	19632.67	    0.00	80367.33	    0.00	80367.33	0.000	1.206	1.026	14500.34	100	100	    0.00	    0.00	61913.26	18454.07	0.000	0.000
216.00	19632.67	    0.00	80367.33	    0.00	80367.33	0.000	1.206	1.026	14500.34	100	100	    0.00	    0.00	61913.26	18454.07	0.000	0.000
217.00	19632.67	    0.00	80367.33	    0.00	80367.33	0.000	1.206	1.026	14500.34	100	100	    0.00	    0.00	61913.26	18454.07	0.000	0.000
218.00	19632.67	    0.00	80367.33	    0.00	80367.33	0.000	1.206	1.026	14500.34	100	100	    0.00	    0.00	61913.26	18454.07	0.000	0.000
219.00	19632.67	    0.00	80367.33	    0.00	80367.33	0.000	1.206	1.026	14500.34	100	100	    0.00	    0.00	61913.26	18454.07	0.000	0.000
220.00	19632.67	    0.00	80367.33	    0.00	80367.33	0.000	1.206	1.026	14500.34	100	100	    0.00	    0.00	61913.26	18454.07	0.000	0.000
221.00	19632.67	    0.00	80367.33	    0.00	80367.33	0.000	1.206	1.026	14500.34	100	100	    0.00	    0.00	61913.26	18454.07	0.000	0.000
222.00	19632.67	    0.00	80367.33	    0.00	80367.33	0.000	1.206	1.026	14500.34	100	100	    0.00	    0.00	61913.26	18454.07	0.000	0.000
223.00	19632.67	    0.00	80367.33	    0.00	80367.33	0.000	1.206	1.026	14500.34	100	100	    0.00	    0.00	61913.26	18454.07	0.000	0.000
224.00	19632.67	    0.00	80367.33	    0.00	80367.33	0.000	1.206	1.026	14500.34	100	100	    0.00	    0.00	61913.26	18454.07	0.000	0.000
225.00	19632.67	    0.00	80367.33	    0.00	80367.33	0.000	1.206	1.026	14500.34	100	100	    0.00	    0.00	61913.26	18454.07	0.000	0.000
226.00	19632.67	    0.00	80367.33	    0.00	80367.33	0.000	1.206	1.026	14500.34	100	100	    0.00	    0.00	61913.26	18454.07	0.000	0.000
227.00	19632.67	    0.00	80367.33	    0.00	80367.33	0.000	1.206	1.026	14500.34	100	100	    0.00	    0.00	61913.26	18454.07	0.000	0.000
228.00	19632.67	    0.00	80367.33	    0.00	80367.33	0.000	1.206	1.026	14500.34	100	100	    0.00	    0.00	61913.26	18454.07	0.000	0.000
229.00	19632.67	    0.00	80367.33	    0.00	80367.33	0.000	1.206	1.026	14500.34	100	100	    0.00	    0.00	61913.26	18454.07	0.000	0.000
230.00	19632.67	    0.00	80367.33	    0.00	80367.33	0.000	1.206	1.026	14500.34	100	100	    0.00	    0.00	61913.26	18454.07	0.000	0.000
231.00	19632.67	    0.00	80367.33	    0.00	80367.33	0.000	1.206	1.026	14500.34	100	100	    0.00	    0.00	61913.26	18454.07	0.000	0.000
232.00	19632.67	    0.00	80367.33	    0.00	80367.33	0.000	1.206	1.026	14500.34	100	100	    0.00	    0.00	61913.26	18454.07	0.000	0.000
233.00	19632.67	    0.00	80367.33	    0.00	80367.33	0.000	1.206	1.026	14500.34	100	100	    0.00	    0.00	61913.26	18454.07	0.000	0.000
234.00	19632.67	    0.00	80367.33	    0.00	80367.33	0.000	1.206	1.026	14500.34	100	100	    0.00	    0.00	61913.26	18454.07	0.000	0.000
235.00	19632.67	    0.00	80367.33	    0.00	80367.33	0.000	1.206	1.026	14500.34	100	100	    0.00	    0.00	61913.26	18454.07	0.000	0.000
236.00	19632.67	    0.00	80367.33	    0.00	80367.33	0.000	1.206	1.026	14500.34	100	100	    0.00	    0.00	61913.26	18454.07	0.000	0.000
237.00	19632.67	    0.00	80367.33	    0.00	80367.33	0.000	1.206	1.026	14500.34	100	100	    0.00	    0.00	61913.26	18454.07	0.000	0.000
238.00	19632.67	    0.00	80367.33	    0.00	80367.33	0.000	1.206	1.026	14500.34	100	100	    0.00	    0.00	61913.26	18454.07	0.000	0.000
239.00	19632.67	    0.00	80367.33	    0.00	80367.33	0.000	1.206	1.026	14500.34	100	100	    0.00	    0.00	61913.26	18454.07	0.000	0.000
240.00	19632.67	    0.00	80367.33	    0.00	80367.33	0.000	1.206	1.026	14500.34	100	100	    0.00	    0.00	61913.26	18454.07	0.000	0.000
241.00	19632.67	    0.00	80367.33	    0.00	80367.33	0.000	1.206	1.026	14500.34	100	100	    0.00	    0.00	61913.26	18454.07	0.000	0.000
242.00	19632.67	    0.00	80367.33	    0.00	80367.33	0.000	1.206	1.026	14500.34	100	100	    0.00	    0.00	61913.26	18454.07	0.000	0.000
243.00	19632.67	    0.00	80367.33	    0.00	80367.33	0.000	1.206	1.026	14500.34	100	100	    0.00	    0.00	61913.26	18454.07	0.000	0.000
244.00	19632.67	    0.00	80367.33	    0.00	80367.33	0.000	1.206	1.026	14500.34	100	100	    0.00	    0.00	61913.26	18454.07	0.000	0.000
245.00	19632.67	    0.00	80367.33	    0.00	80367.33	0.000	1.206	1.026	14500.34	100	100	    0.00	    0.00	61913.26	18454.07	0.000	0.000
246.00	19632.67	    0.00	80367.33	    0.00	80367.33	0.000	1.206	1.026	14500.34	100	100	    0.00	    0.00	61913.26	18454.07	0.000	0.000
247.00	19632.67	    0.00	80367.33	    0.00	80367.33	0.000	1.206	1.026	14500.34	100	100	    0.00	    0.00	61913.26	18454.07	0.000	0.000
248.00	19632.67	    0.00	80367.33	    0.00	80367.33	0.000	1.206	1.026	14500.34	100	100	    0.00	    0.00	61913.26	18454.07	0.000	0.000
249.00	19632.67	    0.00	80367.33	    0.00	80367.33	0.000	1.206	1.026	14500.34	100	100	    0.00	    0.00	61913.26	18454.07	0.000	0.000
250.00	19632.67	    0.00	80367.33	    0.00	80367.33	0.000	1.206	1.026	14500.34	100	100	    0.00	    0.00	61913.26	18454.07	0.000	0.000
251.00	19632.67	    0.00	80367.33	    0.00	80367.33	0.000	1.206	1.026	14500.34	100	100	    0.00	    0.00	61913.26	18454.07	0.000	0.000
252.00	19632.67	    0.00	80367.33	    0.00	80367.33	0.000	1.206	1.026	14500.34	100	100	    0.00	    0.00	61913.26	18454.07	0.000	0.000
253.00	19632.67	    0.00	80367.33	    0.00	80367.33	0.000	1.206	1.026	14500.34	100	100	    0.00	    0.00	61913.26	18454.07	0.000	0.000
254.00	19632.67	    0.00	80367.33	    0.00	80367.33	0.000	1.206	1.026	14500.34	100	100	    0.00	    0.00	61913.26	18454.07	0.000	0.000
255.00	19632.67	    0.00	80367.33	    0.00	80367.33	0.000	1.206	1.026	14500.34	100	100	    0.00	    0.00	61913.26	18454.07	0.000	0.000
256.00	19632.67	    0.00	80367.33	    0.00	80367.33	0.000	1.206	1.026	14500.34	100	100	    0.00	    0.00	61913.26	18454.07	0.000	0.000
257.00	19632.67	    0.00	80367.33	    0.00	80367.33	0.000	1.206	1.026	14500.34	100	100	    0.00	    0.00	61913.26	18454.07	0.000	0.000
258.00	19632.67	    0.00	80367.33	    0.00	80367.33	0.000	1.206	1.026	14500.34	100	100	    0.00	    0.00	61913.26	18454.07	0.000	0.000
259.00	19632.67	    0.00	80367.33	    0.00	80367.33	0.000	1.206	1.026	14500.34	100	100	    0.00	    0.00	61913.26	18454.07	0.000	0.000
260.00	19632.67	    0.00	80367.33	    0.00	80367.33	0.000	1.206	1.026	14500.34	100	100	    0.00	    0.00	61913.26	18454.07	0.000	0.000
261.00	19632.67	    0.00	80367.33	    0.00	80367.33	0.000	1.206	1.026	14500.34	100	100	    0.00	    0.00	61913.26	18454.07	0.000	0.000
262.00	19632.67	    0.00	80367.33	    0.00	80367.33	0.000	1.206	1.026	14500.34	100	100	    0.00	    0.00	61913.26	18454.07	0.000	0.000
263.00	19632.67	    0.00	80367.33	    0.00	80367.33	0.000	1.206	1.026	14500.34	100	100	    0.00	    0.00	61913.26	18454.07	0.000	0.000
264.00	19632.67	    0.00	80367.33	    0.00	80367.33	0.000	1.206	1.026	14500.34	100	100	    0.00	    0.00	61913.26	18454.07	0.000	0.000
265.00	19632.67	    0.00	80367.33	    0.00	80367.33	0.000	1.206	1.026	14500.34	100	100	    0.00	    0.00	61913.26	18454.07	0.000	0.000
266.00	19632.67	    0.00	80367.33	    0.00	80367.33	0.000	1.206	1.026	14500.34	100	100	    0.00	    0.00	61913.26	18454.07	0.000	0.000
267.00	19632.67	    0.00	80367.33	    0.00	80367.33	0.000	1.206	1.026	14500.34	100	100	    0.00	    0.00	61913.26	18454.07	0.000	0.000
268.00	19632.67	    0.00	80367.33	    0.00	80367.33	0.000	1.206	1.026	14500.34	100	100	    0.00	    0.00	61913.26	18454.07	0.000	0.000
269.00	19632.67	    0.00	80367.33	    0.00	80367.33	0.000	1.206	1.026	14500.34	100	100	    0.00	    0.00	61913.26	18454.07	0.000	0.000
270.00	19632.67	    0.00	80367.33	    0.00	80367.33	0.000	1.206	1.026	14500.34	100	100	    0.00	    0.00	61913.26	18454.07	0.000	0.000
271.00	19632.67	    0.00	80367.33	    0.00	80367.33	0.000	1.206	1.026	14500.34	100	100	    0.00	    0.00	61913.26	18454.07	0.000	0.000
272.00	19632.67	    0.00	80367.33	    0.00	80367.33	0.000	1.206	1.026	14500.34	100	100	    0.00	    0.00	61913.26	18454.07	0.000	0.000
273.00	19632.67	    0.00	80367.33	    0.00	80367.33	0.000	1.206	1.026	14500.34	100	100	    0.00	    0.00	61913.26	18454.07	0.000	0.000
274.00	19632.67	    0.00	80367.33	    0.00	80367.33	0.000	1.206	1.026	14500.34	100	100	    0.00	    0.00	61913.26	18454.07	0.000	0.000
275.00	19632.67	    0.00	80367.33	    0.00	80367.33	0.000	1.206	1.026	14500.34	100	100	    0.00	    0.00	61913.26	18454.07	0.000	0.000
276.00	19632.67	    0.00	80367.33	    0.00	80367.33	0.000	1.206	1.026	14500.34	100	100	    0.00	    0.00	61913.26	18454.07	0.000	0.000
277.00	19632.67	    0.00	80367.33	    0.00	80367.33	0.000	1.206	1.026	14500.34	100	100	    0.00	    0.00	61913.26	18454.07	0.000	0.000
278.00	19632.67	    0.00	80367.33	    0.00	80367.33	0.000	1.206	1.026	14500.34	100	100	    0.00	    0.00	61913.26	18454.07	0.000	0.000
279.00	19632.67	    0.00	80367.33	    0.00	80367.33	0.000	1.206	1.026	14500.34	100	100	    0.00	    0.00	61913.26	18454.07	0.000	0.000
280.00	19632.67	    0.00	80367.33	    0.00	80367.33	0.000	1.206	1.026	14500.34	100	100	    0.00	    0.00	61913.26	18454.07	0.000	0.000
281.00	19632.67	    0.00	80367.33	    0.00	80367.33	0.000	1.206	1.026	14500.34	100	100	    0.00	    0.00	61913.26	18454.07	0.000	0.000
282.00	19632.67	    0.00	80367.33	    0.00	80367.33	0.000	1.206	1.026	14500.34	100	100	    0.00	    0.00	61913.26	18454.07	0.000	0.000
283.00	19632.67	    0.00	80367.33	    0.00	80367.33	0.000	1.206	1.026	14500.34	100	100	    0.00	    0.00	61913.26	18454.07	0.000	0.000
284.00	19632.67	    0.00	80367.33	    0.00	80367.33	0.000	1.206	1.026	14500.34	100	100	    0.00	    0.00	61913.26	18454.07	0.000	0.000
285.00	19632.67	    0.00	80367.33	    0.00	80367.33	0.000	1.206	1.026	14500.34	100	100	    0.00	    0.00	61913.26	18454.07	0.000	0.000
286.00	19632.67	    0.00	80367.33	    0.00	80367.33	0.000	1.206	1.026	14500.34	100	100	    0.00	    0.00	61913.26	18454.07	0.000	0.000
287.00	19632.67	    0.00	80367.33	    0.00	80367.33	0.000	1.206	1.026	14500.34	100	100	    0.00	    0.00	61913.26	18454.07	0.000	0.000
288.00	19632.67	    0.00	80367.33	    0.00	80367.33	0.000	1.206	1.026	14500.34	100	100	    0.00	    0.00	61913.26	18454.07	0.000	0.000
289.00	19632.67	    0.00	80367.33	    0.00	80367.33	0.000	1.206	1.026	14500.34	100	100	    0.00	    0.00	61913.26	18454.07	0.000	0.000
290.00	19632.67	    0.00	80367.33	    0.00	80367.33	0.000	1.206	1.026	14500.34	100	100	    0.00	    0.00	61913.26	18454.07	0.000	0.000
291.00	19632.67	    0.00	80367.33	    0.00	80367.33	0.000	1.206	1.026	14500.34	100	100	    0.00	    0.00	61913.26	18454.07	0.000	0.000
292.00	19632.67	    0.00	80367.33	    0.00	80367.33	0.000	1.206	1.026	14500.34	100	100	    0.00	    0.00	61913.26	18454.07	0.000	0.000
293.00	19632.67	    0.00	80367.33	    0.00	80367.33	0.000	1.206	1.026	14500.34	100	100	    0.00	    0.00	61913.26	18454.07	0.000	0.000
294.00	19632.67	    0.00	80367.33	    0.00	80367.33	0.000	1.206	1.026	14500.34	100	100	    0.00	    0.00	61913.26	18454.07	0.000	0.000
295.00	19632.67	    0.00	80367.33	    0.00	80367.33	0.000	1.206	1.026	14500.34	100	100	    0.00	    0.00	61913.26	18454.07	0.000	0.000
296.00	19632.67	    0.00	80367.33	    0.00	80367.33	0.000	1.206	1.026	14500.34	100	100	    0.00	    0.00	61913.26	18454.07	0.000	0.000
297.00	19632.67	    0.00	80367.33	    0.00	80367.33	0.000	1.206	1.026	14500.34	100	100	    0.00	    0.00	61913.26	18454.07	0.000	0.000
298.00	19632.67	    0.00	80367.33	    0.00	80367.33	0.000	1.206	1.026	14500.34	100	100	    0.00	    0.00	61913.26	18454.07	0.000	0.000
299.00	19632.67	    0.00	80367.33	    0.00	80367.33	0.000	1.206	1.026	14500.34	100	100	    0.00	    0.00	61913.26	18454.07	0.000	0.000
300.00	19632.67	    0.00	80367.33	    0.00	80367.33	0.000	1.206	1.026	14500.34	100	100	    0.00	    0.00	61913.26	18454.07	0.000	0.000
301.00	19632.67	    0.00	80367.33	    0.00	80367.33	0.000	1.206	1.026	14500.34	100	100	    0.00	    0.00	61913.26	18454.07	0.000	0.000
302.00	19632.67	    0.00	80367.33	    0.00	80367.33	0.000	1.206	1.026	14500.34	100	100	    0.00	    0.00	61913.26	18454.07	0.000	0.000
303.00	19632.67	    0.00	80367.33	    0.00	80367.33	0.000	1.206	1.026	14500.34	100	100	    0.00	    0.00	61913.26	18454.07	0.000	0.000
304.00	19632.67	    0.00	80367.33	    0.00	80367.33	0.000	1.206	1.026	14500.34	100	100	    0.00	    0.00	61913.26	18454.07	0.000	0.000
305.00	19632.67	    0.00	80367.33	    0.00	80367.33	0.000	1.206	1.026	14500.34	100	100	    0.00	    0.00	61913.26	18454.07	0.000	0.000
306.00	19632.67	    0.00	80367.33	    0.00	80367.33	0.000	1.206	1.026	14500.34	100	100	    0.00	    0.00	61913.26	18454.07	0.000	0.000
307.00	19632.67	    0.00	80367.33	    0.00	80367.33	0.000	1.206	1.026	14500.34	100	100	    0.00	    0.00	61913.26	18454.07	0.000	0.000
308.00	19632.67	    0.00	80367.33	    0.00	80367.33	0.000	1.206	1.026	14500.34	100	100	    0.00	    0.00	61913.26	18454.07	0.000	0.000
309.00	19632.67	    0.00	80367.33	    0.00	80367.33	0.000	1.206	1.026	14500.34	100	100	    0.00	    0.00	61913.26	18454.07	0.000	0.000
310.00	19632.67	    0.00	80367.33	    0.00	80367.33	0.000	1.206	1.026	14500.34	100	100	    0.00	    0.00	61913.26	18454.07	0.000	0.000
311.00	19632.67	    0.00	80367.33	    0.00	80367.33	0.000	1.206	1.026	14500.34	100	100	    0.00	    0.00	61913.26	18454.07	0.000	0.000
312.00	19632.67	    0.00	80367.33	    0.00	80367.33	0.000	1.206	1.026	14500.34	100	100	    0.00	    0.00	61913.26	18454.07	0.000	0.000
313.00	19632.67	    0.00	80367.33	    0.00	80367.33	0.000	1.206	1.026	14500.34	100	100	    0.00	    0.00	61913.26	18454.07	0.000	0.000
314.00	19632.67	    0.00	80367.33	    0.00	80367.33	0.000	1.206	1.026	14500.34	100	100	    0.00	    0.00	61913.26	18454.07	0.000	0.000
315.00	19632.67	    0.00	80367.33	    0.00	80367.33	0.000	1.206	1.026	14500.34	100	100	    0.00	    0.00	61913.26	18454.07	0.000	0.000
316.00	19632.67	    0.00	80367.33	    0.00	80367.33	0.000	1.206	1.026	14500.34	100	100	    0.00	    0.00	61913.26	18454.07	0.000	0.000
317.00	19632.67	    0.00	80367.33	    0.00	80367.33	0.000	1.206	1.026	14500.34	100	100	    0.00	    0.00	61913.26	18454.07	0.000	0.000
318.00	19632.67	    0.00	80367.33	    0.00	80367.33	0.000	1.206	1.026	14500.34	100	100	    0.00	    0.00	61913.26	18454.07	0.000	0.000
319.00	19632.67	    0.00	80367.33	    0.00	80367.33	0.000	1.206	1.026	14500.34	100	100	    0.00	    0.00	61913.26	18454.07	0.000	0.000
320.00	19632.67	    0.00	80367.33	    0.00	80367.33	0.000	1.206	1.026	14500.34	100	100	    0.00	    0.00	61913.26	18454.07	0.000	0.000
321.00	19632.67	    0.00	80367.33	    0.00	80367.33	0.000	1.206	1.026	14500.34	100	100	    0.00	    0.00	61913.26	18454.07	0.000	0.000
322.00	19632.67	    0.00	80367.33	    0.00	80367.33	0.000	1.206	1.026	14500.34	100	100	    0.00	    0.00	61913.26	18454.07	0.000	0.000
323.00	19632.67	    0.00	80367.33	    0.00	80367.33	0.000	1.206	1.026	14500.34	100	100	    0.00	    0.00	61913.26	18454.07	0.000	0.000
324.00	19632.67	    0.00	80367.33	    0.00	80367.33	0.000	1.206	1.026	14500.34	100	100	    0.00	    0.00	61913.26	18454.07	0.000	0.000
325.00	19632.67	    0.00	80367.33	    0.00	80367.33	0.000	1.206	1.026	14500.34	100	100	    0.00	    0.00	61913.26	18454.07	0.000	0.000
326.00	19632.67	    0.00	80367.33	    0.00	80367.33	0.000	1.206	1.026	14500.34	100	100	    0.00	    0.00	61913.26	18454.07	0.000	0.000
327.00	19632.67	    0.00	80367.33	    0.00	80367.33	0.000	1.206	1.026	14500.34	100	100	    0.00	    0.00	61913.26	18454.07	0.000	0.000
328.00	19632.67	    0.00	80367.33	    0.00	80367.33	0.000	1.206	1.026	14500.34	100	100	    0.00	    0.00	61913.26	18454.07	0.000	0.000
329.00	19632.67	    0.00	80367.33	    0.00	80367.33	0.000	1.206	1.026	14500.34	100	100	    0.00	    0.00	61913.26	18454.07	0.000	0.000
330.00	19632.67	    0.00	80367.33	    0.00	80367.33	0.000	1.206	1.026	14500.34	100	100	    0.00	    0.00	61913.26	18454.07	0.000	0.000
331.00	19632.67	    0.00	80367.33	    0.00	80367.33	0.000	1.206	1.026	14500.34	100	100	    0.00	    0.00	61913.26	18454.07	0.000	0.000
332.00	19632.67	    0.00	80367.33	    0.00	80367.33	0.000	1.206	1.026	14500.34	100	100	    0.00	    0.00	61913.26	18454.07	0.000	0.000
333.00	19632.67	    0.00	80367.33	    0.00	80367.33	0.000	1.206	1.026	14500.34	100	100	    0.00	    0.00	61913.26	18454.07	0.000	0.000
334.00	19632.67	    0.00	80367.33	    0.00	80367.33	0.000	1.206	1.026	14500.34	100	100	    0.00	    0.00	61913.26	18454.07	0.000	0.000
335.00	19632.67	    0.00	80367.33	    0.00	80367.33	0.000	1.206	1.026	14500.34	100	100	    0.00	    0.00	61913.26	18454.07	0.000	0.000
336.00	19632.67	    0.00	80367.33	    0.00	80367.33	0.000	1.206	1.026	14500.34	100	100	    0.00	    0.00	61913.26	18454.07	0.000	0.000
337.00	19632.67	    0.00	80367.33	    0.00	80367.33	0.000	1.206	1.026	14500.34	100	100	    0.00	    0.00	61913.26	18454.07	0.000	0.000
338.00	19632.67	    0.00	80367.33	    0.00	80367.33	0.000	1.206	1.026	14500.34	100	100	    0.00	    0.00	61913.26	18454.07	0.000	0.000
339.00	19632.67	    0.00	80367.33	    0.00	80367.33	0.000	1.206	1.026	14500.34	100	100	    0.00	    0.00	61913.26	18454.07	0.000	0.000
340.00	19632.67	    0.00	80367.33	    0.00	80367.33	0.000	1.206	1.026	14500.34	100	100	    0.00	    0.00	61913.26	18454.07	0.000	0.000
341.00	19632.67	    0.00	80367.33	    0.00	80367.33	0.000	1.206	1.026	14500.34	100	100	    0.00	    0.00	61913.26	18454.07	0.000	0.000
342.00	19632.67	    0.00	80367.33	    0.00	80367.33	0.000	1.206	1.026	14500.34	100	100	    0.00	    0.00	61913.26	18454.07	0.000	0.000
343.00	19632.67	    0.00	80367.33	    0.00	80367.33	0.000	1.206	1.026	14500.34	100	100	    0.00	    0.00	61913.26	18454.07	0.000	0.000
344.00	19632.67	    0.00	80367.33	    0.00	80367.33	0.000	1.206	1.026	14500.34	100	100	    0.00	    0.00	61913.26	18454.07	0.000	0.000
345.00	19632.67	    0.00	80367.33	    0.00	80367.33	0.000	1.206	1.026	14500.34	100	100	    0.00	    0.00	61913.26	18454.07	0.000	0.000
346.00	19632.67	    0.00	80367.33	    0.00	80367.33	0.000	1.206	1.026	14500.34	100	100	    0.00	    0.00	61913.26	18454.07	0.000	0.000
347.00	19632.67	    0.00	80367.33	    0.00	80367.33	0.000	1.206	1.026	14500.34	100	100	    0.00	    0.00	61913.26	18454.07	0.000	0.000
348.00	19632.67	    0.00	80367.33	    0.00	80367.33	0.000	1.206	1.026	14500.34	100	100	    0.00	    0.00	61913.26	18454.07	0.000	0.000
349.00	19632.67	    0.00	80367.33	    0.00	80367.33	0.000	1.206	1.026	14500.34	100	100	    0.00	    0.00	61913.26	18454.07	0.000	0.000
350.00	19632.67	    0.00	80367.33	    0.00	80367.33	0.000	1.206	1.026	14500.34	100	100	    0.00	    0.00	61913.26	18454.07	0.000	0.000
351.00	19632.67	    0.00	80367.33	    0.00	80367.33	0.000	1.206	1.026	14500.34	100	100	    0.00	    0.00	61913.26	18454.07	0.000	0.000
352.00	19632.67	    0.00	80367.33	    0.00	80367.33	0.000	1.206	1.026	14500.34	100	100	    0.00	    0.00	61913.26	18454.07	0.000	0.000
353.00	19632.67	    0.00	80367.33	    0.00	80367.33	0.000	1.206	1.026	14500.34	100	100	    0.00	    0.00	61913.26	18454.07	0.000	0.000
354.00	19632.67	    0.00	80367.33	    0.00	80367.33	0.000	1.206	1.026	14500.34	100	100	    0.00	    0.00	61913.26	18454.07	0.000	0.000
355.00	19632.67	    0.00	80367.33	    0.00	80367.33	0.000	1.206	1.026	14500.34	100	100	    0.00	    0.00	61913.26	18454.07	0.000	0.000
356.00	19632.67	    0.00	80367.33	    0.00	80367.33	0.000	1.206	1.026	14500.34	100	100	    0.00	    0.00	61913.26	18454.07	0.000	0.000
357.00	19632.67	    0.00	80367.33	    0.00	80367.33	0.000	1.206	1.026	14500.34	100	100	    0.00	    0.00	61913.26	18454.07	0.000	0.000
358.00	19632.67	    0.00	80367.33	    0.00	80367.33	0.000	1.206	1.026	14500.34	100	100	    0.00	    0.00	61913.26	18454.07	0.000	0.000
359.00	19632.67	    0.00	80367.33	    0.00	80367.33	0.000	1.206	1.026	14500.34	100	100	    0.00	    0.00	61913.26	18454.07	0.000	0.000
360.00	19632.67	    0.00	80367.33	    0.00	80367.33	0.000	1.206	1.026	14500.34	100	100	    0.00	    0.00	61913.26	18454.07	0.000	0.000
361.00	19632.67	    0.00	80367.33	    0.00	80367.33	0.000	1.206	1.026	14500.34	100	100	    0.00	    0.00	61913.26	18454.07	0.000	0.000
362.00	19632.67	    0.00	80367.33	    0.00	80367.33	0.000	1.206	1.026	14500.34	100	100	    0.00	    0.00	61913.26	18454.07	0.000	0.000
363.00	19632.67	    0.00	80367.33	    0.00	80367.33	0.000	1.206	1.026	14500.34	100	100	    0.00	    0.00	61913.26	18454.07	0.000	0.000
364.00	19632.67	    0.00	80367.33	    0.00	80367.33	0.000	1.206	1.026	14500.34	100	100	    0.00	    0.00	61913.26	18454.07	0.000	0.000
365.00	19632.67	    0.00	80367.33	    0.00	80367.33	0.000	1.206	1.026	14500.34	100	100	    0.00	    0.00	61913.26	18454.07	0.000	0.000
366.00	19632.67	    0.00	80367.33	    0.00	80367.33	0.000	1.206	1.026	14500.34	100	100	    0.00	    0.00	61913.26	18454.07	0.000	0.000
367.00	19632.67	    0.00	80367.33	    0.00	80367.33	0.000	1.206	1.026	14500.34	100	100	    0.00	    0.00	61913.26	18454.07	0.000	0.000
368.00	19632.67	    0.00	80367.33	    0.00	80367.33	0.000	1.206	1.026	14500.34	100	100	    0.00	    0.00	61913.26	18454.07	0.000	0.000
369.00	19632.67	    0.00	80367.33	    0.00	80367.33	0.000	1.206	1.026	14500.34	100	100	    0.00	    0.00	61913.26	18454.07	0.000	0.000
370.00	19632.67	    0.00	80367.33	    0.00	80367.33	0.000	1.206	1.026	14500.34	100	100	    0.00	    0.00	61913.26	18454.07	0.000	0.000
371.00	19632.67	    0.00	80367.33	    0.00	80367.33	0.000	1.206	1.026	14500.34	100	100	    0.00	    0.00	61913.26	18454.07	0.000	0.000
372.00	19632.67	    0.00	80367.33	    0.00	80367.33	0.000	1.206	1.026	14500.34	100	100	    0.00	    0.00	61913.26	18454.07	0.000	0.000
373.00	19632.67	    0.00	80367.33	    0.00	80367.33	0.000	1.206	1.026	14500.34	100	100	    0.00	    0.00	61913.26	18454.07	0.000	0.000
374.00	19632.67	    0.00	80367.33	    0.00	80367.33	0.000	1.206	1.026	14500.34	100	100	    0.00	    0.00	61913.26	18454.07	0.000	0.000
375.00	19632.67	    0.00	80367.33	    0.00	80367.33	0.000	1.206	1.026	14500.34	100	100	    0.00	    0.00	61913.26	18454.07	0.000	0.000
376.00	19632.67	    0.00	80367.33	    0.00	80367.33	0.000	1.206	1.026	14500.34	100	100	    0.00	    0.00	61913.26	18454.07	0.000	0.000
377.00	19632.67	    0.00	80367.33	    0.00	80367.33	0.000	1.206	1.026	14500.34	100	100	    0.00	    0.00	61913.26	18454.07	0.000	0.000
378.00	19632.67	    0.00	80367.33	    0.00	80367.33	0.000	1.206	1.026	14500.34	100	100	    0.00	    0.00	61913.26	18454.07	0.000	0.000
379.00	19632.67	    0.00	80367.33	    0.00	80367.33	0.000	1.206	1.026	14500.34	100	100	    0.00	    0.00	61913.26	18454.07	0.000	0.000
380.00	19632.67	    0.00	80367.33	    0.00	80367.33	0.000	1.206	1.026	14500.34	100	100	    0.00	    0.00	61913.26	18454.07	0.000	0.000
381.00	19632.67	    0.00	80367.33	    0.00	80367.33	0.000	1.206	1.026	14500.34	100	100	    0.00	    0.00	61913.26	18454.07	0.000	0.000
382.00	19632.67	    0.00	80367.33	    0.00	80367.33	0.000	1.206	1.026	14500.34	100	100	    0.00	    0.00	61913.26	18454.07	0.000	0.000
383.00	19632.67	    0.00	80367.33	    0.00	80367.33	0.000	1.206	1.026	14500.34	100	100	    0.00	    0.00	61913.26	18454.07	0.000	0.000
384.00	19632.67	    0.00	80367.33	    0.00	80367.33	0.000	1.206	1.026	14500.34	100	100	    0.00	    0.00	61913.26	18454.07	0.000	0.000
385.00	19632.67	    0.00	80367.33	    0.00	80367.33	0.000	1.206	1.026	14500.34	100	100	    0.00	    0.00	61913.26	18454.07	0.000	0.000
386.00	19632.67	    0.00	80367.33	    0.00	80367.33	0.000	1.206	1.026	14500.34	100	100	    0.00	    0.00	61913.26	18454.07	0.000	0.000
387.00	19632.67	    0.00	80367.33	    0.00	80367.33	0.000	1.206	1.026	14500.34	100	100	    0.00	    0.00	61913.26	18454.07	0.000	0.000
388.00	19632.67	    0.00	80367.33	    0.00	80367.33	0.000	1.206	1.026	14500.34	100	100	    0.00	    0.00	61913.26	18454.07	0.000	0.000
389.00	19632.67	    0.00	80367.33	    0.00	80367.33	0.000	1.206	1.026	14500.34	100	100	    0.00	    0.00	61913.26	18454.07	0.000	0.000
390.00	19632.67	    0.00	80367.33	    0.00	80367.33	0.000	1.206	1.026	14500.34	100	100	    0.00	    0.00	61913.26	18454.07	0.000	0.000
391.00	19632.67	    0.00	80367.33	    0.00	80367.33	0.000	1.206	1.026	14500.34	100	100	    0.00	    0.00	61913.26	18454.07	0.000	0.000
392.00	19632.67	    0.00	80367.33	    0.00	80367.33	0.000	1.206	1.026	14500.34	100	100	    0.00	    0.00	61913.26	18454.07	0.000	0.000
393.00	19632.67	    0.00	80367.33	    0.00	80367.33	0.000	1.206	1.026	14500.34	100	100	    0.00	    0.00	61913.26	18454.07	0.000	0.000
394.00	19632.67	    0.00	80367.33	    0.00	80367.33	0.000	1.206	1.026	14500.34	100	100	    0.00	    0.00	61913.26	18454.07	0.000	0.000
395.00	19632.67	    0.00	80367.33	    0.00	80367.33	0.000	1.206	1.026	14500.34	100	100	    0.00	    0.00	61913.26	18454.07	0.000	0.000
396.00	19632.67	    0.00	80367.33	    0.00	80367.33	0.000	1.206	1.026	14500.34	100	100	    0.00	    0.00	61913.26	18454.07	0.000	0.000
397.00	19632.67	    0.00	80367.33	    0.00	80367.33	0.000	1.206	1.026	14500.34	100	100	    0.00	    0.00	61913.26	18454.07	0.000	0.000
398.00	19632.67	    0.00	80367.33	    0.00	80367.33	0.000	1.206	1.026	14500.34	100	100	    0.00	    0.00	61913.26	18454.07	0.000	0.000
399.00	19632.67	    0.00	80367.33	    0.00	80367.33	0.000	1.206	1.026	14500.34	100	100	    0.00	    0.00	61913.26	18454.07	0.000	0.000
400.00	19632.67	    0.00	80367.33	    0.00	80367.33	0.000	1.206	1.026	14500.34	100	100	    0.00	    0.00	61913.26	18454.07	0.000	0.000
401.00	19632.67	    0.00	80367.33	    0.00	80367.33	0.000	1.206	1.026	14500.34	100	100	    0.00	    0.00	61913.26	18454.07	0.000	0.000
402.00	19632.67	    0.00	80367.33	    0.00	80367.33	0.000	1.206	1.026	14500.34	100	100	    0.00	    0.00	61913.26	18454.07	0.000	0.000
403.00	19632.67	    0.00	80367.33	    0.00	80367.33	0.000	1.206	1.026	14500.34	100	100	    0.00	    0.00	61913.26	18454.07	0.000	0.000
404.00	19632.67	    0.00	80367.33	    0.00	80367.33	0.000	1.206	1.026	14500.34	100	100	    0.00	    0.00	61913.26	18454.07	0.000	0.000
405.00	19632.67	    0.00	80367.33	    0.00	80367.33	0.000	1.206	1.026	14500.34	100	100	    0.00	    0.00	61913.26	18454.07	0.000	0.000
406.00	19632.67	    0.00	80367.33	    0.00	80367.33	0.000	1.206	1.026	14500.34	100	100	    0.00	    0.00	61913.26	18454.07	0.000	0.000
407.00	19632.67	    0.00	80367.33	    0.00	80367.33	0.000	1.206	1.026	14500.34	100	100	    0.00	    0.00	61913.26	18454.07	0.000	0.000
408.00	19632.67	    0.00	80367.33	    0.00	80367.33	0.000	1.206	1.026	14500.34	100	100	    0.00	    0.00	61913.26	18454.07	0.000	0.000
409.00	19632.67	    0.00	80367.33	    0.00	80367.33	0.000	1.206	1.026	14500.34	100	100	    0.00	    0.00	61913.26	18454.07	0.000	0.000
410.00	19632.67	    0.00	80367.33	    0.00	80367.33	0.000	1.206	1.026	14500.34	100	100	    0.00	    0.00	61913.26	18454.07	0.000	0.000
411.00	19632.67	    0.00	80367.33	    0.00	80367.33	0.000	1.206	1.026	14500.34	100	100	    0.00	    0.00	61913.26	18454.07	0.000	0.000
412.00	19632.67	    0.00	80367.33	    0.00	80367.33	0.000	1.206	1.026	14500.34	100	100	    0.00	    0.00	61913.26	18454.07	0.000	0.000
413.00	19632.67	    0.00	80367.33	    0.00	80367.33	0.000	1.206	1.026	14500.34	100	100	    0.00	    0.00	61913.26	18454.07	0.000	0.000
414.00	19632.67	    0.00	80367.33	    0.00	80367.33	0.000	1.206	1.026	14500.34	100	100	    0.00	    0.00	61913.26	18454.07	0.000	0.000
415.00	19632.67	    0.00	80367.33	    0.00	80367.33	0.000	1.206	1.026	14500.34	100	100	    0.00	    0.00	61913.26	18454.07	0.000	0.000
416.00	19632.67	    0.00	80367.33	    0.00	80367.33	0.000	1.206	1.026	14500.34	100	100	    0.00	    0.00	61913.26	18454.07	0.000	0.000
417.00	19632.67	    0.00	80367.33	    0.00	80367.33	0.000	1.206	1.026	14500.34	100	100	    0.00	    0.00	61913.26	18454.07	0.000	0.000
418.00	19632.67	    0.00	80367.33	    0.00	80367.33	0.000	1.206	1.026	14500.34	100	100	    0.00	    0.00	61913.26	18454.07	0.000	0.000
419.00	19632.67	    0.00	80367.33	    0.00	80367.33	0.000	1.206	1.026	14500.34	100	100	    0.00	    0.00	61913.26	18454.07	0.000	0.000
420.00	19632.67	    0.00	80367.33	    0.00	80367.33	0.000	1.206	1.026	14500.34	100	100	    0.00	    0.00	61913.26	18454.07	0.000	0.000
421.00	19632.67	    0.00	80367.33	    0.00	80367.33	0.000	1.206	1.026	14500.34	100	100	    0.00	    0.00	61913.26	18454.07	0.000	0.000
422.00	19632.67	    0.00	80367.33	    0.00	80367.33	0.000	1.206	1.026	14500.34	100	100	    0.00	    0.00	61913.26	18454.07	0.000	0.000
423.00	19632.67	    0.00	80367.33	    0.00	80367.33	0.000	1.206	1.026	14500.34	100	100	    0.00	    0.00	61913.26	18454.07	0.000	0.000
424.00	19632.67	    0.00	80367.33	    0.00	80367.33	0.000	1.206	1.026	14500.34	100	100	    0.00	    0.00	61913.26	18454.07	0.000	0.000
425.00	19632.67	    0.00	80367.33	    0.00	80367.33	0.000	1.206	1.026	14500.34	100	100	    0.00	    0.00	61913.26	18454.07	0.000	0.000
426.00	19632.67	    0.00	80367.33	    0.00	80367.33	0.000	1.206	1.026	14500.34	100	100	    0.00	    0.00	61913.26	18454.07	0.000	0.000
427.00	19632.67	    0.00	80367.33	    0.00	80367.33	0.000	1.206	1.026	14500.34	100	100	    0.00	    0.00	61913.26	18454.07	0.000	0.000
428.00	19632.67	    0.00	80367.33	    0.00	80367.33	0.000	1.206	1.026	14500.34	100	100	    0.00	    0.00	61913.26	18454.07	0.000	0.000
429.00	19632.67	    0.00	80367.33	    0.00	80367.33	0.000	1.206	1.026	14500.34	100	100	    0.00	    0.00	61913.26	18454.07	0.000	0.000
430.00	19632.67	    0.00	80367.33	    0.00	80367.33	0.000	1.206	1.026	14500.34	100	100	    0.00	    0.00	61913.26	18454.07	0.000	0.000
431.00	19632.67	    0.00	80367.33	    0.00	80367.33	0.000	1.206	1.026	14500.34	100	100	    0.00	    0.00	61913.26	18454.07	0.000	0.000
432.00	19632.67	    0.00	80367.33	    0.00	80367.33	0.000	1.206	1.026	14500.34	100	100	    0.00	    0.00	61913.26	18454.07	0.000	0.000
433.00	19632.67	    0.00	80367.33	    0.00	80367.33	0.000	1.206	1.026	14500.34	100	100	    0.00	    0.00	61913.26	18454.07	0.000	0.000
434.00	19632.67	    0.00	80367.33	    0.00	80367.33	0.000	1.206	1.026	14500.34	100	100	    0.00	    0.00	61913.26	18454.07	0.000	0.000
435.00	19632.67	    0.00	80367.33	    0.00	80367.33	0.000	1.206	1.026	14500.34	100	100	    0.00	    0.00	61913.26	18454.07	0.000	0.000
436.00	19632.67	    0.00	80367.33	    0.00	80367.33	0.000	1.206	1.026	14500.34	100	100	    0.00	    0.00	61913.26	18454.07	0.000	0.000
437.00	19632.67	    0.00	80367.33	    0.00	80367.33	0.000	1.206	1.026	14500.34	100	100	    0.00	    0.00	61913.26	18454.07	0.000	0.000
438.00	19632.67	    0.00	80367.33	    0.00	80367.33	0.000	1.206	1.026	14500.34	100	100	    0.00	    0.00	61913.26	18454.07	0.000	0.000
439.00	19632.67	    0.00	80367.33	    0.00	80367.33	0.000	1.206	1.026	14500.34	100	100	    0.00	    0.00	61913.26	18454.07	0.000	0.000
440.00	19632.67	    0.00	80367.33	    0.00	80367.33	0.000	1.206	1.026	14500.34	100	100	    0.00	    0.00	61913.26	18454.07	0.000	0.000
441.00	19632.67	    0.00	80367.33	    0.00	80367.33	0.000	1.206	1.026	14500.34	100	100	    0.00	    0.00	61913.26	18454.07	0.000	0.000
442.00	19632.67	    0.00	80367.33	    0.00	80367.33	0.000	1.206	1.026	14500.34	100	100	    0.00	    0.00	61913.26	18454.07	0.000	0.000
443.00	19632.67	    0.00	80367.33	    0.00	80367.33	0.000	1.206	1.026	14500.34	100	100	    0.00	    0.00	61913.26	18454.07	0.000	0.000
444.00	19632.67	    0.00	80367.33	    0.00	80367.33	0.000	1.206	1.026	14500.34	100	100	    0.00	    0.00	61913.26	18454.07	0.000	0.000
445.00	19632.67	    0.00	80367.33	    0.00	80367.33	0.000	1.206	1.026	14500.34	100	100	    0.00	    0.00	61913.26	18454.07	0.000	0.000
446.00	19632.67	    0.00	80367.33	    0.00	80367.33	0.000	1.206	1.026	14500.34	100	100	    0.00	    0.00	61913.26	18454.07	0.000	0.000
447.00	19632.67	    0.00	80367.33	    0.00	80367.33	0.000	1.206	1.026	14500.34	100	100	    0.00	    0.00	61913.26	18454.07	0.000	0.000
448.00	19632.67	    0.00	80367.33	    0.00	80367.33	0.000	1.206	1.026	14500.34	100	100	    0.00	    0.00	61913.26	18454.07	0.000	0.000
449.00	19632.67	    0.00	80367.33	    0.00	80367.33	0.000	1.206	1.026	14500.34	100	100	    0.00	    0.00	61913.26	18454.07	0.000	0.000
450.00	19632.67	    0.00	80367.33	    0.00	80367.33	0.000	1.206	1.026	14500.34	100	100	    0.00	    0.00	61913.26	18454.07	0.000	0.000
451.00	19632.67	    0.00	80367.33	    0.00	80367.33	0.000	1.206	1.026	14500.34	100	100	    0.00	    0.00	61913.26	18454.07	0.000	0.000
452.00	19632.67	    0.00	80367.33	    0.00	80367.33	0.000	1.206	1.026	14500.34	100	100	    0.00	    0.00	61913.26	18454.07	0.000	0.000
453.00	19632.67	    0.00	80367.33	    0.00	80367.33	0.000	1.206	1.026	14500.34	100	100	    0.00	    0.00	61913.26	18454.07	0.000	0.000
454.00	19632.67	    0.00	80367.33	    0.00	80367.33	0.000	1.206	1.026	14500.34	100	100	    0.00	    0.00	61913.26	18454.07	0.000	0.000
455.00	19632.67	    0.00	80367.33	    0.00	80367.33	0.000	1.206	1.026	14500.34	100	100	    0.00	    0.00	61913.26	18454.07	0.000	0.000
456.00	19632.67	    0.00	80367.33	    0.00	80367.33	0.000	1.206	1.026	14500.34	100	100	    0.00	    0.00	61913.26	18454.07	0.000	0.000
457.00	19632.67	    0.00	80367.33	    0.00	80367.33	0.000	1.206	1.026	14500.34	100	100	    0.00	    0.00	61913.26	18454.07	0.000	0.000
458.00	19632.67	    0.00	80367.33	    0.00	80367.33	0.000	1.206	1.026	14500.34	100	100	    0.00	    0.00	61913.26	18454.07	0.000	0.000
459.00	19632.67	    0.00	80367.33	    0.00	80367.33	0.000	1.206	1.026	14500.34	100	100	    0.00	    0.00	61913.26	18454.07	0.000	0.000
460.00	19632.67	    0.00	80367.33	    0.00	80367.33	0.000	1.206	1.026	14500.34	100	100	    0.00	    0.00	61913.26	18454.07	0.000	0.000
461.00	19632.67	    0.00	80367.33	    0.00	80367.33	0.000	1.206	1.026	14500.34	100	100	    0.00	    0.00	61913.26	18454.07	0.000	0.000
462.00	19632.67	    0.00	80367.33	    0.00	80367.33	0.000	1.206	1.026	14500.34	100	100	    0.00	    0.00	61913.26	18454.07	0.000	0.000
463.00	19632.67	    0.00	80367.33	    0.00	80367.33	0.000	1.206	1.026	14500.34	100	100	    0.00	    0.00	61913.26	18454.07	0.000	0.000
464.00	19632.67	    0.00	80367.33	    0.00	80367.33	0.000	1.206	1.026	14500.34	100	100	    0.00	    0.00	61913.26	18454.07	0.000	0.000
465.00	19632.67	    0.00	80367.33	    0.00	80367.33	0.000	1.206	1.026	14500.34	100	100	    0.00	    0.00	61913.26	18454.07	0.000	0.000
466.00	19632.67	    0.00	80367.33	    0.00	80367.33	0.000	1.206	1.026	14500.34	100	100	    0.00	    0.00	61913.26	18454.07	0.000	0.000
467.00	19632.67	    0.00	80367.33	    0.00	80367.33	0.000	1.206	1.026	14500.34	100	100	    0.00	    0.00	61913.26	18454.07	0.000	0.000
468.00	19632.67	    0.00	80367.33	    0.00	80367.33	0.000	1.206	1.026	14500.34	100	100	    0.00	    0.00	61913.26	18454.07	0.000	0.000
469.00	19632.67	    0.00	80367.33	    0.00	80367.33	0.000	1.206	1.026	14500.34	100	100	    0.00	    0.00	61913.26	18454.07	0.000	0.000
470.00	19632.67	    0.00	80367.33	    0.00	80367.33	0.000	1.206	1.026	14500.34	100	100	    0.00	    0.00	61913.26	18454.07	0.000	0.000
471.00	19632.67	    0.00	80367.33	    0.00	80367.33	0.000	1.206	1.026	14500.34	100	100	    0.00	    0.00	61913.26	18454.07	0.000	0.000
472.00	19632.67	    0.00	80367.33	    0.00	80367.33	0.000	1.206	1.026	14500.34	100	100	    0.00	    0.00	61913.26	18454.07	0.000	0.000
473.00	19632.67	    0.00	80367.33	    0.00	80367.33	0.000	1.206	1.026	14500.34	100	100	    0.00	    0.00	61913.26	18454.07	0.000	0.000
474.00	19632.67	    0.00	80367.33	    0.00	80367.33	0.000	1.206	1.026	14500.34	100	100	    0.00	    0.00	61913.26	18454.07	0.000	0.000
475.00	19632.67	    0.00	80367.33	    0.00	80367.33	0.000	1.206	1.026	14500.34	100	100	    0.00	    0.00	61913.26	18454.07	0.000	0.000
476.00	19632.67	    0.00	80367.33	    0.00	80367.33	0.000	1.206	1.026	14500.34	100	100	    0.00	    0.00	61913.26	18454.07	0.000	0.000
477.00	19632.67	    0.00	80367.33	    0.00	80367.33	0.000	1.206	1.026	14500.34	100	100	    0.00	    0.00	61913.26	18454.07	0.000	0.000
478.00	19632.67	    0.00	80367.33	    0.00	80367.33	0.000	1.206	1.026	14500.34	100	100	    0.00	    0.00	61913.26	18454.07	0.000	0.000
479.00	19632.67	    0.00	80367.33	    0.00	80367.33	0.000	1.206	1.026	14500.34	100	100	    0.00	    0.00	61913.26	18454.07	0.000	0.000
480.00	19632.67	    0.00	80367.33	    0.00	80367.33	0.000	1.206	1.026	14500.34	100	100	    0.00	    0.00	61913.26	18454.07	0.000	0.000
481.00	19632.67	    0.00	80367.33	    0.00	80367.33	0.000	1.206	1.026	14500.34	100	100	    0.00	    0.00	61913.26	18454.07	0.000	0.000
482.00	19632.67	    0.00	80367.33	    0.00	80367.33	0.000	1.206	1.026	14500.34	100	100	    0.00	    0.00	61913.26	18454.07	0.000	0.000
483.00	19632.67	    0.00	80367.33	    0.00	80367.33	0.000	1.206	1.026	14500.34	100	100	    0.00	    0.00	61913.26	18454.07	0.000	0.000
484.00	19632.67	    0.00	80367.33	    0.00	80367.33	0.000	1.206	1.026	14500.34	100	100	    0.00	    0.00	61913.26	18454.07	0.000	0.000
485.00	19632.67	    0.00	80367.33	    0.00	80367.33	0.000	1.206	1.026	14500.34	100	100	    0.00	    0.00	61913.26	18454.07	0.000	0.000
486.00	19632.67	    0.00	80367.33	    0.00	80367.33	0.000	1.206	1.026	14500.34	100	100	    0.00	    0.00	61913.26	18454.07	0.000	0.000
487.00	19632.67	    0.00	80367.33	    0.00	80367.33	0.000	1.206	1.026	14500.34	100	100	    0.00	    0.00	61913.26	18454.07	0.000	0.000
488.00	19632.67	    0.00	80367.33	    0.00	80367.33	0.000	1.206	1.026	14500.34	100	100	    0.00	    0.00	61913.26	18454.07	0.000	0.000
489.00	19632.67	    0.00	80367.33	    0.00	80367.33	0.000	1.206	1.026	14500.34	100	100	    0.00	    0.00	61913.26	18454.07	0.000	0.000
490.00	19632.67	    0.00	80367.33	    0.00	80367.33	0.000	1.206	1.026	14500.34	100	100	    0.00	    0.00	61913.26	18454.07	0.000	0.000
491.00	19632.67	    0.00	80367.33	    0.00	80367.33	0.000	1.206	1.026	14500.34	100	100	    0.00	    0.00	61913.26	18454.07	0.000	0.000
492.00	19632.67	    0.00	80367.33	    0.00	80367.33	0.000	1.206	1.026	14500.34	100	100	    0.00	    0.00	61913.26	18454.07	0.000	0.000
493.00	19632.67	    0.00	80367.33	    0.00	80367.33	0.000	1.206	1.026	14500.34	100	100	    0.00	    0.00	61913.26	18454.07	0.000	0.000
494.00	19632.67	    0.00	80367.33	    0.00	80367.33	0.000	1.206	1.026	14500.34	100	100	    0.00	    0.00	61913.26	18454.07	0.000	0.000
495.00	19632.67	    0.00	80367.33	    0.00	80367.33	0.000	1.206	1.026	14500.34	100	100	    0.00	    0.00	61913.26	18454.07	0.000	0.000
496.00	19632.67	    0.00	80367.33	    0.00	80367.33	0.000	1.206	1.026	14500.34	100	100	    0.00	    0.00	61913.26	18454.07	0.000	0.000
497.00	19632.67	    0.00	80367.33	    0.00	80367.33	0.000	1.206	1.026	14500.34	100	100	    0.00	    0.00	61913.26	18454.07	0.000	0.000
498.00	19632.67	    0.00	80367.33	    0.00	80367.33	0.000	1.206	1.026	14500.34	100	100	    0.00	    0.00	61913.26	18454.07	0.000	0.000
499.00	19632.67	    0.00	80367.33	    0.00	80367.33	0.000	1.206	1.026	14500.34	100	100	    0.00	    0.00	61913.26	18454.07	0.000	0.000
500.00	19632.67	    0.00	80367.33	    0.00	80367.33	0.000	1.206	1.026	14500.34	100	100	    0.00	    0.00	61913.26	18454.07	0.000	0.000
