0.00	99950.00	   50.00	    0.00	    0.00	   50.00	0.000	1.830	1.830	    0.00	  2		    0.00	    0.00	   27.00	   23.00	0.000	0.000
1.00	99949.95	   50.05	    0.00	    0.05	   50.05	0.000	1.895	1.893	    0.09	 22		    0.05	    0.00	   27.05	   23.00	1.000	0.000
2.00	99949.34	   50.38	    0.28	    0.64	   50.66	1.713	1.972	1.972	    0.05	 61		    0.43	    0.21	   27.44	   23.21	0.667	0.333
3.00	99945.02	   53.22	    1.76	    4.56	   54.98	0.762	2.010	2.009	    0.08	 95		    2.99	    1.57	   30.27	   24.71	0.656	0.344
4.00	99929.25	   64.74	    6.01	   16.02	   70.75	0.373	2.005	2.003	    0.11	100		   10.09	    5.93	   40.20	   30.55	0.630	0.370
5.00	99896.53	   89.17	   14.30	   32.72	  103.47	0.284	1.993	1.991	    0.18	100		   20.44	   12.28	   60.64	   42.83	0.625	0.375
6.00	99850.26	  120.04	   29.70	   46.27	  149.74	0.309	2.002	1.999	    0.36	100		   29.39	   16.88	   90.03	   59.71	0.635	0.365
7.00	99794.62	  152.53	   52.85	   55.64	  205.38	0.268	2.002	1.998	    0.75	100		   35.87	   19.77	  125.90	   79.48	0.645	0.355
8.00	99720.04	  198.48	   81.48	   74.58	  279.96	0.251	2.006	2.001	    1.37	100		   49.38	   25.20	  175.28	  104.68	0.662	0.338
9.00	99625.43	  254.71	  119.86	   94.61	  374.57	0.256	2.008	2.002	    2.25	100		   63.37	   31.24	  238.65	  135.92	0.670	0.330
10.00	99504.88	  325.85	  169.27	  120.55	  495.12	0.248	2.001	1.994	    3.51	100		   81.14	   39.41	  319.79	  175.33	0.673	0.327
11.00	99346.14	  421.57	  232.29	  158.74	  653.86	0.252	2.003	1.994	    5.89	100		  107.26	   51.48	  427.05	  226.81	0.676	0.324
12.00	99144.57	  543.82	  311.61	  201.57	  855.43	0.256	1.995	1.984	    9.38	100		  139.22	   62.35	  566.27	  289.16	0.691	0.309
13.00	98887.16	  695.51	  417.33	  257.41	 1112.84	0.250	1.991	1.977	   15.40	100		  174.99	   82.42	  741.26	  371.58	0.680	0.320
14.00	98555.89	  892.96	  551.15	  331.27	 1444.11	0.248	1.992	1.974	   25.35	100		  229.84	  101.43	  971.10	  473.01	0.694	0.306
15.00	98134.85	 1138.84	  726.31	  421.04	 1865.15	0.247	1.985	1.962	   41.56	100		  292.55	  128.49	 1263.65	  601.50	0.695	0.305
16.00	97591.32	 1460.93	  947.75	  543.53	 2408.68	0.246	1.977	1.948	   68.40	100		  378.32	  165.21	 1641.97	  766.71	0.696	0.304
17.00	96912.25	 1852.31	 1235.44	  679.07	 3087.75	0.243	1.968	1.933	  109.93	100		  473.62	  205.45	 2115.59	  972.16	0.697	0.303
18.00	96041.14	 2359.89	 1598.97	  871.11	 3958.86	0.240	1.960	1.916	  175.53	100		  612.74	  258.37	 2728.33	 1230.53	0.703	0.297
19.00	94953.55	 2976.44	 2070.01	 1087.59	 5046.45	0.237	1.948	1.893	  277.22	100		  767.76	  319.83	 3496.09	 1550.36	0.706	0.294
20.00	93590.36	 3741.48	 2668.16	 1363.19	 6409.64	0.230	1.935	1.867	  433.49	100		  962.79	  400.40	 4458.88	 1950.76	0.706	0.294
21.00	91895.60	 4673.01	 3431.39	 1694.76	 8104.40	0.226	1.916	1.834	  666.26	100		 1206.59	  488.17	 5665.47	 2438.93	0.712	0.288
22.00	89821.29	 5772.84	 4405.87	 2074.31	10178.71	0.217	1.893	1.793	 1013.32	100		 1476.94	  597.37	 7142.41	 3036.30	0.712	0.288
23.00	87288.18	 7087.16	 5624.66	 2533.11	12711.82	0.208	1.868	1.749	 1508.48	100		 1809.77	  723.34	 8952.18	 3759.64	0.714	0.286
24.00	84269.77	 8573.59	 7156.64	 3018.41	15730.23	0.198	1.836	1.697	 2184.11	100		 2168.38	  850.03	11120.56	 4609.67	0.718	0.282
25.00	80711.69	10220.43	 9067.88	 3558.08	19288.31	0.183	1.799	1.639	 3081.33	100		 2571.04	  987.04	13691.60	 5596.71	0.723	0.277
26.00	76632.44	11934.78	11432.78	 4079.25	23367.56	0.165	1.758	1.578	 4204.65	100		 2978.55	 1100.70	16670.15	 6697.41	0.730	0.270
27.00	72046.50	13645.89	14307.61	 4585.94	27953.50	0.145	1.711	1.512	 5541.42	100		 3370.92	 1215.02	20041.07	 7912.43	0.735	0.265
28.00	67058.63	15167.92	17773.45	 4987.87	32941.37	0.120	1.660	1.447	 7028.90	100		 3702.40	 1285.47	23743.47	 9197.90	0.742	0.258
29.00	61815.05	16363.12	21821.83	 5243.58	38184.95	0.091	1.606	1.382	 8588.55	100		 3929.54	 1314.04	27673.01	10511.94	0.749	0.251
30.00	56405.75	17133.59	26460.66	 5409.30	43594.25	0.061	1.552	1.320	10133.19	100		 4099.48	 1309.82	31772.49	11821.76	0.758	0.242
31.00	51164.02	17165.10	31670.88	 5241.73	48835.98	0.024	1.499	1.263	11525.03	100		 4009.17	 1232.56	35781.66	13054.32	0.765	0.235
32.00	46178.07	16614.38	37207.55	 4985.95	53821.93	-0.015	1.449	1.213	12718.90	100		 3857.72	 1128.23	39639.38	14182.55	0.774	0.226
33.00	41617.75	15458.63	42923.62	 4560.32	58382.25	-0.052	1.404	1.170	13670.45	100		 3562.78	  997.54	43202.16	15180.09	0.781	0.219
34.00	37608.67	13804.70	48586.63	 4009.08	62391.33	-0.093	1.364	1.133	14378.58	100		 3165.40	  843.68	46367.56	16023.77	0.790	0.210
35.00	34164.55	11904.26	53931.19	 3444.12	65835.45	-0.131	1.330	1.104	14883.40	100		 2739.51	  704.61	49107.07	16728.38	0.795	0.205
36.00	31313.03	 9900.89	58786.08	 2851.52	68686.97	-0.166	1.302	1.080	15226.65	100		 2283.83	  567.69	51390.90	17296.07	0.801	0.199
37.00	28991.99	 8011.62	62996.39	 2321.04	71008.01	-0.198	1.278	1.061	15444.05	100		 1873.76	  447.28	53264.66	17743.35	0.807	0.193
38.00	27134.06	 6324.06	66541.88	 1857.93	72865.94	-0.224	1.260	1.046	15581.89	100		 1509.54	  348.39	54774.20	18091.74	0.812	0.188
39.00	25678.13	 4896.90	69424.97	 1455.93	74321.87	-0.246	1.246	1.035	15665.01	100		 1185.03	  270.90	55959.23	18362.64	0.814	0.186
40.00	24544.16	 3745.11	71710.73	 1133.97	75455.84	-0.262	1.234	1.026	15715.86	100		  928.71	  205.26	56887.94	18567.90	0.819	0.181
41.00	23677.02	 2832.09	73490.89	  867.14	76322.98	-0.274	1.226	1.019	15743.51	100		  710.01	  157.13	57597.95	18725.03	0.819	0.181
42.00	23013.45	 2128.86	74857.69	  663.57	76986.55	-0.282	1.219	1.014	15760.66	100		  544.55	  119.02	58142.50	18844.05	0.821	0.179
43.00	22511.17	 1592.48	75896.35	  502.28	77488.83	-0.288	1.214	1.011	15771.15	100		  412.27	   90.01	58554.77	18934.06	0.821	0.179
44.00	22129.12	 1190.02	76680.86	  382.05	77870.88	-0.291	1.210	1.008	15776.70	100		  315.12	   66.93	58869.89	19000.99	0.825	0.175
45.00	21845.02	  880.90	77274.08	  284.10	78154.98	-0.296	1.208	1.006	15779.83	100		  233.65	   50.45	59103.54	19051.44	0.822	0.178
46.00	21631.29	  656.28	77712.43	  213.73	78368.71	-0.298	1.205	1.004	15781.40	100		  177.15	   36.58	59280.69	19088.02	0.829	0.171
47.00	21470.80	  488.67	78040.53	  160.49	78529.20	-0.295	1.204	1.003	15782.31	100		  132.21	   28.28	59412.90	19116.30	0.824	0.176
48.00	21351.76	  362.65	78285.59	  119.04	78648.24	-0.297	1.203	1.002	15782.77	100		   98.95	   20.09	59511.85	19136.39	0.831	0.169
49.00	21262.15	  269.85	78468.00	   89.61	78737.85	-0.297	1.202	1.001	15783.06	100		   74.51	   15.10	59586.36	19151.49	0.831	0.169
50.00	21195.26	  200.43	78604.31	   66.89	78804.74	-0.296	1.201	1.001	15783.18	100		   56.05	   10.84	59642.41	19162.33	0.838	0.162
51.00	21146.13	  147.31	78706.56	   49.13	78853.87	-0.303	1.201	1.000	15783.32	100		   40.57	    8.56	59682.98	19170.89	0.826	0.174
52.00	21109.77	  109.51	78780.72	   36.36	78890.23	-0.302	1.200	1.000	15783.38	100		   30.36	    6.00	59713.34	19176.89	0.835	0.165
53.00	21082.57	   82.34	78835.09	   27.20	78917.43	-0.291	1.200	1.000	15783.42	100		   22.84	    4.36	59736.18	19181.25	0.840	0.160
54.00	21061.87	   61.82	78876.31	   20.70	78938.13	-0.286	1.200	1.000	15783.43	100		   17.28	    3.42	59753.46	19184.67	0.835	0.165
55.00	21047.06	   45.32	78907.62	   14.81	78952.94	-0.299	1.200	1.000	15783.43	100		   12.39	    2.42	59765.85	19187.09	0.837	0.163
56.00	21035.87	   34.01	78930.12	   11.19	78964.13	-0.299	1.199	1.000	15783.45	100		    9.34	    1.85	59775.19	19188.94	0.835	0.165
57.00	21027.20	   25.44	78947.36	    8.67	78972.80	-0.289	1.199	1.000	15783.46	100		    7.15	    1.52	59782.34	19190.46	0.825	0.175
58.00	21021.34	   17.85	78960.81	    5.86	78978.66	-0.322	1.199	0.999	15783.46	100		    4.91	    0.95	59787.25	19191.41	0.838	0.162
59.00	21016.83	   13.47	78969.70	    4.51	78983.17	-0.318	1.199	0.999	15783.46	100		    3.80	    0.71	59791.05	19192.12	0.843	0.157
60.00	21013.37	   10.33	78976.30	    3.46	78986.63	-0.273	1.199	0.999	15783.46	100		    2.85	    0.61	59793.90	19192.73	0.824	0.176
61.00	21010.65	    7.81	78981.54	    2.72	78989.35	-0.273	1.199	0.999	15783.46	100		    2.22	    0.50	59796.12	19193.23	0.816	0.184
62.00	21008.95	    5.48	78985.57	    1.70	78991.05	-0.317	1.199	0.999	15783.46	100		    1.41	    0.29	59797.53	19193.52	0.829	0.171
63.00	21007.44	    4.54	78988.02	    1.51	78992.56	-0.271	1.199	0.999	15783.46	100		    1.28	    0.23	59798.81	19193.75	0.848	0.152
64.00	21006.33	    3.28	78990.39	    1.11	78993.67	-0.257	1.199	0.999	15783.46	100		    0.90	    0.21	59799.71	19193.96	0.811	0.189
65.00	21005.56	    2.32	78992.12	    0.77	78994.44	-0.336	1.199	0.999	15783.46	100		    0.69	    0.08	59800.40	19194.04	0.896	0.104
66.00	21004.90	    1.94	78993.16	    0.66	78995.10	-0.263	1.199	0.999	15783.46	100		    0.59	    0.07	59800.99	19194.11	0.894	0.106
67.00	21004.44	    1.39	78994.17	    0.46	78995.56	-0.256	1.199	0.999	15783.46	100		    0.38	    0.08	59801.37	19194.19	0.826	0.174
68.00	21004.10	    1.04	78994.86	    0.34	78995.90	-0.312	1.199	0.999	15783.46	100		    0.27	    0.07	59801.64	19194.26	0.794	0.206
69.00	21003.84	    0.80	78995.36	    0.26	78996.16	-0.276	1.199	0.999	15783.46	100		    0.24	    0.02	59801.88	19194.28	0.923	0.077
70.00	21003.62	    0.61	78995.77	    0.22	78996.38	-0.267	1.199	0.999	15783.46	100		    0.18	    0.04	59802.06	19194.32	0.818	0.182
71.00	21003.43	    0.50	78996.07	    0.19	78996.57	-0.235	1.199	0.999	15783.46	100		    0.14	    0.05	59802.20	19194.37	0.737	0.263
72.00	21003.31	    0.35	78996.34	    0.12	78996.69	-0.278	1.199	0.999	15783.46	100		    0.10	    0.02	59802.30	19194.39	0.833	0.167
73.00	21003.24	    0.26	78996.50	    0.07	78996.76	-0.327	1.199	0.999	15783.46	100		    0.05	    0.02	59802.35	19194.41	0.714	0.286
74.00	21003.18	    0.21	78996.61	    0.06	78996.82	-0.255	1.199	0.999	15783.46	100		    0.05	    0.01	59802.40	19194.42	0.833	0.167
75.00	21003.13	    0.16	78996.71	    0.05	78996.87	-0.243	1.199	0.999	15783.46	100		    0.04	    0.01	59802.44	19194.43	0.800	0.200
76.00	21003.08	    0.14	78996.78	    0.05	78996.92	-0.203	1.199	0.999	15783.46	100		    0.05	    0.00	59802.49	19194.43	1.000	0.000
77.00	21003.04	    0.10	78996.86	    0.04	78996.96	-0.235	1.199	0.999	15783.46	100		    0.04	    0.00	59802.53	19194.43	1.000	0.000
78.00	21003.02	    0.05	78996.93	    0.02	78996.98	-0.515	1.199	0.999	15783.46	100		    0.02	    0.00	59802.55	19194.43	1.000	0.000
79.00	21002.99	    0.05	78996.96	    0.03	78997.01	-0.347	1.199	0.999	15783.46	100		    0.03	    0.00	59802.58	19194.43	1.000	0.000
80.00	21002.98	    0.03	78996.99	    0.01	78997.02	-0.255	1.199	0.999	15783.46	100		    0.01	    0.00	59802.59	19194.43	1.000	0.000
81.00	21002.98	    0.01	78997.01	    0.00	78997.02	-0.805	1.199	0.999	15783.46	100		    0.00	    0.00	59802.59	19194.43	0.000	0.000
82.00	21002.97	    0.02	78997.01	    0.01	78997.03	-0.203	1.199	0.999	15783.46	100		    0.01	    0.00	59802.60	19194.43	1.000	0.000
83.00	21002.97	    0.00	78997.03	    0.00	78997.03	0.000	1.199	0.999	15783.46	100		    0.00	    0.00	59802.60	19194.43	0.000	0.000
84.00	21002.97	    0.00	78997.03	    0.00	78997.03	-0.347	1.199	0.999	15783.46	100		    0.00	    0.00	59802.60	19194.43	0.000	0.000
85.00	21002.97	    0.00	78997.03	    0.00	78997.03	0.000	1.199	0.999	15783.46	100		    0.00	    0.00	59802.60	19194.43	0.000	0.000
86.00	21002.97	    0.00	78997.03	    0.00	78997.03	0.000	1.199	0.999	15783.46	100		    0.00	    0.00	59802.60	19194.43	0.000	0.000
87.00	21002.97	    0.00	78997.03	    0.00	78997.03	0.000	1.199	0.999	15783.46	100		    0.00	    0.00	59802.60	19194.43	0.000	0.000
88.00	21002.97	    0.00	78997.03	    0.00	78997.03	0.000	1.199	0.999	15783.46	100		    0.00	    0.00	59802.60	19194.43	0.000	0.000
89.00	21002.97	    0.00	78997.03	    0.00	78997.03	0.000	1.199	0.999	15783.46	100		    0.00	    0.00	59802.60	19194.43	0.000	0.000
90.00	21002.97	    0.00	78997.03	    0.00	78997.03	0.000	1.199	0.999	15783.46	100		    0.00	    0.00	59802.60	19194.43	0.000	0.000
91.00	21002.97	    0.00	78997.03	    0.00	78997.03	0.000	1.199	0.999	15783.46	100		    0.00	    0.00	59802.60	19194.43	0.000	0.000
92.00	21002.97	    0.00	78997.03	    0.00	78997.03	0.000	1.199	0.999	15783.46	100		    0.00	    0.00	59802.60	19194.43	0.000	0.000
93.00	21002.97	    0.00	78997.03	    0.00	78997.03	0.000	1.199	0.999	15783.46	100		    0.00	    0.00	59802.60	19194.43	0.000	0.000
94.00	21002.97	    0.00	78997.03	    0.00	78997.03	0.000	1.199	0.999	15783.46	100		    0.00	    0.00	59802.60	19194.43	0.000	0.000
95.00	21002.97	    0.00	78997.03	    0.00	78997.03	0.000	1.199	0.999	15783.46	100		    0.00	    0.00	59802.60	19194.43	0.000	0.000
96.00	21002.97	    0.00	78997.03	    0.00	78997.03	0.000	1.199	0.999	15783.46	100		    0.00	    0.00	59802.60	19194.43	0.000	0.000
97.00	21002.97	    0.00	78997.03	    0.00	78997.03	0.000	1.199	0.999	15783.46	100		    0.00	    0.00	59802.60	19194.43	0.000	0.000
98.00	21002.97	    0.00	78997.03	    0.00	78997.03	0.000	1.199	0.999	15783.46	100		    0.00	    0.00	59802.60	19194.43	0.000	0.000
99.00	21002.97	    0.00	78997.03	    0.00	78997.03	0.000	1.199	0.999	15783.46	100		    0.00	    0.00	59802.60	19194.43	0.000	0.000
100.00	21002.97	    0.00	78997.03	    0.00	78997.03	0.000	1.199	0.999	15783.46	100		    0.00	    0.00	59802.60	19194.43	0.000	0.000
101.00	21002.97	    0.00	78997.03	    0.00	78997.03	0.000	1.199	0.999	15783.46	100		    0.00	    0.00	59802.60	19194.43	0.000	0.000
102.00	21002.97	    0.00	78997.03	    0.00	78997.03	0.000	1.199	0.999	15783.46	100		    0.00	    0.00	59802.60	19194.43	0.000	0.000
103.00	21002.97	    0.00	78997.03	    0.00	78997.03	0.000	1.199	0.999	15783.46	100		    0.00	    0.00	59802.60	19194.43	0.000	0.000
104.00	21002.97	    0.00	78997.03	    0.00	78997.03	0.000	1.199	0.999	15783.46	100		    0.00	    0.00	59802.60	19194.43	0.000	0.000
105.00	21002.97	    0.00	78997.03	    0.00	78997.03	0.000	1.199	0.999	15783.46	100		    0.00	    0.00	59802.60	19194.43	0.000	0.000
106.00	21002.97	    0.00	78997.03	    0.00	78997.03	0.000	1.199	0.999	15783.46	100		    0.00	    0.00	59802.60	19194.43	0.000	0.000
107.00	21002.97	    0.00	78997.03	    0.00	78997.03	0.000	1.199	0.999	15783.46	100		    0.00	    0.00	59802.60	19194.43	0.000	0.000
108.00	21002.97	    0.00	78997.03	    0.00	78997.03	0.000	1.199	0.999	15783.46	100		    0.00	    0.00	59802.60	19194.43	0.000	0.000
109.00	21002.97	    0.00	78997.03	    0.00	78997.03	0.000	1.199	0.999	15783.46	100		    0.00	    0.00	59802.60	19194.43	0.000	0.000
110.00	21002.97	    0.00	78997.03	    0.00	78997.03	0.000	1.199	0.999	15783.46	100		    0.00	    0.00	59802.60	19194.43	0.000	0.000
111.00	21002.97	    0.00	78997.03	    0.00	78997.03	0.000	1.199	0.999	15783.46	100		    0.00	    0.00	59802.60	19194.43	0.000	0.000
112.00	21002.97	    0.00	78997.03	    0.00	78997.03	0.000	1.199	0.999	15783.46	100		    0.00	    0.00	59802.60	19194.43	0.000	0.000
113.00	21002.97	    0.00	78997.03	    0.00	78997.03	0.000	1.199	0.999	15783.46	100		    0.00	    0.00	59802.60	19194.43	0.000	0.000
114.00	21002.97	    0.00	78997.03	    0.00	78997.03	0.000	1.199	0.999	15783.46	100		    0.00	    0.00	59802.60	19194.43	0.000	0.000
115.00	21002.97	    0.00	78997.03	    0.00	78997.03	0.000	1.199	0.999	15783.46	100		    0.00	    0.00	59802.60	19194.43	0.000	0.000
116.00	21002.97	    0.00	78997.03	    0.00	78997.03	0.000	1.199	0.999	15783.46	100		    0.00	    0.00	59802.60	19194.43	0.000	0.000
117.00	21002.97	    0.00	78997.03	    0.00	78997.03	0.000	1.199	0.999	15783.46	100		    0.00	    0.00	59802.60	19194.43	0.000	0.000
118.00	21002.97	    0.00	78997.03	    0.00	78997.03	0.000	1.199	0.999	15783.46	100		    0.00	    0.00	59802.60	19194.43	0.000	0.000
119.00	21002.97	    0.00	78997.03	    0.00	78997.03	0.000	1.199	0.999	15783.46	100		    0.00	    0.00	59802.60	19194.43	0.000	0.000
120.00	21002.97	    0.00	78997.03	    0.00	78997.03	0.000	1.199	0.999	15783.46	100		    0.00	    0.00	59802.60	19194.43	0.000	0.000
121.00	21002.97	    0.00	78997.03	    0.00	78997.03	0.000	1.199	0.999	15783.46	100		    0.00	    0.00	59802.60	19194.43	0.000	0.000
122.00	21002.97	    0.00	78997.03	    0.00	78997.03	0.000	1.199	0.999	15783.46	100		    0.00	    0.00	59802.60	19194.43	0.000	0.000
123.00	21002.97	    0.00	78997.03	    0.00	78997.03	0.000	1.199	0.999	15783.46	100		    0.00	    0.00	59802.60	19194.43	0.000	0.000
124.00	21002.97	    0.00	78997.03	    0.00	78997.03	0.000	1.199	0.999	15783.46	100		    0.00	    0.00	59802.60	19194.43	0.000	0.000
125.00	21002.97	    0.00	78997.03	    0.00	78997.03	0.000	1.199	0.999	15783.46	100		    0.00	    0.00	59802.60	19194.43	0.000	0.000
126.00	21002.97	    0.00	78997.03	    0.00	78997.03	0.000	1.199	0.999	15783.46	100		    0.00	    0.00	59802.60	19194.43	0.000	0.000
127.00	21002.97	    0.00	78997.03	    0.00	78997.03	0.000	1.199	0.999	15783.46	100		    0.00	    0.00	59802.60	19194.43	0.000	0.000
128.00	21002.97	    0.00	78997.03	    0.00	78997.03	0.000	1.199	0.999	15783.46	100		    0.00	    0.00	59802.60	19194.43	0.000	0.000
129.00	21002.97	    0.00	78997.03	    0.00	78997.03	0.000	1.199	0.999	15783.46	100		    0.00	    0.00	59802.60	19194.43	0.000	0.000
130.00	21002.97	    0.00	78997.03	    0.00	78997.03	0.000	1.199	0.999	15783.46	100		    0.00	    0.00	59802.60	19194.43	0.000	0.000
131.00	21002.97	    0.00	78997.03	    0.00	78997.03	0.000	1.199	0.999	15783.46	100		    0.00	    0.00	59802.60	19194.43	0.000	0.000
132.00	21002.97	    0.00	78997.03	    0.00	78997.03	0.000	1.199	0.999	15783.46	100		    0.00	    0.00	59802.60	19194.43	0.000	0.000
133.00	21002.97	    0.00	78997.03	    0.00	78997.03	0.000	1.199	0.999	15783.46	100		    0.00	    0.00	59802.60	19194.43	0.000	0.000
134.00	21002.97	    0.00	78997.03	    0.00	78997.03	0.000	1.199	0.999	15783.46	100		    0.00	    0.00	59802.60	19194.43	0.000	0.000
135.00	21002.97	    0.00	78997.03	    0.00	78997.03	0.000	1.199	0.999	15783.46	100		    0.00	    0.00	59802.60	19194.43	0.000	0.000
136.00	21002.97	    0.00	78997.03	    0.00	78997.03	0.000	1.199	0.999	15783.46	100		    0.00	    0.00	59802.60	19194.43	0.000	0.000
137.00	21002.97	    0.00	78997.03	    0.00	78997.03	0.000	1.199	0.999	15783.46	100		    0.00	    0.00	59802.60	19194.43	0.000	0.000
138.00	21002.97	    0.00	78997.03	    0.00	78997.03	0.000	1.199	0.999	15783.46	100		    0.00	    0.00	59802.60	19194.43	0.000	0.000
139.00	21002.97	    0.00	78997.03	    0.00	78997.03	0.000	1.199	0.999	15783.46	100		    0.00	    0.00	59802.60	19194.43	0.000	0.000
140.00	21002.97	    0.00	78997.03	    0.00	78997.03	0.000	1.199	0.999	15783.46	100		    0.00	    0.00	59802.60	19194.43	0.000	0.000
141.00	21002.97	    0.00	78997.03	    0.00	78997.03	0.000	1.199	0.999	15783.46	100		    0.00	    0.00	59802.60	19194.43	0.000	0.000
142.00	21002.97	    0.00	78997.03	    0.00	78997.03	0.000	1.199	0.999	15783.46	100		    0.00	    0.00	59802.60	19194.43	0.000	0.000
143.00	21002.97	    0.00	78997.03	    0.00	78997.03	0.000	1.199	0.999	15783.46	100		    0.00	    0.00	59802.60	19194.43	0.000	0.000
144.00	21002.97	    0.00	78997.03	    0.00	78997.03	0.000	1.199	0.999	15783.46	100		    0.00	    0.00	59802.60	19194.43	0.000	0.000
145.00	21002.97	    0.00	78997.03	    0.00	78997.03	0.000	1.199	0.999	15783.46	100		    0.00	    0.00	59802.60	19194.43	0.000	0.000
146.00	21002.97	    0.00	78997.03	    0.00	78997.03	0.000	1.199	0.999	15783.46	100		    0.00	    0.00	59802.60	19194.43	0.000	0.000
147.00	21002.97	    0.00	78997.03	    0.00	78997.03	0.000	1.199	0.999	15783.46	100		    0.00	    0.00	59802.60	19194.43	0.000	0.000
148.00	21002.97	    0.00	78997.03	    0.00	78997.03	0.000	1.199	0.999	15783.46	100		    0.00	    0.00	59802.60	19194.43	0.000	0.000
149.00	21002.97	    0.00	78997.03	    0.00	78997.03	0.000	1.199	0.999	15783.46	100		    0.00	    0.00	59802.60	19194.43	0.000	0.000
150.00	21002.97	    0.00	78997.03	    0.00	78997.03	0.000	1.199	0.999	15783.46	100		    0.00	    0.00	59802.60	19194.43	0.000	0.000
151.00	21002.97	    0.00	78997.03	    0.00	78997.03	0.000	1.199	0.999	15783.46	100		    0.00	    0.00	59802.60	19194.43	0.000	0.000
152.00	21002.97	    0.00	78997.03	    0.00	78997.03	0.000	1.199	0.999	15783.46	100		    0.00	    0.00	59802.60	19194.43	0.000	0.000
153.00	21002.97	    0.00	78997.03	    0.00	78997.03	0.000	1.199	0.999	15783.46	100		    0.00	    0.00	59802.60	19194.43	0.000	0.000
154.00	21002.97	    0.00	78997.03	    0.00	78997.03	0.000	1.199	0.999	15783.46	100		    0.00	    0.00	59802.60	19194.43	0.000	0.000
155.00	21002.97	    0.00	78997.03	    0.00	78997.03	0.000	1.199	0.999	15783.46	100		    0.00	    0.00	59802.60	19194.43	0.000	0.000
156.00	21002.97	    0.00	78997.03	    0.00	78997.03	0.000	1.199	0.999	15783.46	100		    0.00	    0.00	59802.60	19194.43	0.000	0.000
157.00	21002.97	    0.00	78997.03	    0.00	78997.03	0.000	1.199	0.999	15783.46	100		    0.00	    0.00	59802.60	19194.43	0.000	0.000
158.00	21002.97	    0.00	78997.03	    0.00	78997.03	0.000	1.199	0.999	15783.46	100		    0.00	    0.00	59802.60	19194.43	0.000	0.000
159.00	21002.97	    0.00	78997.03	    0.00	78997.03	0.000	1.199	0.999	15783.46	100		    0.00	    0.00	59802.60	19194.43	0.000	0.000
160.00	21002.97	    0.00	78997.03	    0.00	78997.03	0.000	1.199	0.999	15783.46	100		    0.00	    0.00	59802.60	19194.43	0.000	0.000
161.00	21002.97	    0.00	78997.03	    0.00	78997.03	0.000	1.199	0.999	15783.46	100		    0.00	    0.00	59802.60	19194.43	0.000	0.000
162.00	21002.97	    0.00	78997.03	    0.00	78997.03	0.000	1.199	0.999	15783.46	100		    0.00	    0.00	59802.60	19194.43	0.000	0.000
163.00	21002.97	    0.00	78997.03	    0.00	78997.03	0.000	1.199	0.999	15783.46	100		    0.00	    0.00	59802.60	19194.43	0.000	0.000
164.00	21002.97	    0.00	78997.03	    0.00	78997.03	0.000	1.199	0.999	15783.46	100		    0.00	    0.00	59802.60	19194.43	0.000	0.000
165.00	21002.97	    0.00	78997.03	    0.00	78997.03	0.000	1.199	0.999	15783.46	100		    0.00	    0.00	59802.60	19194.43	0.000	0.000
166.00	21002.97	    0.00	78997.03	    0.00	78997.03	0.000	1.199	0.999	15783.46	100		    0.00	    0.00	59802.60	19194.43	0.000	0.000
167.00	21002.97	    0.00	78997.03	    0.00	78997.03	0.000	1.199	0.999	15783.46	100		    0.00	    0.00	59802.60	19194.43	0.000	0.000
168.00	21002.97	    0.00	78997.03	    0.00	78997.03	0.000	1.199	0.999	15783.46	100		    0.00	    0.00	59802.60	19194.43	0.000	0.000
169.00	21002.97	    0.00	78997.03	    0.00	78997.03	0.000	1.199	0.999	15783.46	100		    0.00	    0.00	59802.60	19194.43	0.000	0.000
170.00	21002.97	    0.00	78997.03	    0.00	78997.03	0.000	1.199	0.999	15783.46	100		    0.00	    0.00	59802.60	19194.43	0.000	0.000
171.00	21002.97	    0.00	78997.03	    0.00	78997.03	0.000	1.199	0.999	15783.46	100		    0.00	    0.00	59802.60	19194.43	0.000	0.000
172.00	21002.97	    0.00	78997.03	    0.00	78997.03	0.000	1.199	0.999	15783.46	100		    0.00	    0.00	59802.60	19194.43	0.000	0.000
173.00	21002.97	    0.00	78997.03	    0.00	78997.03	0.000	1.199	0.999	15783.46	100		    0.00	    0.00	59802.60	19194.43	0.000	0.000
174.00	21002.97	    0.00	78997.03	    0.00	78997.03	0.000	1.199	0.999	15783.46	100		    0.00	    0.00	59802.60	19194.43	0.000	0.000
175.00	21002.97	    0.00	78997.03	    0.00	78997.03	0.000	1.199	0.999	15783.46	100		    0.00	    0.00	59802.60	19194.43	0.000	0.000
176.00	21002.97	    0.00	78997.03	    0.00	78997.03	0.000	1.199	0.999	15783.46	100		    0.00	    0.00	59802.60	19194.43	0.000	0.000
177.00	21002.97	    0.00	78997.03	    0.00	78997.03	0.000	1.199	0.999	15783.46	100		    0.00	    0.00	59802.60	19194.43	0.000	0.000
178.00	21002.97	    0.00	78997.03	    0.00	78997.03	0.000	1.199	0.999	15783.46	100		    0.00	    0.00	59802.60	19194.43	0.000	0.000
179.00	21002.97	    0.00	78997.03	    0.00	78997.03	0.000	1.199	0.999	15783.46	100		    0.00	    0.00	59802.60	19194.43	0.000	0.000
180.00	21002.97	    0.00	78997.03	    0.00	78997.03	0.000	1.199	0.999	15783.46	100		    0.00	    0.00	59802.60	19194.43	0.000	0.000
181.00	21002.97	    0.00	78997.03	    0.00	78997.03	0.000	1.199	0.999	15783.46	100		    0.00	    0.00	59802.60	19194.43	0.000	0.000
182.00	21002.97	    0.00	78997.03	    0.00	78997.03	0.000	1.199	0.999	15783.46	100		    0.00	    0.00	59802.60	19194.43	0.000	0.000
183.00	21002.97	    0.00	78997.03	    0.00	78997.03	0.000	1.199	0.999	15783.46	100		    0.00	    0.00	59802.60	19194.43	0.000	0.000
184.00	21002.97	    0.00	78997.03	    0.00	78997.03	0.000	1.199	0.999	15783.46	100		    0.00	    0.00	59802.60	19194.43	0.000	0.000
185.00	21002.97	    0.00	78997.03	    0.00	78997.03	0.000	1.199	0.999	15783.46	100		    0.00	    0.00	59802.60	19194.43	0.000	0.000
186.00	21002.97	    0.00	78997.03	    0.00	78997.03	0.000	1.199	0.999	15783.46	100		    0.00	    0.00	59802.60	19194.43	0.000	0.000
187.00	21002.97	    0.00	78997.03	    0.00	78997.03	0.000	1.199	0.999	15783.46	100		    0.00	    0.00	59802.60	19194.43	0.000	0.000
188.00	21002.97	    0.00	78997.03	    0.00	78997.03	0.000	1.199	0.999	15783.46	100		    0.00	    0.00	59802.60	19194.43	0.000	0.000
189.00	21002.97	    0.00	78997.03	    0.00	78997.03	0.000	1.199	0.999	15783.46	100		    0.00	    0.00	59802.60	19194.43	0.000	0.000
190.00	21002.97	    0.00	78997.03	    0.00	78997.03	0.000	1.199	0.999	15783.46	100		    0.00	    0.00	59802.60	19194.43	0.000	0.000
191.00	21002.97	    0.00	78997.03	    0.00	78997.03	0.000	1.199	0.999	15783.46	100		    0.00	    0.00	59802.60	19194.43	0.000	0.000
192.00	21002.97	    0.00	78997.03	    0.00	78997.03	0.000	1.199	0.999	15783.46	100		    0.00	    0.00	59802.60	19194.43	0.000	0.000
193.00	21002.97	    0.00	78997.03	    0.00	78997.03	0.000	1.199	0.999	15783.46	100		    0.00	    0.00	59802.60	19194.43	0.000	0.000
194.00	21002.97	    0.00	78997.03	    0.00	78997.03	0.000	1.199	0.999	15783.46	100		    0.00	    0.00	59802.60	19194.43	0.000	0.000
195.00	21002.97	    0.00	78997.03	    0.00	78997.03	0.000	1.199	0.999	15783.46	100		    0.00	    0.00	59802.60	19194.43	0.000	0.000
196.00	21002.97	    0.00	78997.03	    0.00	78997.03	0.000	1.199	0.999	15783.46	100		    0.00	    0.00	59802.60	19194.43	0.000	0.000
197.00	21002.97	    0.00	78997.03	    0.00	78997.03	0.000	1.199	0.999	15783.46	100		    0.00	    0.00	59802.60	19194.43	0.000	0.000
198.00	21002.97	    0.00	78997.03	    0.00	78997.03	0.000	1.199	0.999	15783.46	100		    0.00	    0.00	59802.60	19194.43	0.000	0.000
199.00	21002.97	    0.00	78997.03	    0.00	78997.03	0.000	1.199	0.999	15783.46	100		    0.00	    0.00	59802.60	19194.43	0.000	0.000
200.00	21002.97	    0.00	78997.03	    0.00	78997.03	0.000	1.199	0.999	15783.46	100		    0.00	    0.00	59802.60	19194.43	0.000	0.000
201.00	21002.97	    0.00	78997.03	    0.00	78997.03	0.000	1.199	0.999	15783.46	100		    0.00	    0.00	59802.60	19194.43	0.000	0.000
202.00	21002.97	    0.00	78997.03	    0.00	78997.03	0.000	1.199	0.999	15783.46	100		    0.00	    0.00	59802.60	19194.43	0.000	0.000
203.00	21002.97	    0.00	78997.03	    0.00	78997.03	0.000	1.199	0.999	15783.46	100		    0.00	    0.00	59802.60	19194.43	0.000	0.000
204.00	21002.97	    0.00	78997.03	    0.00	78997.03	0.000	1.199	0.999	15783.46	100		    0.00	    0.00	59802.60	19194.43	0.000	0.000
205.00	21002.97	    0.00	78997.03	    0.00	78997.03	0.000	1.199	0.999	15783.46	100		    0.00	    0.00	59802.60	19194.43	0.000	0.000
206.00	21002.97	    0.00	78997.03	    0.00	78997.03	0.000	1.199	0.999	15783.46	100		    0.00	    0.00	59802.60	19194.43	0.000	0.000
207.00	21002.97	    0.00	78997.03	    0.00	78997.03	0.000	1.199	0.999	15783.46	100		    0.00	    0.00	59802.60	19194.43	0.000	0.000
208.00	21002.97	    0.00	78997.03	    0.00	78997.03	0.000	1.199	0.999	15783.46	100		    0.00	    0.00	59802.60	19194.43	0.000	0.000
209.00	21002.97	    0.00	78997.03	    0.00	78997.03	0.000	1.199	0.999	15783.46	100		    0.00	    0.00	59802.60	19194.43	0.000	0.000
210.00	21002.97	    0.00	78997.03	    0.00	78997.03	0.000	1.199	0.999	15783.46	100		    0.00	    0.00	59802.60	19194.43	0.000	0.000
211.00	21002.97	    0.00	78997.03	    0.00	78997.03	0.000	1.199	0.999	15783.46	100		    0.00	    0.00	59802.60	19194.43	0.000	0.000
212.00	21002.97	    0.00	78997.03	    0.00	78997.03	0.000	1.199	0.999	15783.46	100		    0.00	    0.00	59802.60	19194.43	0.000	0.000
213.00	21002.97	    0.00	78997.03	    0.00	78997.03	0.000	1.199	0.999	15783.46	100		    0.00	    0.00	59802.60	19194.43	0.000	0.000
214.00	21002.97	    0.00	78997.03	    0.00	78997.03	0.000	1.199	0.999	15783.46	100		    0.00	    0.00	59802.60	19194.43	0.000	0.000
215.00	21002.97	    0.00	78997.03	    0.00	78997.03	0.000	1.199	0.999	15783.46	100		    0.00	    0.00	59802.60	19194.43	0.000	0.000
216.00	21002.97	    0.00	78997.03	    0.00	78997.03	0.000	1.199	0.999	15783.46	100		    0.00	    0.00	59802.60	19194.43	0.000	0.000
217.00	21002.97	    0.00	78997.03	    0.00	78997.03	0.000	1.199	0.999	15783.46	100		    0.00	    0.00	59802.60	19194.43	0.000	0.000
218.00	21002.97	    0.00	78997.03	    0.00	78997.03	0.000	1.199	0.999	15783.46	100		    0.00	    0.00	59802.60	19194.43	0.000	0.000
219.00	21002.97	    0.00	78997.03	    0.00	78997.03	0.000	1.199	0.999	15783.46	100		    0.00	    0.00	59802.60	19194.43	0.000	0.000
220.00	21002.97	    0.00	78997.03	    0.00	78997.03	0.000	1.199	0.999	15783.46	100		    0.00	    0.00	59802.60	19194.43	0.000	0.000
221.00	21002.97	    0.00	78997.03	    0.00	78997.03	0.000	1.199	0.999	15783.46	100		    0.00	    0.00	59802.60	19194.43	0.000	0.000
222.00	21002.97	    0.00	78997.03	    0.00	78997.03	0.000	1.199	0.999	15783.46	100		    0.00	    0.00	59802.60	19194.43	0.000	0.000
223.00	21002.97	    0.00	78997.03	    0.00	78997.03	0.000	1.199	0.999	15783.46	100		    0.00	    0.00	59802.60	19194.43	0.000	0.000
224.00	21002.97	    0.00	78997.03	    0.00	78997.03	0.000	1.199	0.999	15783.46	100		    0.00	    0.00	59802.60	19194.43	0.000	0.000
225.00	21002.97	    0.00	78997.03	    0.00	78997.03	0.000	1.199	0.999	15783.46	100		    0.00	    0.00	59802.60	19194.43	0.000	0.000
226.00	21002.97	    0.00	78997.03	    0.00	78997.03	0.000	1.199	0.999	15783.46	100		    0.00	    0.00	59802.60	19194.43	0.000	0.000
227.00	21002.97	    0.00	78997.03	    0.00	78997.03	0.000	1.199	0.999	15783.46	100		    0.00	    0.00	59802.60	19194.43	0.000	0.000
228.00	21002.97	    0.00	78997.03	    0.00	78997.03	0.000	1.199	0.999	15783.46	100		    0.00	    0.00	59802.60	19194.43	0.000	0.000
229.00	21002.97	    0.00	78997.03	    0.00	78997.03	0.000	1.199	0.999	15783.46	100		    0.00	    0.00	59802.60	19194.43	0.000	0.000
230.00	21002.97	    0.00	78997.03	    0.00	78997.03	0.000	1.199	0.999	15783.46	100		    0.00	    0.00	59802.60	19194.43	0.000	0.000
231.00	21002.97	    0.00	78997.03	    0.00	78997.03	0.000	1.199	0.999	15783.46	100		    0.00	    0.00	59802.60	19194.43	0.000	0.000
232.00	21002.97	    0.00	78997.03	    0.00	78997.03	0.000	1.199	0.999	15783.46	100		    0.00	    0.00	59802.60	19194.43	0.000	0.000
233.00	21002.97	    0.00	78997.03	    0.00	78997.03	0.000	1.199	0.999	15783.46	100		    0.00	    0.00	59802.60	19194.43	0.000	0.000
234.00	21002.97	    0.00	78997.03	    0.00	78997.03	0.000	1.199	0.999	15783.46	100		    0.00	    0.00	59802.60	19194.43	0.000	0.000
235.00	21002.97	    0.00	78997.03	    0.00	78997.03	0.000	1.199	0.999	15783.46	100		    0.00	    0.00	59802.60	19194.43	0.000	0.000
236.00	21002.97	    0.00	78997.03	    0.00	78997.03	0.000	1.199	0.999	15783.46	100		    0.00	    0.00	59802.60	19194.43	0.000	0.000
237.00	21002.97	    0.00	78997.03	    0.00	78997.03	0.000	1.199	0.999	15783.46	100		    0.00	    0.00	59802.60	19194.43	0.000	0.000
238.00	21002.97	    0.00	78997.03	    0.00	78997.03	0.000	1.199	0.999	15783.46	100		    0.00	    0.00	59802.60	19194.43	0.000	0.000
239.00	21002.97	    0.00	78997.03	    0.00	78997.03	0.000	1.199	0.999	15783.46	100		    0.00	    0.00	59802.60	19194.43	0.000	0.000
240.00	21002.97	    0.00	78997.03	    0.00	78997.03	0.000	1.199	0.999	15783.46	100		    0.00	    0.00	59802.60	19194.43	0.000	0.000
241.00	21002.97	    0.00	78997.03	    0.00	78997.03	0.000	1.199	0.999	15783.46	100		    0.00	    0.00	59802.60	19194.43	0.000	0.000
242.00	21002.97	    0.00	78997.03	    0.00	78997.03	0.000	1.199	0.999	15783.46	100		    0.00	    0.00	59802.60	19194.43	0.000	0.000
243.00	21002.97	    0.00	78997.03	    0.00	78997.03	0.000	1.199	0.999	15783.46	100		    0.00	    0.00	59802.60	19194.43	0.000	0.000
244.00	21002.97	    0.00	78997.03	    0.00	78997.03	0.000	1.199	0.999	15783.46	100		    0.00	    0.00	59802.60	19194.43	0.000	0.000
245.00	21002.97	    0.00	78997.03	    0.00	78997.03	0.000	1.199	0.999	15783.46	100		    0.00	    0.00	59802.60	19194.43	0.000	0.000
246.00	21002.97	    0.00	78997.03	    0.00	78997.03	0.000	1.199	0.999	15783.46	100		    0.00	    0.00	59802.60	19194.43	0.000	0.000
247.00	21002.97	    0.00	78997.03	    0.00	78997.03	0.000	1.199	0.999	15783.46	100		    0.00	    0.00	59802.60	19194.43	0.000	0.000
248.00	21002.97	    0.00	78997.03	    0.00	78997.03	0.000	1.199	0.999	15783.46	100		    0.00	    0.00	59802.60	19194.43	0.000	0.000
249.00	21002.97	    0.00	78997.03	    0.00	78997.03	0.000	1.199	0.999	15783.46	100		    0.00	    0.00	59802.60	19194.43	0.000	0.000
250.00	21002.97	    0.00	78997.03	    0.00	78997.03	0.000	1.199	0.999	15783.46	100		    0.00	    0.00	59802.60	19194.43	0.000	0.000
251.00	21002.97	    0.00	78997.03	    0.00	78997.03	0.000	1.199	0.999	15783.46	100		    0.00	    0.00	59802.60	19194.43	0.000	0.000
252.00	21002.97	    0.00	78997.03	    0.00	78997.03	0.000	1.199	0.999	15783.46	100		    0.00	    0.00	59802.60	19194.43	0.000	0.000
253.00	21002.97	    0.00	78997.03	    0.00	78997.03	0.000	1.199	0.999	15783.46	100		    0.00	    0.00	59802.60	19194.43	0.000	0.000
254.00	21002.97	    0.00	78997.03	    0.00	78997.03	0.000	1.199	0.999	15783.46	100		    0.00	    0.00	59802.60	19194.43	0.000	0.000
255.00	21002.97	    0.00	78997.03	    0.00	78997.03	0.000	1.199	0.999	15783.46	100		    0.00	    0.00	59802.60	19194.43	0.000	0.000
256.00	21002.97	    0.00	78997.03	    0.00	78997.03	0.000	1.199	0.999	15783.46	100		    0.00	    0.00	59802.60	19194.43	0.000	0.000
257.00	21002.97	    0.00	78997.03	    0.00	78997.03	0.000	1.199	0.999	15783.46	100		    0.00	    0.00	59802.60	19194.43	0.000	0.000
258.00	21002.97	    0.00	78997.03	    0.00	78997.03	0.000	1.199	0.999	15783.46	100		    0.00	    0.00	59802.60	19194.43	0.000	0.000
259.00	21002.97	    0.00	78997.03	    0.00	78997.03	0.000	1.199	0.999	15783.46	100		    0.00	    0.00	59802.60	19194.43	0.000	0.000
260.00	21002.97	    0.00	78997.03	    0.00	78997.03	0.000	1.199	0.999	15783.46	100		    0.00	    0.00	59802.60	19194.43	0.000	0.000
261.00	21002.97	    0.00	78997.03	    0.00	78997.03	0.000	1.199	0.999	15783.46	100		    0.00	    0.00	59802.60	19194.43	0.000	0.000
262.00	21002.97	    0.00	78997.03	    0.00	78997.03	0.000	1.199	0.999	15783.46	100		    0.00	    0.00	59802.60	19194.43	0.000	0.000
263.00	21002.97	    0.00	78997.03	    0.00	78997.03	0.000	1.199	0.999	15783.46	100		    0.00	    0.00	59802.60	19194.43	0.000	0.000
264.00	21002.97	    0.00	78997.03	    0.00	78997.03	0.000	1.199	0.999	15783.46	100		    0.00	    0.00	59802.60	19194.43	0.000	0.000
265.00	21002.97	    0.00	78997.03	    0.00	78997.03	0.000	1.199	0.999	15783.46	100		    0.00	    0.00	59802.60	19194.43	0.000	0.000
266.00	21002.97	    0.00	78997.03	    0.00	78997.03	0.000	1.199	0.999	15783.46	100		    0.00	    0.00	59802.60	19194.43	0.000	0.000
267.00	21002.97	    0.00	78997.03	    0.00	78997.03	0.000	1.199	0.999	15783.46	100		    0.00	    0.00	59802.60	19194.43	0.000	0.000
268.00	21002.97	    0.00	78997.03	    0.00	78997.03	0.000	1.199	0.999	15783.46	100		    0.00	    0.00	59802.60	19194.43	0.000	0.000
269.00	21002.97	    0.00	78997.03	    0.00	78997.03	0.000	1.199	0.999	15783.46	100		    0.00	    0.00	59802.60	19194.43	0.000	0.000
270.00	21002.97	    0.00	78997.03	    0.00	78997.03	0.000	1.199	0.999	15783.46	100		    0.00	    0.00	59802.60	19194.43	0.000	0.000
271.00	21002.97	    0.00	78997.03	    0.00	78997.03	0.000	1.199	0.999	15783.46	100		    0.00	    0.00	59802.60	19194.43	0.000	0.000
272.00	21002.97	    0.00	78997.03	    0.00	78997.03	0.000	1.199	0.999	15783.46	100		    0.00	    0.00	59802.60	19194.43	0.000	0.000
273.00	21002.97	    0.00	78997.03	    0.00	78997.03	0.000	1.199	0.999	15783.46	100		    0.00	    0.00	59802.60	19194.43	0.000	0.000
274.00	21002.97	    0.00	78997.03	    0.00	78997.03	0.000	1.199	0.999	15783.46	100		    0.00	    0.00	59802.60	19194.43	0.000	0.000
275.00	21002.97	    0.00	78997.03	    0.00	78997.03	0.000	1.199	0.999	15783.46	100		    0.00	    0.00	59802.60	19194.43	0.000	0.000
276.00	21002.97	    0.00	78997.03	    0.00	78997.03	0.000	1.199	0.999	15783.46	100		    0.00	    0.00	59802.60	19194.43	0.000	0.000
277.00	21002.97	    0.00	78997.03	    0.00	78997.03	0.000	1.199	0.999	15783.46	100		    0.00	    0.00	59802.60	19194.43	0.000	0.000
278.00	21002.97	    0.00	78997.03	    0.00	78997.03	0.000	1.199	0.999	15783.46	100		    0.00	    0.00	59802.60	19194.43	0.000	0.000
279.00	21002.97	    0.00	78997.03	    0.00	78997.03	0.000	1.199	0.999	15783.46	100		    0.00	    0.00	59802.60	19194.43	0.000	0.000
280.00	21002.97	    0.00	78997.03	    0.00	78997.03	0.000	1.199	0.999	15783.46	100		    0.00	    0.00	59802.60	19194.43	0.000	0.000
281.00	21002.97	    0.00	78997.03	    0.00	78997.03	0.000	1.199	0.999	15783.46	100		    0.00	    0.00	59802.60	19194.43	0.000	0.000
282.00	21002.97	    0.00	78997.03	    0.00	78997.03	0.000	1.199	0.999	15783.46	100		    0.00	    0.00	59802.60	19194.43	0.000	0.000
283.00	21002.97	    0.00	78997.03	    0.00	78997.03	0.000	1.199	0.999	15783.46	100		    0.00	    0.00	59802.60	19194.43	0.000	0.000
284.00	21002.97	    0.00	78997.03	    0.00	78997.03	0.000	1.199	0.999	15783.46	100		    0.00	    0.00	59802.60	19194.43	0.000	0.000
285.00	21002.97	    0.00	78997.03	    0.00	78997.03	0.000	1.199	0.999	15783.46	100		    0.00	    0.00	59802.60	19194.43	0.000	0.000
286.00	21002.97	    0.00	78997.03	    0.00	78997.03	0.000	1.199	0.999	15783.46	100		    0.00	    0.00	59802.60	19194.43	0.000	0.000
287.00	21002.97	    0.00	78997.03	    0.00	78997.03	0.000	1.199	0.999	15783.46	100		    0.00	    0.00	59802.60	19194.43	0.000	0.000
288.00	21002.97	    0.00	78997.03	    0.00	78997.03	0.000	1.199	0.999	15783.46	100		    0.00	    0.00	59802.60	19194.43	0.000	0.000
289.00	21002.97	    0.00	78997.03	    0.00	78997.03	0.000	1.199	0.999	15783.46	100		    0.00	    0.00	59802.60	19194.43	0.000	0.000
290.00	21002.97	    0.00	78997.03	    0.00	78997.03	0.000	1.199	0.999	15783.46	100		    0.00	    0.00	59802.60	19194.43	0.000	0.000
291.00	21002.97	    0.00	78997.03	    0.00	78997.03	0.000	1.199	0.999	15783.46	100		    0.00	    0.00	59802.60	19194.43	0.000	0.000
292.00	21002.97	    0.00	78997.03	    0.00	78997.03	0.000	1.199	0.999	15783.46	100		    0.00	    0.00	59802.60	19194.43	0.000	0.000
293.00	21002.97	    0.00	78997.03	    0.00	78997.03	0.000	1.199	0.999	15783.46	100		    0.00	    0.00	59802.60	19194.43	0.000	0.000
294.00	21002.97	    0.00	78997.03	    0.00	78997.03	0.000	1.199	0.999	15783.46	100		    0.00	    0.00	59802.60	19194.43	0.000	0.000
295.00	21002.97	    0.00	78997.03	    0.00	78997.03	0.000	1.199	0.999	15783.46	100		    0.00	    0.00	59802.60	19194.43	0.000	0.000
296.00	21002.97	    0.00	78997.03	    0.00	78997.03	0.000	1.199	0.999	15783.46	100		    0.00	    0.00	59802.60	19194.43	0.000	0.000
297.00	21002.97	    0.00	78997.03	    0.00	78997.03	0.000	1.199	0.999	15783.46	100		    0.00	    0.00	59802.60	19194.43	0.000	0.000
298.00	21002.97	    0.00	78997.03	    0.00	78997.03	0.000	1.199	0.999	15783.46	100		    0.00	    0.00	59802.60	19194.43	0.000	0.000
299.00	21002.97	    0.00	78997.03	    0.00	78997.03	0.000	1.199	0.999	15783.46	100		    0.00	    0.00	59802.60	19194.43	0.000	0.000
300.00	21002.97	    0.00	78997.03	    0.00	78997.03	0.000	1.199	0.999	15783.46	100		    0.00	    0.00	59802.60	19194.43	0.000	0.000
301.00	21002.97	    0.00	78997.03	    0.00	78997.03	0.000	1.199	0.999	15783.46	100		    0.00	    0.00	59802.60	19194.43	0.000	0.000
302.00	21002.97	    0.00	78997.03	    0.00	78997.03	0.000	1.199	0.999	15783.46	100		    0.00	    0.00	59802.60	19194.43	0.000	0.000
303.00	21002.97	    0.00	78997.03	    0.00	78997.03	0.000	1.199	0.999	15783.46	100		    0.00	    0.00	59802.60	19194.43	0.000	0.000
304.00	21002.97	    0.00	78997.03	    0.00	78997.03	0.000	1.199	0.999	15783.46	100		    0.00	    0.00	59802.60	19194.43	0.000	0.000
305.00	21002.97	    0.00	78997.03	    0.00	78997.03	0.000	1.199	0.999	15783.46	100		    0.00	    0.00	59802.60	19194.43	0.000	0.000
306.00	21002.97	    0.00	78997.03	    0.00	78997.03	0.000	1.199	0.999	15783.46	100		    0.00	    0.00	59802.60	19194.43	0.000	0.000
307.00	21002.97	    0.00	78997.03	    0.00	78997.03	0.000	1.199	0.999	15783.46	100		    0.00	    0.00	59802.60	19194.43	0.000	0.000
308.00	21002.97	    0.00	78997.03	    0.00	78997.03	0.000	1.199	0.999	15783.46	100		    0.00	    0.00	59802.60	19194.43	0.000	0.000
309.00	21002.97	    0.00	78997.03	    0.00	78997.03	0.000	1.199	0.999	15783.46	100		    0.00	    0.00	59802.60	19194.43	0.000	0.000
310.00	21002.97	    0.00	78997.03	    0.00	78997.03	0.000	1.199	0.999	15783.46	100		    0.00	    0.00	59802.60	19194.43	0.000	0.000
311.00	21002.97	    0.00	78997.03	    0.00	78997.03	0.000	1.199	0.999	15783.46	100		    0.00	    0.00	59802.60	19194.43	0.000	0.000
312.00	21002.97	    0.00	78997.03	    0.00	78997.03	0.000	1.199	0.999	15783.46	100		    0.00	    0.00	59802.60	19194.43	0.000	0.000
313.00	21002.97	    0.00	78997.03	    0.00	78997.03	0.000	1.199	0.999	15783.46	100		    0.00	    0.00	59802.60	19194.43	0.000	0.000
314.00	21002.97	    0.00	78997.03	    0.00	78997.03	0.000	1.199	0.999	15783.46	100		    0.00	    0.00	59802.60	19194.43	0.000	0.000
315.00	21002.97	    0.00	78997.03	    0.00	78997.03	0.000	1.199	0.999	15783.46	100		    0.00	    0.00	59802.60	19194.43	0.000	0.000
316.00	21002.97	    0.00	78997.03	    0.00	78997.03	0.000	1.199	0.999	15783.46	100		    0.00	    0.00	59802.60	19194.43	0.000	0.000
317.00	21002.97	    0.00	78997.03	    0.00	78997.03	0.000	1.199	0.999	15783.46	100		    0.00	    0.00	59802.60	19194.43	0.000	0.000
318.00	21002.97	    0.00	78997.03	    0.00	78997.03	0.000	1.199	0.999	15783.46	100		    0.00	    0.00	59802.60	19194.43	0.000	0.000
319.00	21002.97	    0.00	78997.03	    0.00	78997.03	0.000	1.199	0.999	15783.46	100		    0.00	    0.00	59802.60	19194.43	0.000	0.000
320.00	21002.97	    0.00	78997.03	    0.00	78997.03	0.000	1.199	0.999	15783.46	100		    0.00	    0.00	59802.60	19194.43	0.000	0.000
321.00	21002.97	    0.00	78997.03	    0.00	78997.03	0.000	1.199	0.999	15783.46	100		    0.00	    0.00	59802.60	19194.43	0.000	0.000
322.00	21002.97	    0.00	78997.03	    0.00	78997.03	0.000	1.199	0.999	15783.46	100		    0.00	    0.00	59802.60	19194.43	0.000	0.000
323.00	21002.97	    0.00	78997.03	    0.00	78997.03	0.000	1.199	0.999	15783.46	100		    0.00	    0.00	59802.60	19194.43	0.000	0.000
324.00	21002.97	    0.00	78997.03	    0.00	78997.03	0.000	1.199	0.999	15783.46	100		    0.00	    0.00	59802.60	19194.43	0.000	0.000
325.00	21002.97	    0.00	78997.03	    0.00	78997.03	0.000	1.199	0.999	15783.46	100		    0.00	    0.00	59802.60	19194.43	0.000	0.000
326.00	21002.97	    0.00	78997.03	    0.00	78997.03	0.000	1.199	0.999	15783.46	100		    0.00	    0.00	59802.60	19194.43	0.000	0.000
327.00	21002.97	    0.00	78997.03	    0.00	78997.03	0.000	1.199	0.999	15783.46	100		    0.00	    0.00	59802.60	19194.43	0.000	0.000
328.00	21002.97	    0.00	78997.03	    0.00	78997.03	0.000	1.199	0.999	15783.46	100		    0.00	    0.00	59802.60	19194.43	0.000	0.000
329.00	21002.97	    0.00	78997.03	    0.00	78997.03	0.000	1.199	0.999	15783.46	100		    0.00	    0.00	59802.60	19194.43	0.000	0.000
330.00	21002.97	    0.00	78997.03	    0.00	78997.03	0.000	1.199	0.999	15783.46	100		    0.00	    0.00	59802.60	19194.43	0.000	0.000
331.00	21002.97	    0.00	78997.03	    0.00	78997.03	0.000	1.199	0.999	15783.46	100		    0.00	    0.00	59802.60	19194.43	0.000	0.000
332.00	21002.97	    0.00	78997.03	    0.00	78997.03	0.000	1.199	0.999	15783.46	100		    0.00	    0.00	59802.60	19194.43	0.000	0.000
333.00	21002.97	    0.00	78997.03	    0.00	78997.03	0.000	1.199	0.999	15783.46	100		    0.00	    0.00	59802.60	19194.43	0.000	0.000
334.00	21002.97	    0.00	78997.03	    0.00	78997.03	0.000	1.199	0.999	15783.46	100		    0.00	    0.00	59802.60	19194.43	0.000	0.000
335.00	21002.97	    0.00	78997.03	    0.00	78997.03	0.000	1.199	0.999	15783.46	100		    0.00	    0.00	59802.60	19194.43	0.000	0.000
336.00	21002.97	    0.00	78997.03	    0.00	78997.03	0.000	1.199	0.999	15783.46	100		    0.00	    0.00	59802.60	19194.43	0.000	0.000
337.00	21002.97	    0.00	78997.03	    0.00	78997.03	0.000	1.199	0.999	15783.46	100		    0.00	    0.00	59802.60	19194.43	0.000	0.000
338.00	21002.97	    0.00	78997.03	    0.00	78997.03	0.000	1.199	0.999	15783.46	100		    0.00	    0.00	59802.60	19194.43	0.000	0.000
339.00	21002.97	    0.00	78997.03	    0.00	78997.03	0.000	1.199	0.999	15783.46	100		    0.00	    0.00	59802.60	19194.43	0.000	0.000
340.00	21002.97	    0.00	78997.03	    0.00	78997.03	0.000	1.199	0.999	15783.46	100		    0.00	    0.00	59802.60	19194.43	0.000	0.000
341.00	21002.97	    0.00	78997.03	    0.00	78997.03	0.000	1.199	0.999	15783.46	100		    0.00	    0.00	59802.60	19194.43	0.000	0.000
342.00	21002.97	    0.00	78997.03	    0.00	78997.03	0.000	1.199	0.999	15783.46	100		    0.00	    0.00	59802.60	19194.43	0.000	0.000
343.00	21002.97	    0.00	78997.03	    0.00	78997.03	0.000	1.199	0.999	15783.46	100		    0.00	    0.00	59802.60	19194.43	0.000	0.000
344.00	21002.97	    0.00	78997.03	    0.00	78997.03	0.000	1.199	0.999	15783.46	100		    0.00	    0.00	59802.60	19194.43	0.000	0.000
345.00	21002.97	    0.00	78997.03	    0.00	78997.03	0.000	1.199	0.999	15783.46	100		    0.00	    0.00	59802.60	19194.43	0.000	0.000
346.00	21002.97	    0.00	78997.03	    0.00	78997.03	0.000	1.199	0.999	15783.46	100		    0.00	    0.00	59802.60	19194.43	0.000	0.000
347.00	21002.97	    0.00	78997.03	    0.00	78997.03	0.000	1.199	0.999	15783.46	100		    0.00	    0.00	59802.60	19194.43	0.000	0.000
348.00	21002.97	    0.00	78997.03	    0.00	78997.03	0.000	1.199	0.999	15783.46	100		    0.00	    0.00	59802.60	19194.43	0.000	0.000
349.00	21002.97	    0.00	78997.03	    0.00	78997.03	0.000	1.199	0.999	15783.46	100		    0.00	    0.00	59802.60	19194.43	0.000	0.000
350.00	21002.97	    0.00	78997.03	    0.00	78997.03	0.000	1.199	0.999	15783.46	100		    0.00	    0.00	59802.60	19194.43	0.000	0.000
351.00	21002.97	    0.00	78997.03	    0.00	78997.03	0.000	1.199	0.999	15783.46	100		    0.00	    0.00	59802.60	19194.43	0.000	0.000
352.00	21002.97	    0.00	78997.03	    0.00	78997.03	0.000	1.199	0.999	15783.46	100		    0.00	    0.00	59802.60	19194.43	0.000	0.000
353.00	21002.97	    0.00	78997.03	    0.00	78997.03	0.000	1.199	0.999	15783.46	100		    0.00	    0.00	59802.60	19194.43	0.000	0.000
354.00	21002.97	    0.00	78997.03	    0.00	78997.03	0.000	1.199	0.999	15783.46	100		    0.00	    0.00	59802.60	19194.43	0.000	0.000
355.00	21002.97	    0.00	78997.03	    0.00	78997.03	0.000	1.199	0.999	15783.46	100		    0.00	    0.00	59802.60	19194.43	0.000	0.000
356.00	21002.97	    0.00	78997.03	    0.00	78997.03	0.000	1.199	0.999	15783.46	100		    0.00	    0.00	59802.60	19194.43	0.000	0.000
357.00	21002.97	    0.00	78997.03	    0.00	78997.03	0.000	1.199	0.999	15783.46	100		    0.00	    0.00	59802.60	19194.43	0.000	0.000
358.00	21002.97	    0.00	78997.03	    0.00	78997.03	0.000	1.199	0.999	15783.46	100		    0.00	    0.00	59802.60	19194.43	0.000	0.000
359.00	21002.97	    0.00	78997.03	    0.00	78997.03	0.000	1.199	0.999	15783.46	100		    0.00	    0.00	59802.60	19194.43	0.000	0.000
360.00	21002.97	    0.00	78997.03	    0.00	78997.03	0.000	1.199	0.999	15783.46	100		    0.00	    0.00	59802.60	19194.43	0.000	0.000
361.00	21002.97	    0.00	78997.03	    0.00	78997.03	0.000	1.199	0.999	15783.46	100		    0.00	    0.00	59802.60	19194.43	0.000	0.000
362.00	21002.97	    0.00	78997.03	    0.00	78997.03	0.000	1.199	0.999	15783.46	100		    0.00	    0.00	59802.60	19194.43	0.000	0.000
363.00	21002.97	    0.00	78997.03	    0.00	78997.03	0.000	1.199	0.999	15783.46	100		    0.00	    0.00	59802.60	19194.43	0.000	0.000
364.00	21002.97	    0.00	78997.03	    0.00	78997.03	0.000	1.199	0.999	15783.46	100		    0.00	    0.00	59802.60	19194.43	0.000	0.000
365.00	21002.97	    0.00	78997.03	    0.00	78997.03	0.000	1.199	0.999	15783.46	100		    0.00	    0.00	59802.60	19194.43	0.000	0.000
366.00	21002.97	    0.00	78997.03	    0.00	78997.03	0.000	1.199	0.999	15783.46	100		    0.00	    0.00	59802.60	19194.43	0.000	0.000
367.00	21002.97	    0.00	78997.03	    0.00	78997.03	0.000	1.199	0.999	15783.46	100		    0.00	    0.00	59802.60	19194.43	0.000	0.000
368.00	21002.97	    0.00	78997.03	    0.00	78997.03	0.000	1.199	0.999	15783.46	100		    0.00	    0.00	59802.60	19194.43	0.000	0.000
369.00	21002.97	    0.00	78997.03	    0.00	78997.03	0.000	1.199	0.999	15783.46	100		    0.00	    0.00	59802.60	19194.43	0.000	0.000
370.00	21002.97	    0.00	78997.03	    0.00	78997.03	0.000	1.199	0.999	15783.46	100		    0.00	    0.00	59802.60	19194.43	0.000	0.000
371.00	21002.97	    0.00	78997.03	    0.00	78997.03	0.000	1.199	0.999	15783.46	100		    0.00	    0.00	59802.60	19194.43	0.000	0.000
372.00	21002.97	    0.00	78997.03	    0.00	78997.03	0.000	1.199	0.999	15783.46	100		    0.00	    0.00	59802.60	19194.43	0.000	0.000
373.00	21002.97	    0.00	78997.03	    0.00	78997.03	0.000	1.199	0.999	15783.46	100		    0.00	    0.00	59802.60	19194.43	0.000	0.000
374.00	21002.97	    0.00	78997.03	    0.00	78997.03	0.000	1.199	0.999	15783.46	100		    0.00	    0.00	59802.60	19194.43	0.000	0.000
375.00	21002.97	    0.00	78997.03	    0.00	78997.03	0.000	1.199	0.999	15783.46	100		    0.00	    0.00	59802.60	19194.43	0.000	0.000
376.00	21002.97	    0.00	78997.03	    0.00	78997.03	0.000	1.199	0.999	15783.46	100		    0.00	    0.00	59802.60	19194.43	0.000	0.000
377.00	21002.97	    0.00	78997.03	    0.00	78997.03	0.000	1.199	0.999	15783.46	100		    0.00	    0.00	59802.60	19194.43	0.000	0.000
378.00	21002.97	    0.00	78997.03	    0.00	78997.03	0.000	1.199	0.999	15783.46	100		    0.00	    0.00	59802.60	19194.43	0.000	0.000
379.00	21002.97	    0.00	78997.03	    0.00	78997.03	0.000	1.199	0.999	15783.46	100		    0.00	    0.00	59802.60	19194.43	0.000	0.000
380.00	21002.97	    0.00	78997.03	    0.00	78997.03	0.000	1.199	0.999	15783.46	100		    0.00	    0.00	59802.60	19194.43	0.000	0.000
381.00	21002.97	    0.00	78997.03	    0.00	78997.03	0.000	1.199	0.999	15783.46	100		    0.00	    0.00	59802.60	19194.43	0.000	0.000
382.00	21002.97	    0.00	78997.03	    0.00	78997.03	0.000	1.199	0.999	15783.46	100		    0.00	    0.00	59802.60	19194.43	0.000	0.000
383.00	21002.97	    0.00	78997.03	    0.00	78997.03	0.000	1.199	0.999	15783.46	100		    0.00	    0.00	59802.60	19194.43	0.000	0.000
384.00	21002.97	    0.00	78997.03	    0.00	78997.03	0.000	1.199	0.999	15783.46	100		    0.00	    0.00	59802.60	19194.43	0.000	0.000
385.00	21002.97	    0.00	78997.03	    0.00	78997.03	0.000	1.199	0.999	15783.46	100		    0.00	    0.00	59802.60	19194.43	0.000	0.000
386.00	21002.97	    0.00	78997.03	    0.00	78997.03	0.000	1.199	0.999	15783.46	100		    0.00	    0.00	59802.60	19194.43	0.000	0.000
387.00	21002.97	    0.00	78997.03	    0.00	78997.03	0.000	1.199	0.999	15783.46	100		    0.00	    0.00	59802.60	19194.43	0.000	0.000
388.00	21002.97	    0.00	78997.03	    0.00	78997.03	0.000	1.199	0.999	15783.46	100		    0.00	    0.00	59802.60	19194.43	0.000	0.000
389.00	21002.97	    0.00	78997.03	    0.00	78997.03	0.000	1.199	0.999	15783.46	100		    0.00	    0.00	59802.60	19194.43	0.000	0.000
390.00	21002.97	    0.00	78997.03	    0.00	78997.03	0.000	1.199	0.999	15783.46	100		    0.00	    0.00	59802.60	19194.43	0.000	0.000
391.00	21002.97	    0.00	78997.03	    0.00	78997.03	0.000	1.199	0.999	15783.46	100		    0.00	    0.00	59802.60	19194.43	0.000	0.000
392.00	21002.97	    0.00	78997.03	    0.00	78997.03	0.000	1.199	0.999	15783.46	100		    0.00	    0.00	59802.60	19194.43	0.000	0.000
393.00	21002.97	    0.00	78997.03	    0.00	78997.03	0.000	1.199	0.999	15783.46	100		    0.00	    0.00	59802.60	19194.43	0.000	0.000
394.00	21002.97	    0.00	78997.03	    0.00	78997.03	0.000	1.199	0.999	15783.46	100		    0.00	    0.00	59802.60	19194.43	0.000	0.000
395.00	21002.97	    0.00	78997.03	    0.00	78997.03	0.000	1.199	0.999	15783.46	100		    0.00	    0.00	59802.60	19194.43	0.000	0.000
396.00	21002.97	    0.00	78997.03	    0.00	78997.03	0.000	1.199	0.999	15783.46	100		    0.00	    0.00	59802.60	19194.43	0.000	0.000
397.00	21002.97	    0.00	78997.03	    0.00	78997.03	0.000	1.199	0.999	15783.46	100		    0.00	    0.00	59802.60	19194.43	0.000	0.000
398.00	21002.97	    0.00	78997.03	    0.00	78997.03	0.000	1.199	0.999	15783.46	100		    0.00	    0.00	59802.60	19194.43	0.000	0.000
399.00	21002.97	    0.00	78997.03	    0.00	78997.03	0.000	1.199	0.999	15783.46	100		    0.00	    0.00	59802.60	19194.43	0.000	0.000
400.00	21002.97	    0.00	78997.03	    0.00	78997.03	0.000	1.199	0.999	15783.46	100		    0.00	    0.00	59802.60	19194.43	0.000	0.000
401.00	21002.97	    0.00	78997.03	    0.00	78997.03	0.000	1.199	0.999	15783.46	100		    0.00	    0.00	59802.60	19194.43	0.000	0.000
402.00	21002.97	    0.00	78997.03	    0.00	78997.03	0.000	1.199	0.999	15783.46	100		    0.00	    0.00	59802.60	19194.43	0.000	0.000
403.00	21002.97	    0.00	78997.03	    0.00	78997.03	0.000	1.199	0.999	15783.46	100		    0.00	    0.00	59802.60	19194.43	0.000	0.000
404.00	21002.97	    0.00	78997.03	    0.00	78997.03	0.000	1.199	0.999	15783.46	100		    0.00	    0.00	59802.60	19194.43	0.000	0.000
405.00	21002.97	    0.00	78997.03	    0.00	78997.03	0.000	1.199	0.999	15783.46	100		    0.00	    0.00	59802.60	19194.43	0.000	0.000
406.00	21002.97	    0.00	78997.03	    0.00	78997.03	0.000	1.199	0.999	15783.46	100		    0.00	    0.00	59802.60	19194.43	0.000	0.000
407.00	21002.97	    0.00	78997.03	    0.00	78997.03	0.000	1.199	0.999	15783.46	100		    0.00	    0.00	59802.60	19194.43	0.000	0.000
408.00	21002.97	    0.00	78997.03	    0.00	78997.03	0.000	1.199	0.999	15783.46	100		    0.00	    0.00	59802.60	19194.43	0.000	0.000
409.00	21002.97	    0.00	78997.03	    0.00	78997.03	0.000	1.199	0.999	15783.46	100		    0.00	    0.00	59802.60	19194.43	0.000	0.000
410.00	21002.97	    0.00	78997.03	    0.00	78997.03	0.000	1.199	0.999	15783.46	100		    0.00	    0.00	59802.60	19194.43	0.000	0.000
411.00	21002.97	    0.00	78997.03	    0.00	78997.03	0.000	1.199	0.999	15783.46	100		    0.00	    0.00	59802.60	19194.43	0.000	0.000
412.00	21002.97	    0.00	78997.03	    0.00	78997.03	0.000	1.199	0.999	15783.46	100		    0.00	    0.00	59802.60	19194.43	0.000	0.000
413.00	21002.97	    0.00	78997.03	    0.00	78997.03	0.000	1.199	0.999	15783.46	100		    0.00	    0.00	59802.60	19194.43	0.000	0.000
414.00	21002.97	    0.00	78997.03	    0.00	78997.03	0.000	1.199	0.999	15783.46	100		    0.00	    0.00	59802.60	19194.43	0.000	0.000
415.00	21002.97	    0.00	78997.03	    0.00	78997.03	0.000	1.199	0.999	15783.46	100		    0.00	    0.00	59802.60	19194.43	0.000	0.000
416.00	21002.97	    0.00	78997.03	    0.00	78997.03	0.000	1.199	0.999	15783.46	100		    0.00	    0.00	59802.60	19194.43	0.000	0.000
417.00	21002.97	    0.00	78997.03	    0.00	78997.03	0.000	1.199	0.999	15783.46	100		    0.00	    0.00	59802.60	19194.43	0.000	0.000
418.00	21002.97	    0.00	78997.03	    0.00	78997.03	0.000	1.199	0.999	15783.46	100		    0.00	    0.00	59802.60	19194.43	0.000	0.000
419.00	21002.97	    0.00	78997.03	    0.00	78997.03	0.000	1.199	0.999	15783.46	100		    0.00	    0.00	59802.60	19194.43	0.000	0.000
420.00	21002.97	    0.00	78997.03	    0.00	78997.03	0.000	1.199	0.999	15783.46	100		    0.00	    0.00	59802.60	19194.43	0.000	0.000
421.00	21002.97	    0.00	78997.03	    0.00	78997.03	0.000	1.199	0.999	15783.46	100		    0.00	    0.00	59802.60	19194.43	0.000	0.000
422.00	21002.97	    0.00	78997.03	    0.00	78997.03	0.000	1.199	0.999	15783.46	100		    0.00	    0.00	59802.60	19194.43	0.000	0.000
423.00	21002.97	    0.00	78997.03	    0.00	78997.03	0.000	1.199	0.999	15783.46	100		    0.00	    0.00	59802.60	19194.43	0.000	0.000
424.00	21002.97	    0.00	78997.03	    0.00	78997.03	0.000	1.199	0.999	15783.46	100		    0.00	    0.00	59802.60	19194.43	0.000	0.000
425.00	21002.97	    0.00	78997.03	    0.00	78997.03	0.000	1.199	0.999	15783.46	100		    0.00	    0.00	59802.60	19194.43	0.000	0.000
426.00	21002.97	    0.00	78997.03	    0.00	78997.03	0.000	1.199	0.999	15783.46	100		    0.00	    0.00	59802.60	19194.43	0.000	0.000
427.00	21002.97	    0.00	78997.03	    0.00	78997.03	0.000	1.199	0.999	15783.46	100		    0.00	    0.00	59802.60	19194.43	0.000	0.000
428.00	21002.97	    0.00	78997.03	    0.00	78997.03	0.000	1.199	0.999	15783.46	100		    0.00	    0.00	59802.60	19194.43	0.000	0.000
429.00	21002.97	    0.00	78997.03	    0.00	78997.03	0.000	1.199	0.999	15783.46	100		    0.00	    0.00	59802.60	19194.43	0.000	0.000
430.00	21002.97	    0.00	78997.03	    0.00	78997.03	0.000	1.199	0.999	15783.46	100		    0.00	    0.00	59802.60	19194.43	0.000	0.000
431.00	21002.97	    0.00	78997.03	    0.00	78997.03	0.000	1.199	0.999	15783.46	100		    0.00	    0.00	59802.60	19194.43	0.000	0.000
432.00	21002.97	    0.00	78997.03	    0.00	78997.03	0.000	1.199	0.999	15783.46	100		    0.00	    0.00	59802.60	19194.43	0.000	0.000
433.00	21002.97	    0.00	78997.03	    0.00	78997.03	0.000	1.199	0.999	15783.46	100		    0.00	    0.00	59802.60	19194.43	0.000	0.000
434.00	21002.97	    0.00	78997.03	    0.00	78997.03	0.000	1.199	0.999	15783.46	100		    0.00	    0.00	59802.60	19194.43	0.000	0.000
435.00	21002.97	    0.00	78997.03	    0.00	78997.03	0.000	1.199	0.999	15783.46	100		    0.00	    0.00	59802.60	19194.43	0.000	0.000
436.00	21002.97	    0.00	78997.03	    0.00	78997.03	0.000	1.199	0.999	15783.46	100		    0.00	    0.00	59802.60	19194.43	0.000	0.000
437.00	21002.97	    0.00	78997.03	    0.00	78997.03	0.000	1.199	0.999	15783.46	100		    0.00	    0.00	59802.60	19194.43	0.000	0.000
438.00	21002.97	    0.00	78997.03	    0.00	78997.03	0.000	1.199	0.999	15783.46	100		    0.00	    0.00	59802.60	19194.43	0.000	0.000
439.00	21002.97	    0.00	78997.03	    0.00	78997.03	0.000	1.199	0.999	15783.46	100		    0.00	    0.00	59802.60	19194.43	0.000	0.000
440.00	21002.97	    0.00	78997.03	    0.00	78997.03	0.000	1.199	0.999	15783.46	100		    0.00	    0.00	59802.60	19194.43	0.000	0.000
441.00	21002.97	    0.00	78997.03	    0.00	78997.03	0.000	1.199	0.999	15783.46	100		    0.00	    0.00	59802.60	19194.43	0.000	0.000
442.00	21002.97	    0.00	78997.03	    0.00	78997.03	0.000	1.199	0.999	15783.46	100		    0.00	    0.00	59802.60	19194.43	0.000	0.000
443.00	21002.97	    0.00	78997.03	    0.00	78997.03	0.000	1.199	0.999	15783.46	100		    0.00	    0.00	59802.60	19194.43	0.000	0.000
444.00	21002.97	    0.00	78997.03	    0.00	78997.03	0.000	1.199	0.999	15783.46	100		    0.00	    0.00	59802.60	19194.43	0.000	0.000
445.00	21002.97	    0.00	78997.03	    0.00	78997.03	0.000	1.199	0.999	15783.46	100		    0.00	    0.00	59802.60	19194.43	0.000	0.000
446.00	21002.97	    0.00	78997.03	    0.00	78997.03	0.000	1.199	0.999	15783.46	100		    0.00	    0.00	59802.60	19194.43	0.000	0.000
447.00	21002.97	    0.00	78997.03	    0.00	78997.03	0.000	1.199	0.999	15783.46	100		    0.00	    0.00	59802.60	19194.43	0.000	0.000
448.00	21002.97	    0.00	78997.03	    0.00	78997.03	0.000	1.199	0.999	15783.46	100		    0.00	    0.00	59802.60	19194.43	0.000	0.000
449.00	21002.97	    0.00	78997.03	    0.00	78997.03	0.000	1.199	0.999	15783.46	100		    0.00	    0.00	59802.60	19194.43	0.000	0.000
450.00	21002.97	    0.00	78997.03	    0.00	78997.03	0.000	1.199	0.999	15783.46	100		    0.00	    0.00	59802.60	19194.43	0.000	0.000
451.00	21002.97	    0.00	78997.03	    0.00	78997.03	0.000	1.199	0.999	15783.46	100		    0.00	    0.00	59802.60	19194.43	0.000	0.000
452.00	21002.97	    0.00	78997.03	    0.00	78997.03	0.000	1.199	0.999	15783.46	100		    0.00	    0.00	59802.60	19194.43	0.000	0.000
453.00	21002.97	    0.00	78997.03	    0.00	78997.03	0.000	1.199	0.999	15783.46	100		    0.00	    0.00	59802.60	19194.43	0.000	0.000
454.00	21002.97	    0.00	78997.03	    0.00	78997.03	0.000	1.199	0.999	15783.46	100		    0.00	    0.00	59802.60	19194.43	0.000	0.000
455.00	21002.97	    0.00	78997.03	    0.00	78997.03	0.000	1.199	0.999	15783.46	100		    0.00	    0.00	59802.60	19194.43	0.000	0.000
456.00	21002.97	    0.00	78997.03	    0.00	78997.03	0.000	1.199	0.999	15783.46	100		    0.00	    0.00	59802.60	19194.43	0.000	0.000
457.00	21002.97	    0.00	78997.03	    0.00	78997.03	0.000	1.199	0.999	15783.46	100		    0.00	    0.00	59802.60	19194.43	0.000	0.000
458.00	21002.97	    0.00	78997.03	    0.00	78997.03	0.000	1.199	0.999	15783.46	100		    0.00	    0.00	59802.60	19194.43	0.000	0.000
459.00	21002.97	    0.00	78997.03	    0.00	78997.03	0.000	1.199	0.999	15783.46	100		    0.00	    0.00	59802.60	19194.43	0.000	0.000
460.00	21002.97	    0.00	78997.03	    0.00	78997.03	0.000	1.199	0.999	15783.46	100		    0.00	    0.00	59802.60	19194.43	0.000	0.000
461.00	21002.97	    0.00	78997.03	    0.00	78997.03	0.000	1.199	0.999	15783.46	100		    0.00	    0.00	59802.60	19194.43	0.000	0.000
462.00	21002.97	    0.00	78997.03	    0.00	78997.03	0.000	1.199	0.999	15783.46	100		    0.00	    0.00	59802.60	19194.43	0.000	0.000
463.00	21002.97	    0.00	78997.03	    0.00	78997.03	0.000	1.199	0.999	15783.46	100		    0.00	    0.00	59802.60	19194.43	0.000	0.000
464.00	21002.97	    0.00	78997.03	    0.00	78997.03	0.000	1.199	0.999	15783.46	100		    0.00	    0.00	59802.60	19194.43	0.000	0.000
465.00	21002.97	    0.00	78997.03	    0.00	78997.03	0.000	1.199	0.999	15783.46	100		    0.00	    0.00	59802.60	19194.43	0.000	0.000
466.00	21002.97	    0.00	78997.03	    0.00	78997.03	0.000	1.199	0.999	15783.46	100		    0.00	    0.00	59802.60	19194.43	0.000	0.000
467.00	21002.97	    0.00	78997.03	    0.00	78997.03	0.000	1.199	0.999	15783.46	100		    0.00	    0.00	59802.60	19194.43	0.000	0.000
468.00	21002.97	    0.00	78997.03	    0.00	78997.03	0.000	1.199	0.999	15783.46	100		    0.00	    0.00	59802.60	19194.43	0.000	0.000
469.00	21002.97	    0.00	78997.03	    0.00	78997.03	0.000	1.199	0.999	15783.46	100		    0.00	    0.00	59802.60	19194.43	0.000	0.000
470.00	21002.97	    0.00	78997.03	    0.00	78997.03	0.000	1.199	0.999	15783.46	100		    0.00	    0.00	59802.60	19194.43	0.000	0.000
471.00	21002.97	    0.00	78997.03	    0.00	78997.03	0.000	1.199	0.999	15783.46	100		    0.00	    0.00	59802.60	19194.43	0.000	0.000
472.00	21002.97	    0.00	78997.03	    0.00	78997.03	0.000	1.199	0.999	15783.46	100		    0.00	    0.00	59802.60	19194.43	0.000	0.000
473.00	21002.97	    0.00	78997.03	    0.00	78997.03	0.000	1.199	0.999	15783.46	100		    0.00	    0.00	59802.60	19194.43	0.000	0.000
474.00	21002.97	    0.00	78997.03	    0.00	78997.03	0.000	1.199	0.999	15783.46	100		    0.00	    0.00	59802.60	19194.43	0.000	0.000
475.00	21002.97	    0.00	78997.03	    0.00	78997.03	0.000	1.199	0.999	15783.46	100		    0.00	    0.00	59802.60	19194.43	0.000	0.000
476.00	21002.97	    0.00	78997.03	    0.00	78997.03	0.000	1.199	0.999	15783.46	100		    0.00	    0.00	59802.60	19194.43	0.000	0.000
477.00	21002.97	    0.00	78997.03	    0.00	78997.03	0.000	1.199	0.999	15783.46	100		    0.00	    0.00	59802.60	19194.43	0.000	0.000
478.00	21002.97	    0.00	78997.03	    0.00	78997.03	0.000	1.199	0.999	15783.46	100		    0.00	    0.00	59802.60	19194.43	0.000	0.000
479.00	21002.97	    0.00	78997.03	    0.00	78997.03	0.000	1.199	0.999	15783.46	100		    0.00	    0.00	59802.60	19194.43	0.000	0.000
480.00	21002.97	    0.00	78997.03	    0.00	78997.03	0.000	1.199	0.999	15783.46	100		    0.00	    0.00	59802.60	19194.43	0.000	0.000
481.00	21002.97	    0.00	78997.03	    0.00	78997.03	0.000	1.199	0.999	15783.46	100		    0.00	    0.00	59802.60	19194.43	0.000	0.000
482.00	21002.97	    0.00	78997.03	    0.00	78997.03	0.000	1.199	0.999	15783.46	100		    0.00	    0.00	59802.60	19194.43	0.000	0.000
483.00	21002.97	    0.00	78997.03	    0.00	78997.03	0.000	1.199	0.999	15783.46	100		    0.00	    0.00	59802.60	19194.43	0.000	0.000
484.00	21002.97	    0.00	78997.03	    0.00	78997.03	0.000	1.199	0.999	15783.46	100		    0.00	    0.00	59802.60	19194.43	0.000	0.000
485.00	21002.97	    0.00	78997.03	    0.00	78997.03	0.000	1.199	0.999	15783.46	100		    0.00	    0.00	59802.60	19194.43	0.000	0.000
486.00	21002.97	    0.00	78997.03	    0.00	78997.03	0.000	1.199	0.999	15783.46	100		    0.00	    0.00	59802.60	19194.43	0.000	0.000
487.00	21002.97	    0.00	78997.03	    0.00	78997.03	0.000	1.199	0.999	15783.46	100		    0.00	    0.00	59802.60	19194.43	0.000	0.000
488.00	21002.97	    0.00	78997.03	    0.00	78997.03	0.000	1.199	0.999	15783.46	100		    0.00	    0.00	59802.60	19194.43	0.000	0.000
489.00	21002.97	    0.00	78997.03	    0.00	78997.03	0.000	1.199	0.999	15783.46	100		    0.00	    0.00	59802.60	19194.43	0.000	0.000
490.00	21002.97	    0.00	78997.03	    0.00	78997.03	0.000	1.199	0.999	15783.46	100		    0.00	    0.00	59802.60	19194.43	0.000	0.000
491.00	21002.97	    0.00	78997.03	    0.00	78997.03	0.000	1.199	0.999	15783.46	100		    0.00	    0.00	59802.60	19194.43	0.000	0.000
492.00	21002.97	    0.00	78997.03	    0.00	78997.03	0.000	1.199	0.999	15783.46	100		    0.00	    0.00	59802.60	19194.43	0.000	0.000
493.00	21002.97	    0.00	78997.03	    0.00	78997.03	0.000	1.199	0.999	15783.46	100		    0.00	    0.00	59802.60	19194.43	0.000	0.000
494.00	21002.97	    0.00	78997.03	    0.00	78997.03	0.000	1.199	0.999	15783.46	100		    0.00	    0.00	59802.60	19194.43	0.000	0.000
495.00	21002.97	    0.00	78997.03	    0.00	78997.03	0.000	1.199	0.999	15783.46	100		    0.00	    0.00	59802.60	19194.43	0.000	0.000
496.00	21002.97	    0.00	78997.03	    0.00	78997.03	0.000	1.199	0.999	15783.46	100		    0.00	    0.00	59802.60	19194.43	0.000	0.000
497.00	21002.97	    0.00	78997.03	    0.00	78997.03	0.000	1.199	0.999	15783.46	100		    0.00	    0.00	59802.60	19194.43	0.000	0.000
498.00	21002.97	    0.00	78997.03	    0.00	78997.03	0.000	1.199	0.999	15783.46	100		    0.00	    0.00	59802.60	19194.43	0.000	0.000
499.00	21002.97	    0.00	78997.03	    0.00	78997.03	0.000	1.199	0.999	15783.46	100		    0.00	    0.00	59802.60	19194.43	0.000	0.000
500.00	21002.97	    0.00	78997.03	    0.00	78997.03	0.000	1.199	0.999	15783.46	100		    0.00	    0.00	59802.60	19194.43	0.000	0.000
