0.00	99950.00	   50.00	    0.00	    0.00	   50.00	0.000	2.380	2.380	    0.00	  2		    0.00	    0.00	   23.00	   27.00	0.000	0.000
1.00	99949.88	   50.12	    0.00	    0.12	   50.12	0.000	2.543	2.542	    0.03	 32		    0.06	    0.06	   23.06	   27.06	0.500	0.500
2.00	99949.04	   50.87	    0.09	    0.91	   50.96	1.917	2.609	2.608	    0.07	 91		    0.66	    0.25	   23.68	   27.27	0.723	0.277
3.00	99938.90	   60.18	    0.92	   10.22	   61.10	0.656	2.539	2.538	    0.07	 99		    7.37	    2.85	   31.00	   30.10	0.721	0.279
4.00	99902.54	   92.74	    4.72	   36.47	   97.46	0.347	2.384	2.383	    0.11	100		   26.24	   10.23	   57.16	   40.30	0.719	0.281
5.00	99845.07	  139.27	   15.66	   57.47	  154.93	0.425	2.286	2.284	    0.24	100		   40.67	   16.80	   97.83	   57.10	0.708	0.292
6.00	99777.63	  183.65	   38.72	   67.44	  222.37	0.342	2.232	2.229	    0.54	100		   47.90	   19.54	  145.73	   76.64	0.710	0.290
7.00	99690.48	  237.12	   72.40	   87.15	  309.52	0.266	2.188	2.184	    1.00	100		   63.27	   23.88	  209.00	  100.52	0.726	0.274
8.00	99573.60	  309.07	  117.33	  116.88	  426.40	0.260	2.168	2.165	    1.62	100		   85.32	   31.56	  294.32	  132.08	0.730	0.270
9.00	99427.05	  395.84	  177.11	  146.55	  572.95	0.256	2.152	2.148	    2.79	100		  107.28	   39.27	  401.60	  171.35	0.732	0.268
10.00	99234.73	  513.09	  252.18	  192.32	  765.27	0.253	2.140	2.134	    4.70	100		  140.97	   51.35	  542.57	  222.70	0.733	0.267
11.00	98984.95	  664.76	  350.29	  249.78	 1015.05	0.259	2.128	2.121	    7.84	100		  183.46	   66.32	  726.03	  289.02	0.734	0.266
12.00	98662.63	  858.99	  478.38	  322.32	 1337.37	0.258	2.122	2.112	   13.10	100		  234.32	   88.00	  960.35	  377.02	0.727	0.273
13.00	98247.61	 1112.18	  640.21	  415.02	 1752.39	0.257	2.113	2.100	   21.80	100		  302.92	  112.10	 1263.27	  489.12	0.730	0.270
14.00	97709.98	 1434.54	  855.48	  537.63	 2290.02	0.256	2.108	2.092	   36.26	100		  394.13	  143.50	 1657.40	  632.62	0.733	0.267
15.00	97023.88	 1846.62	 1129.50	  686.10	 2976.12	0.254	2.097	2.077	   60.54	100		  503.98	  182.12	 2161.38	  814.74	0.735	0.265
16.00	96138.91	 2373.05	 1488.04	  884.97	 3861.09	0.252	2.090	2.064	  100.69	100		  645.96	  239.01	 2807.34	 1053.75	0.730	0.270
17.00	95015.49	 3033.00	 1951.51	 1123.42	 4984.51	0.248	2.078	2.045	  163.05	100		  822.02	  301.40	 3629.36	 1355.15	0.732	0.268
18.00	93589.82	 3861.78	 2548.40	 1425.67	 6410.18	0.243	2.065	2.024	  261.38	100		 1044.78	  380.89	 4674.14	 1736.04	0.733	0.267
19.00	91799.29	 4885.90	 3314.81	 1790.53	 8200.71	0.238	2.048	1.997	  413.39	100		 1313.29	  477.24	 5987.43	 2213.28	0.733	0.267
20.00	89561.74	 6139.01	 4299.25	 2237.55	10438.26	0.232	2.029	1.967	  647.21	100		 1640.00	  597.55	 7627.43	 2810.83	0.733	0.267
21.00	86799.28	 7645.88	 5554.84	 2762.46	13200.72	0.224	2.005	1.930	  988.50	100		 2031.34	  731.12	 9658.77	 3541.95	0.735	0.265
22.00	83441.96	 9397.60	 7160.44	 3357.32	16558.04	0.213	1.974	1.885	 1474.91	100		 2472.57	  884.75	12131.34	 4426.70	0.736	0.264
23.00	79429.84	11379.91	 9190.25	 4012.12	20570.16	0.199	1.938	1.834	 2139.60	100		 2957.17	 1054.95	15088.51	 5481.65	0.737	0.263
24.00	74772.42	13494.74	11732.84	 4657.42	25227.58	0.181	1.897	1.778	 2987.78	100		 3439.64	 1217.78	18528.15	 6699.43	0.739	0.261
25.00	69457.53	15670.85	14871.62	 5314.89	30542.47	0.160	1.850	1.718	 4024.13	100		 3935.93	 1378.96	22464.08	 8078.39	0.741	0.259
26.00	63589.18	17696.91	18713.91	 5868.35	36410.82	0.136	1.797	1.654	 5209.64	100		 4360.79	 1507.56	26824.87	 9585.95	0.743	0.257
27.00	57381.75	19306.14	23312.11	 6207.43	42618.25	0.104	1.742	1.590	 6463.09	100		 4643.79	 1563.64	31468.66	11149.59	0.748	0.252
28.00	50968.82	20396.18	28635.00	 6412.93	49031.18	0.071	1.684	1.527	 7702.63	100		 4817.98	 1594.95	36286.64	12744.54	0.751	0.249
29.00	44733.34	20585.52	34681.14	 6235.48	55266.66	0.032	1.627	1.468	 8810.20	100		 4715.73	 1519.75	41002.37	14264.29	0.756	0.244
30.00	38857.95	19929.77	41212.28	 5875.39	61142.05	-0.012	1.574	1.414	 9748.65	100		 4471.81	 1403.58	45474.18	15667.87	0.761	0.239
31.00	33576.92	18415.86	48007.22	 5281.03	66423.08	-0.056	1.525	1.368	10462.64	100		 4050.04	 1230.99	49524.22	16898.86	0.767	0.233
32.00	29022.38	16229.46	54748.16	 4554.54	70977.62	-0.103	1.483	1.329	10972.39	100		 3517.67	 1036.87	53041.89	17935.73	0.772	0.228
33.00	25225.70	13707.90	61066.40	 3796.68	74774.30	-0.148	1.448	1.296	11314.67	100		 2956.73	  839.95	55998.62	18775.68	0.779	0.221
34.00	22168.90	11097.85	66733.25	 3056.80	77831.10	-0.190	1.419	1.271	11531.37	100		 2396.60	  660.20	58395.22	19435.88	0.784	0.216
35.00	19769.69	 8685.37	71544.94	 2399.21	80230.31	-0.228	1.396	1.251	11661.02	100		 1899.88	  499.33	60295.10	19935.21	0.792	0.208
36.00	17925.79	 6606.54	75467.67	 1843.90	82074.21	-0.259	1.379	1.236	11736.17	100		 1466.10	  377.80	61761.20	20313.01	0.795	0.205
37.00	16532.37	 4915.08	78552.55	 1393.42	83467.63	-0.285	1.365	1.224	11779.39	100		 1114.01	  279.41	62875.21	20592.42	0.799	0.201
38.00	15482.77	 3608.72	80908.51	 1049.60	84517.23	-0.302	1.355	1.216	11802.82	100		  843.64	  205.96	63718.85	20798.38	0.804	0.196
39.00	14713.72	 2609.68	82676.60	  769.05	85286.28	-0.317	1.348	1.209	11815.62	100		  622.11	  146.94	64340.96	20945.32	0.809	0.191
40.00	14147.38	 1886.44	83966.18	  566.34	85852.62	-0.324	1.342	1.205	11822.69	100		  459.26	  107.08	64800.22	21052.40	0.811	0.189
41.00	13726.96	 1364.32	84908.72	  420.42	86273.04	-0.324	1.338	1.201	11826.45	100		  340.12	   80.30	65140.34	21132.70	0.809	0.191
42.00	13427.12	  974.34	85598.54	  299.84	86572.88	-0.330	1.335	1.199	11828.42	100		  243.92	   55.92	65384.26	21188.62	0.814	0.186
43.00	13206.45	  700.40	86093.15	  220.67	86793.55	-0.333	1.333	1.197	11829.49	100		  179.42	   41.25	65563.68	21229.87	0.813	0.187
44.00	13046.33	  504.42	86449.25	  160.12	86953.67	-0.329	1.332	1.195	11830.12	100		  131.23	   28.89	65694.91	21258.76	0.820	0.180
45.00	12931.68	  359.99	86708.33	  114.65	87068.32	-0.333	1.330	1.195	11830.40	100		   93.57	   21.08	65788.48	21279.84	0.816	0.184
46.00	12849.10	  258.59	86892.31	   82.58	87150.90	-0.334	1.330	1.194	11830.51	100		   66.97	   15.61	65855.45	21295.45	0.811	0.189
47.00	12787.89	  189.08	87023.03	   61.21	87212.11	-0.322	1.329	1.193	11830.59	100		   50.60	   10.61	65906.05	21306.06	0.827	0.173
48.00	12744.67	  135.44	87119.89	   43.22	87255.33	-0.323	1.329	1.193	11830.60	100		   35.57	    7.65	65941.62	21313.71	0.823	0.177
49.00	12712.48	   99.00	87188.52	   32.19	87287.52	-0.324	1.328	1.193	11830.62	100		   26.47	    5.72	65968.09	21319.43	0.822	0.178
50.00	12690.13	   70.54	87239.33	   22.35	87309.87	-0.326	1.328	1.193	11830.62	100		   18.07	    4.28	65986.16	21323.71	0.809	0.191
51.00	12673.01	   52.36	87274.63	   17.12	87326.99	-0.318	1.328	1.192	11830.64	100		   14.23	    2.89	66000.39	21326.60	0.831	0.169
52.00	12661.00	   37.46	87301.54	   12.01	87339.00	-0.316	1.328	1.192	11830.64	100		    9.99	    2.02	66010.38	21328.62	0.832	0.168
53.00	12651.88	   27.32	87320.80	    9.12	87348.12	-0.325	1.328	1.192	11830.64	100		    7.40	    1.72	66017.78	21330.34	0.811	0.189
54.00	12645.82	   19.13	87335.05	    6.06	87354.18	-0.336	1.328	1.192	11830.64	100		    5.19	    0.87	66022.97	21331.21	0.856	0.144
55.00	12641.31	   13.72	87344.97	    4.51	87358.69	-0.344	1.328	1.192	11830.64	100		    3.77	    0.74	66026.74	21331.95	0.836	0.164
56.00	12637.82	   10.42	87351.76	    3.49	87362.18	-0.304	1.328	1.192	11830.64	100		    2.79	    0.70	66029.53	21332.65	0.799	0.201
57.00	12635.46	    7.30	87357.24	    2.36	87364.54	-0.315	1.327	1.192	11830.64	100		    1.85	    0.51	66031.38	21333.16	0.784	0.216
58.00	12633.89	    5.01	87361.10	    1.57	87366.11	-0.366	1.327	1.192	11830.64	100		    1.28	    0.29	66032.66	21333.45	0.815	0.185
59.00	12632.70	    3.82	87363.48	    1.19	87367.30	-0.324	1.327	1.192	11830.64	100		    1.00	    0.19	66033.66	21333.64	0.840	0.160
60.00	12631.85	    2.90	87365.25	    0.85	87368.15	-0.273	1.327	1.192	11830.64	100		    0.76	    0.09	66034.42	21333.73	0.894	0.106
61.00	12631.21	    2.13	87366.66	    0.64	87368.79	-0.292	1.327	1.192	11830.64	100		    0.50	    0.14	66034.92	21333.87	0.781	0.219
62.00	12630.68	    1.57	87367.75	    0.53	87369.32	-0.307	1.327	1.192	11830.64	100		    0.43	    0.10	66035.35	21333.97	0.811	0.189
63.00	12630.32	    1.10	87368.58	    0.36	87369.68	-0.330	1.327	1.192	11830.64	100		    0.26	    0.10	66035.61	21334.07	0.722	0.278
64.00	12630.05	    0.82	87369.13	    0.27	87369.95	-0.325	1.327	1.192	11830.64	100		    0.21	    0.06	66035.82	21334.13	0.778	0.222
65.00	12629.82	    0.61	87369.57	    0.23	87370.18	-0.295	1.327	1.192	11830.64	100		    0.20	    0.03	66036.02	21334.16	0.870	0.130
66.00	12629.67	    0.47	87369.86	    0.15	87370.33	-0.278	1.327	1.192	11830.64	100		    0.11	    0.04	66036.13	21334.20	0.733	0.267
67.00	12629.56	    0.38	87370.06	    0.11	87370.44	-0.237	1.327	1.192	11830.64	100		    0.09	    0.02	66036.22	21334.22	0.818	0.182
68.00	12629.48	    0.26	87370.26	    0.08	87370.52	-0.296	1.327	1.192	11830.64	100		    0.08	    0.00	66036.30	21334.22	1.000	0.000
69.00	12629.40	    0.23	87370.37	    0.08	87370.60	-0.251	1.327	1.192	11830.64	100		    0.06	    0.02	66036.36	21334.24	0.750	0.250
70.00	12629.37	    0.13	87370.50	    0.03	87370.63	-0.347	1.327	1.192	11830.64	100		    0.03	    0.00	66036.39	21334.24	1.000	0.000
71.00	12629.35	    0.08	87370.57	    0.02	87370.65	-0.528	1.327	1.192	11830.64	100		    0.01	    0.01	66036.40	21334.25	0.500	0.500
72.00	12629.32	    0.06	87370.62	    0.03	87370.68	-0.387	1.327	1.192	11830.64	100		    0.03	    0.00	66036.43	21334.25	1.000	0.000
73.00	12629.32	    0.01	87370.67	    0.00	87370.68	-1.040	1.327	1.192	11830.64	100		    0.00	    0.00	66036.43	21334.25	0.000	0.000
74.00	12629.31	    0.02	87370.67	    0.01	87370.69	-0.549	1.327	1.192	11830.64	100		    0.01	    0.00	66036.44	21334.25	1.000	0.000
75.00	12629.31	    0.00	87370.69	    0.00	87370.69	0.000	1.327	1.192	11830.64	100		    0.00	    0.00	66036.44	21334.25	0.000	0.000
76.00	12629.31	    0.00	87370.69	    0.00	87370.69	-0.347	1.327	1.192	11830.64	100		    0.00	    0.00	66036.44	21334.25	0.000	0.000
77.00	12629.31	    0.00	87370.69	    0.00	87370.69	0.000	1.327	1.192	11830.64	100		    0.00	    0.00	66036.44	21334.25	0.000	0.000
78.00	12629.31	    0.00	87370.69	    0.00	87370.69	0.000	1.327	1.192	11830.64	100		    0.00	    0.00	66036.44	21334.25	0.000	0.000
79.00	12629.31	    0.00	87370.69	    0.00	87370.69	0.000	1.327	1.192	11830.64	100		    0.00	    0.00	66036.44	21334.25	0.000	0.000
80.00	12629.31	    0.00	87370.69	    0.00	87370.69	0.000	1.327	1.192	11830.64	100		    0.00	    0.00	66036.44	21334.25	0.000	0.000
81.00	12629.31	    0.00	87370.69	    0.00	87370.69	0.000	1.327	1.192	11830.64	100		    0.00	    0.00	66036.44	21334.25	0.000	0.000
82.00	12629.31	    0.00	87370.69	    0.00	87370.69	0.000	1.327	1.192	11830.64	100		    0.00	    0.00	66036.44	21334.25	0.000	0.000
83.00	12629.31	    0.00	87370.69	    0.00	87370.69	0.000	1.327	1.192	11830.64	100		    0.00	    0.00	66036.44	21334.25	0.000	0.000
84.00	12629.31	    0.00	87370.69	    0.00	87370.69	0.000	1.327	1.192	11830.64	100		    0.00	    0.00	66036.44	21334.25	0.000	0.000
85.00	12629.31	    0.00	87370.69	    0.00	87370.69	0.000	1.327	1.192	11830.64	100		    0.00	    0.00	66036.44	21334.25	0.000	0.000
86.00	12629.31	    0.00	87370.69	    0.00	87370.69	0.000	1.327	1.192	11830.64	100		    0.00	    0.00	66036.44	21334.25	0.000	0.000
87.00	12629.31	    0.00	87370.69	    0.00	87370.69	0.000	1.327	1.192	11830.64	100		    0.00	    0.00	66036.44	21334.25	0.000	0.000
88.00	12629.31	    0.00	87370.69	    0.00	87370.69	0.000	1.327	1.192	11830.64	100		    0.00	    0.00	66036.44	21334.25	0.000	0.000
89.00	12629.31	    0.00	87370.69	    0.00	87370.69	0.000	1.327	1.192	11830.64	100		    0.00	    0.00	66036.44	21334.25	0.000	0.000
90.00	12629.31	    0.00	87370.69	    0.00	87370.69	0.000	1.327	1.192	11830.64	100		    0.00	    0.00	66036.44	21334.25	0.000	0.000
91.00	12629.31	    0.00	87370.69	    0.00	87370.69	0.000	1.327	1.192	11830.64	100		    0.00	    0.00	66036.44	21334.25	0.000	0.000
92.00	12629.31	    0.00	87370.69	    0.00	87370.69	0.000	1.327	1.192	11830.64	100		    0.00	    0.00	66036.44	21334.25	0.000	0.000
93.00	12629.31	    0.00	87370.69	    0.00	87370.69	0.000	1.327	1.192	11830.64	100		    0.00	    0.00	66036.44	21334.25	0.000	0.000
94.00	12629.31	    0.00	87370.69	    0.00	87370.69	0.000	1.327	1.192	11830.64	100		    0.00	    0.00	66036.44	21334.25	0.000	0.000
95.00	12629.31	    0.00	87370.69	    0.00	87370.69	0.000	1.327	1.192	11830.64	100		    0.00	    0.00	66036.44	21334.25	0.000	0.000
96.00	12629.31	    0.00	87370.69	    0.00	87370.69	0.000	1.327	1.192	11830.64	100		    0.00	    0.00	66036.44	21334.25	0.000	0.000
97.00	12629.31	    0.00	87370.69	    0.00	87370.69	0.000	1.327	1.192	11830.64	100		    0.00	    0.00	66036.44	21334.25	0.000	0.000
98.00	12629.31	    0.00	87370.69	    0.00	87370.69	0.000	1.327	1.192	11830.64	100		    0.00	    0.00	66036.44	21334.25	0.000	0.000
99.00	12629.31	    0.00	87370.69	    0.00	87370.69	0.000	1.327	1.192	11830.64	100		    0.00	    0.00	66036.44	21334.25	0.000	0.000
100.00	12629.31	    0.00	87370.69	    0.00	87370.69	0.000	1.327	1.192	11830.64	100		    0.00	    0.00	66036.44	21334.25	0.000	0.000
101.00	12629.31	    0.00	87370.69	    0.00	87370.69	0.000	1.327	1.192	11830.64	100		    0.00	    0.00	66036.44	21334.25	0.000	0.000
102.00	12629.31	    0.00	87370.69	    0.00	87370.69	0.000	1.327	1.192	11830.64	100		    0.00	    0.00	66036.44	21334.25	0.000	0.000
103.00	12629.31	    0.00	87370.69	    0.00	87370.69	0.000	1.327	1.192	11830.64	100		    0.00	    0.00	66036.44	21334.25	0.000	0.000
104.00	12629.31	    0.00	87370.69	    0.00	87370.69	0.000	1.327	1.192	11830.64	100		    0.00	    0.00	66036.44	21334.25	0.000	0.000
105.00	12629.31	    0.00	87370.69	    0.00	87370.69	0.000	1.327	1.192	11830.64	100		    0.00	    0.00	66036.44	21334.25	0.000	0.000
106.00	12629.31	    0.00	87370.69	    0.00	87370.69	0.000	1.327	1.192	11830.64	100		    0.00	    0.00	66036.44	21334.25	0.000	0.000
107.00	12629.31	    0.00	87370.69	    0.00	87370.69	0.000	1.327	1.192	11830.64	100		    0.00	    0.00	66036.44	21334.25	0.000	0.000
108.00	12629.31	    0.00	87370.69	    0.00	87370.69	0.000	1.327	1.192	11830.64	100		    0.00	    0.00	66036.44	21334.25	0.000	0.000
109.00	12629.31	    0.00	87370.69	    0.00	87370.69	0.000	1.327	1.192	11830.64	100		    0.00	    0.00	66036.44	21334.25	0.000	0.000
110.00	12629.31	    0.00	87370.69	    0.00	87370.69	0.000	1.327	1.192	11830.64	100		    0.00	    0.00	66036.44	21334.25	0.000	0.000
111.00	12629.31	    0.00	87370.69	    0.00	87370.69	0.000	1.327	1.192	11830.64	100		    0.00	    0.00	66036.44	21334.25	0.000	0.000
112.00	12629.31	    0.00	87370.69	    0.00	87370.69	0.000	1.327	1.192	11830.64	100		    0.00	    0.00	66036.44	21334.25	0.000	0.000
113.00	12629.31	    0.00	87370.69	    0.00	87370.69	0.000	1.327	1.192	11830.64	100		    0.00	    0.00	66036.44	21334.25	0.000	0.000
114.00	12629.31	    0.00	87370.69	    0.00	87370.69	0.000	1.327	1.192	11830.64	100		    0.00	    0.00	66036.44	21334.25	0.000	0.000
115.00	12629.31	    0.00	87370.69	    0.00	87370.69	0.000	1.327	1.192	11830.64	100		    0.00	    0.00	66036.44	21334.25	0.000	0.000
116.00	12629.31	    0.00	87370.69	    0.00	87370.69	0.000	1.327	1.192	11830.64	100		    0.00	    0.00	66036.44	21334.25	0.000	0.000
117.00	12629.31	    0.00	87370.69	    0.00	87370.69	0.000	1.327	1.192	11830.64	100		    0.00	    0.00	66036.44	21334.25	0.000	0.000
118.00	12629.31	    0.00	87370.69	    0.00	87370.69	0.000	1.327	1.192	11830.64	100		    0.00	    0.00	66036.44	21334.25	0.000	0.000
119.00	12629.31	    0.00	87370.69	    0.00	87370.69	0.000	1.327	1.192	11830.64	100		    0.00	    0.00	66036.44	21334.25	0.000	0.000
120.00	12629.31	    0.00	87370.69	    0.00	87370.69	0.000	1.327	1.192	11830.64	100		    0.00	    0.00	66036.44	21334.25	0.000	0.000
121.00	12629.31	    0.00	87370.69	    0.00	87370.69	0.000	1.327	1.192	11830.64	100		    0.00	    0.00	66036.44	21334.25	0.000	0.000
122.00	12629.31	    0.00	87370.69	    0.00	87370.69	0.000	1.327	1.192	11830.64	100		    0.00	    0.00	66036.44	21334.25	0.000	0.000
123.00	12629.31	    0.00	87370.69	    0.00	87370.69	0.000	1.327	1.192	11830.64	100		    0.00	    0.00	66036.44	21334.25	0.000	0.000
124.00	12629.31	    0.00	87370.69	    0.00	87370.69	0.000	1.327	1.192	11830.64	100		    0.00	    0.00	66036.44	21334.25	0.000	0.000
125.00	12629.31	    0.00	87370.69	    0.00	87370.69	0.000	1.327	1.192	11830.64	100		    0.00	    0.00	66036.44	21334.25	0.000	0.000
126.00	12629.31	    0.00	87370.69	    0.00	87370.69	0.000	1.327	1.192	11830.64	100		    0.00	    0.00	66036.44	21334.25	0.000	0.000
127.00	12629.31	    0.00	87370.69	    0.00	87370.69	0.000	1.327	1.192	11830.64	100		    0.00	    0.00	66036.44	21334.25	0.000	0.000
128.00	12629.31	    0.00	87370.69	    0.00	87370.69	0.000	1.327	1.192	11830.64	100		    0.00	    0.00	66036.44	21334.25	0.000	0.000
129.00	12629.31	    0.00	87370.69	    0.00	87370.69	0.000	1.327	1.192	11830.64	100		    0.00	    0.00	66036.44	21334.25	0.000	0.000
130.00	12629.31	    0.00	87370.69	    0.00	87370.69	0.000	1.327	1.192	11830.64	100		    0.00	    0.00	66036.44	21334.25	0.000	0.000
131.00	12629.31	    0.00	87370.69	    0.00	87370.69	0.000	1.327	1.192	11830.64	100		    0.00	    0.00	66036.44	21334.25	0.000	0.000
132.00	12629.31	    0.00	87370.69	    0.00	87370.69	0.000	1.327	1.192	11830.64	100		    0.00	    0.00	66036.44	21334.25	0.000	0.000
133.00	12629.31	    0.00	87370.69	    0.00	87370.69	0.000	1.327	1.192	11830.64	100		    0.00	    0.00	66036.44	21334.25	0.000	0.000
134.00	12629.31	    0.00	87370.69	    0.00	87370.69	0.000	1.327	1.192	11830.64	100		    0.00	    0.00	66036.44	21334.25	0.000	0.000
135.00	12629.31	    0.00	87370.69	    0.00	87370.69	0.000	1.327	1.192	11830.64	100		    0.00	    0.00	66036.44	21334.25	0.000	0.000
136.00	12629.31	    0.00	87370.69	    0.00	87370.69	0.000	1.327	1.192	11830.64	100		    0.00	    0.00	66036.44	21334.25	0.000	0.000
137.00	12629.31	    0.00	87370.69	    0.00	87370.69	0.000	1.327	1.192	11830.64	100		    0.00	    0.00	66036.44	21334.25	0.000	0.000
138.00	12629.31	    0.00	87370.69	    0.00	87370.69	0.000	1.327	1.192	11830.64	100		    0.00	    0.00	66036.44	21334.25	0.000	0.000
139.00	12629.31	    0.00	87370.69	    0.00	87370.69	0.000	1.327	1.192	11830.64	100		    0.00	    0.00	66036.44	21334.25	0.000	0.000
140.00	12629.31	    0.00	87370.69	    0.00	87370.69	0.000	1.327	1.192	11830.64	100		    0.00	    0.00	66036.44	21334.25	0.000	0.000
141.00	12629.31	    0.00	87370.69	    0.00	87370.69	0.000	1.327	1.192	11830.64	100		    0.00	    0.00	66036.44	21334.25	0.000	0.000
142.00	12629.31	    0.00	87370.69	    0.00	87370.69	0.000	1.327	1.192	11830.64	100		    0.00	    0.00	66036.44	21334.25	0.000	0.000
143.00	12629.31	    0.00	87370.69	    0.00	87370.69	0.000	1.327	1.192	11830.64	100		    0.00	    0.00	66036.44	21334.25	0.000	0.000
144.00	12629.31	    0.00	87370.69	    0.00	87370.69	0.000	1.327	1.192	11830.64	100		    0.00	    0.00	66036.44	21334.25	0.000	0.000
145.00	12629.31	    0.00	87370.69	    0.00	87370.69	0.000	1.327	1.192	11830.64	100		    0.00	    0.00	66036.44	21334.25	0.000	0.000
146.00	12629.31	    0.00	87370.69	    0.00	87370.69	0.000	1.327	1.192	11830.64	100		    0.00	    0.00	66036.44	21334.25	0.000	0.000
147.00	12629.31	    0.00	87370.69	    0.00	87370.69	0.000	1.327	1.192	11830.64	100		    0.00	    0.00	66036.44	21334.25	0.000	0.000
148.00	12629.31	    0.00	87370.69	    0.00	87370.69	0.000	1.327	1.192	11830.64	100		    0.00	    0.00	66036.44	21334.25	0.000	0.000
149.00	12629.31	    0.00	87370.69	    0.00	87370.69	0.000	1.327	1.192	11830.64	100		    0.00	    0.00	66036.44	21334.25	0.000	0.000
150.00	12629.31	    0.00	87370.69	    0.00	87370.69	0.000	1.327	1.192	11830.64	100		    0.00	    0.00	66036.44	21334.25	0.000	0.000
151.00	12629.31	    0.00	87370.69	    0.00	87370.69	0.000	1.327	1.192	11830.64	100		    0.00	    0.00	66036.44	21334.25	0.000	0.000
152.00	12629.31	    0.00	87370.69	    0.00	87370.69	0.000	1.327	1.192	11830.64	100		    0.00	    0.00	66036.44	21334.25	0.000	0.000
153.00	12629.31	    0.00	87370.69	    0.00	87370.69	0.000	1.327	1.192	11830.64	100		    0.00	    0.00	66036.44	21334.25	0.000	0.000
154.00	12629.31	    0.00	87370.69	    0.00	87370.69	0.000	1.327	1.192	11830.64	100		    0.00	    0.00	66036.44	21334.25	0.000	0.000
155.00	12629.31	    0.00	87370.69	    0.00	87370.69	0.000	1.327	1.192	11830.64	100		    0.00	    0.00	66036.44	21334.25	0.000	0.000
156.00	12629.31	    0.00	87370.69	    0.00	87370.69	0.000	1.327	1.192	11830.64	100		    0.00	    0.00	66036.44	21334.25	0.000	0.000
157.00	12629.31	    0.00	87370.69	    0.00	87370.69	0.000	1.327	1.192	11830.64	100		    0.00	    0.00	66036.44	21334.25	0.000	0.000
158.00	12629.31	    0.00	87370.69	    0.00	87370.69	0.000	1.327	1.192	11830.64	100		    0.00	    0.00	66036.44	21334.25	0.000	0.000
159.00	12629.31	    0.00	87370.69	    0.00	87370.69	0.000	1.327	1.192	11830.64	100		    0.00	    0.00	66036.44	21334.25	0.000	0.000
160.00	12629.31	    0.00	87370.69	    0.00	87370.69	0.000	1.327	1.192	11830.64	100		    0.00	    0.00	66036.44	21334.25	0.000	0.000
161.00	12629.31	    0.00	87370.69	    0.00	87370.69	0.000	1.327	1.192	11830.64	100		    0.00	    0.00	66036.44	21334.25	0.000	0.000
162.00	12629.31	    0.00	87370.69	    0.00	87370.69	0.000	1.327	1.192	11830.64	100		    0.00	    0.00	66036.44	21334.25	0.000	0.000
163.00	12629.31	    0.00	87370.69	    0.00	87370.69	0.000	1.327	1.192	11830.64	100		    0.00	    0.00	66036.44	21334.25	0.000	0.000
164.00	12629.31	    0.00	87370.69	    0.00	87370.69	0.000	1.327	1.192	11830.64	100		    0.00	    0.00	66036.44	21334.25	0.000	0.000
165.00	12629.31	    0.00	87370.69	    0.00	87370.69	0.000	1.327	1.192	11830.64	100		    0.00	    0.00	66036.44	21334.25	0.000	0.000
166.00	12629.31	    0.00	87370.69	    0.00	87370.69	0.000	1.327	1.192	11830.64	100		    0.00	    0.00	66036.44	21334.25	0.000	0.000
167.00	12629.31	    0.00	87370.69	    0.00	87370.69	0.000	1.327	1.192	11830.64	100		    0.00	    0.00	66036.44	21334.25	0.000	0.000
168.00	12629.31	    0.00	87370.69	    0.00	87370.69	0.000	1.327	1.192	11830.64	100		    0.00	    0.00	66036.44	21334.25	0.000	0.000
169.00	12629.31	    0.00	87370.69	    0.00	87370.69	0.000	1.327	1.192	11830.64	100		    0.00	    0.00	66036.44	21334.25	0.000	0.000
170.00	12629.31	    0.00	87370.69	    0.00	87370.69	0.000	1.327	1.192	11830.64	100		    0.00	    0.00	66036.44	21334.25	0.000	0.000
171.00	12629.31	    0.00	87370.69	    0.00	87370.69	0.000	1.327	1.192	11830.64	100		    0.00	    0.00	66036.44	21334.25	0.000	0.000
172.00	12629.31	    0.00	87370.69	    0.00	87370.69	0.000	1.327	1.192	11830.64	100		    0.00	    0.00	66036.44	21334.25	0.000	0.000
173.00	12629.31	    0.00	87370.69	    0.00	87370.69	0.000	1.327	1.192	11830.64	100		    0.00	    0.00	66036.44	21334.25	0.000	0.000
174.00	12629.31	    0.00	87370.69	    0.00	87370.69	0.000	1.327	1.192	11830.64	100		    0.00	    0.00	66036.44	21334.25	0.000	0.000
175.00	12629.31	    0.00	87370.69	    0.00	87370.69	0.000	1.327	1.192	11830.64	100		    0.00	    0.00	66036.44	21334.25	0.000	0.000
176.00	12629.31	    0.00	87370.69	    0.00	87370.69	0.000	1.327	1.192	11830.64	100		    0.00	    0.00	66036.44	21334.25	0.000	0.000
177.00	12629.31	    0.00	87370.69	    0.00	87370.69	0.000	1.327	1.192	11830.64	100		    0.00	    0.00	66036.44	21334.25	0.000	0.000
178.00	12629.31	    0.00	87370.69	    0.00	87370.69	0.000	1.327	1.192	11830.64	100		    0.00	    0.00	66036.44	21334.25	0.000	0.000
179.00	12629.31	    0.00	87370.69	    0.00	87370.69	0.000	1.327	1.192	11830.64	100		    0.00	    0.00	66036.44	21334.25	0.000	0.000
180.00	12629.31	    0.00	87370.69	    0.00	87370.69	0.000	1.327	1.192	11830.64	100		    0.00	    0.00	66036.44	21334.25	0.000	0.000
181.00	12629.31	    0.00	87370.69	    0.00	87370.69	0.000	1.327	1.192	11830.64	100		    0.00	    0.00	66036.44	21334.25	0.000	0.000
182.00	12629.31	    0.00	87370.69	    0.00	87370.69	0.000	1.327	1.192	11830.64	100		    0.00	    0.00	66036.44	21334.25	0.000	0.000
183.00	12629.31	    0.00	87370.69	    0.00	87370.69	0.000	1.327	1.192	11830.64	100		    0.00	    0.00	66036.44	21334.25	0.000	0.000
184.00	12629.31	    0.00	87370.69	    0.00	87370.69	0.000	1.327	1.192	11830.64	100		    0.00	    0.00	66036.44	21334.25	0.000	0.000
185.00	12629.31	    0.00	87370.69	    0.00	87370.69	0.000	1.327	1.192	11830.64	100		    0.00	    0.00	66036.44	21334.25	0.000	0.000
186.00	12629.31	    0.00	87370.69	    0.00	87370.69	0.000	1.327	1.192	11830.64	100		    0.00	    0.00	66036.44	21334.25	0.000	0.000
187.00	12629.31	    0.00	87370.69	    0.00	87370.69	0.000	1.327	1.192	11830.64	100		    0.00	    0.00	66036.44	21334.25	0.000	0.000
188.00	12629.31	    0.00	87370.69	    0.00	87370.69	0.000	1.327	1.192	11830.64	100		    0.00	    0.00	66036.44	21334.25	0.000	0.000
189.00	12629.31	    0.00	87370.69	    0.00	87370.69	0.000	1.327	1.192	11830.64	100		    0.00	    0.00	66036.44	21334.25	0.000	0.000
190.00	12629.31	    0.00	87370.69	    0.00	87370.69	0.000	1.327	1.192	11830.64	100		    0.00	    0.00	66036.44	21334.25	0.000	0.000
191.00	12629.31	    0.00	87370.69	    0.00	87370.69	0.000	1.327	1.192	11830.64	100		    0.00	    0.00	66036.44	21334.25	0.000	0.000
192.00	12629.31	    0.00	87370.69	    0.00	87370.69	0.000	1.327	1.192	11830.64	100		    0.00	    0.00	66036.44	21334.25	0.000	0.000
193.00	12629.31	    0.00	87370.69	    0.00	87370.69	0.000	1.327	1.192	11830.64	100		    0.00	    0.00	66036.44	21334.25	0.000	0.000
194.00	12629.31	    0.00	87370.69	    0.00	87370.69	0.000	1.327	1.192	11830.64	100		    0.00	    0.00	66036.44	21334.25	0.000	0.000
195.00	12629.31	    0.00	87370.69	    0.00	87370.69	0.000	1.327	1.192	11830.64	100		    0.00	    0.00	66036.44	21334.25	0.000	0.000
196.00	12629.31	    0.00	87370.69	    0.00	87370.69	0.000	1.327	1.192	11830.64	100		    0.00	    0.00	66036.44	21334.25	0.000	0.000
197.00	12629.31	    0.00	87370.69	    0.00	87370.69	0.000	1.327	1.192	11830.64	100		    0.00	    0.00	66036.44	21334.25	0.000	0.000
198.00	12629.31	    0.00	87370.69	    0.00	87370.69	0.000	1.327	1.192	11830.64	100		    0.00	    0.00	66036.44	21334.25	0.000	0.000
199.00	12629.31	    0.00	87370.69	    0.00	87370.69	0.000	1.327	1.192	11830.64	100		    0.00	    0.00	66036.44	21334.25	0.000	0.000
200.00	12629.31	    0.00	87370.69	    0.00	87370.69	0.000	1.327	1.192	11830.64	100		    0.00	    0.00	66036.44	21334.25	0.000	0.000
201.00	12629.31	    0.00	87370.69	    0.00	87370.69	0.000	1.327	1.192	11830.64	100		    0.00	    0.00	66036.44	21334.25	0.000	0.000
202.00	12629.31	    0.00	87370.69	    0.00	87370.69	0.000	1.327	1.192	11830.64	100		    0.00	    0.00	66036.44	21334.25	0.000	0.000
203.00	12629.31	    0.00	87370.69	    0.00	87370.69	0.000	1.327	1.192	11830.64	100		    0.00	    0.00	66036.44	21334.25	0.000	0.000
204.00	12629.31	    0.00	87370.69	    0.00	87370.69	0.000	1.327	1.192	11830.64	100		    0.00	    0.00	66036.44	21334.25	0.000	0.000
205.00	12629.31	    0.00	87370.69	    0.00	87370.69	0.000	1.327	1.192	11830.64	100		    0.00	    0.00	66036.44	21334.25	0.000	0.000
206.00	12629.31	    0.00	87370.69	    0.00	87370.69	0.000	1.327	1.192	11830.64	100		    0.00	    0.00	66036.44	21334.25	0.000	0.000
207.00	12629.31	    0.00	87370.69	    0.00	87370.69	0.000	1.327	1.192	11830.64	100		    0.00	    0.00	66036.44	21334.25	0.000	0.000
208.00	12629.31	    0.00	87370.69	    0.00	87370.69	0.000	1.327	1.192	11830.64	100		    0.00	    0.00	66036.44	21334.25	0.000	0.000
209.00	12629.31	    0.00	87370.69	    0.00	87370.69	0.000	1.327	1.192	11830.64	100		    0.00	    0.00	66036.44	21334.25	0.000	0.000
210.00	12629.31	    0.00	87370.69	    0.00	87370.69	0.000	1.327	1.192	11830.64	100		    0.00	    0.00	66036.44	21334.25	0.000	0.000
211.00	12629.31	    0.00	87370.69	    0.00	87370.69	0.000	1.327	1.192	11830.64	100		    0.00	    0.00	66036.44	21334.25	0.000	0.000
212.00	12629.31	    0.00	87370.69	    0.00	87370.69	0.000	1.327	1.192	11830.64	100		    0.00	    0.00	66036.44	21334.25	0.000	0.000
213.00	12629.31	    0.00	87370.69	    0.00	87370.69	0.000	1.327	1.192	11830.64	100		    0.00	    0.00	66036.44	21334.25	0.000	0.000
214.00	12629.31	    0.00	87370.69	    0.00	87370.69	0.000	1.327	1.192	11830.64	100		    0.00	    0.00	66036.44	21334.25	0.000	0.000
215.00	12629.31	    0.00	87370.69	    0.00	87370.69	0.000	1.327	1.192	11830.64	100		    0.00	    0.00	66036.44	21334.25	0.000	0.000
216.00	12629.31	    0.00	87370.69	    0.00	87370.69	0.000	1.327	1.192	11830.64	100		    0.00	    0.00	66036.44	21334.25	0.000	0.000
217.00	12629.31	    0.00	87370.69	    0.00	87370.69	0.000	1.327	1.192	11830.64	100		    0.00	    0.00	66036.44	21334.25	0.000	0.000
218.00	12629.31	    0.00	87370.69	    0.00	87370.69	0.000	1.327	1.192	11830.64	100		    0.00	    0.00	66036.44	21334.25	0.000	0.000
219.00	12629.31	    0.00	87370.69	    0.00	87370.69	0.000	1.327	1.192	11830.64	100		    0.00	    0.00	66036.44	21334.25	0.000	0.000
220.00	12629.31	    0.00	87370.69	    0.00	87370.69	0.000	1.327	1.192	11830.64	100		    0.00	    0.00	66036.44	21334.25	0.000	0.000
221.00	12629.31	    0.00	87370.69	    0.00	87370.69	0.000	1.327	1.192	11830.64	100		    0.00	    0.00	66036.44	21334.25	0.000	0.000
222.00	12629.31	    0.00	87370.69	    0.00	87370.69	0.000	1.327	1.192	11830.64	100		    0.00	    0.00	66036.44	21334.25	0.000	0.000
223.00	12629.31	    0.00	87370.69	    0.00	87370.69	0.000	1.327	1.192	11830.64	100		    0.00	    0.00	66036.44	21334.25	0.000	0.000
224.00	12629.31	    0.00	87370.69	    0.00	87370.69	0.000	1.327	1.192	11830.64	100		    0.00	    0.00	66036.44	21334.25	0.000	0.000
225.00	12629.31	    0.00	87370.69	    0.00	87370.69	0.000	1.327	1.192	11830.64	100		    0.00	    0.00	66036.44	21334.25	0.000	0.000
226.00	12629.31	    0.00	87370.69	    0.00	87370.69	0.000	1.327	1.192	11830.64	100		    0.00	    0.00	66036.44	21334.25	0.000	0.000
227.00	12629.31	    0.00	87370.69	    0.00	87370.69	0.000	1.327	1.192	11830.64	100		    0.00	    0.00	66036.44	21334.25	0.000	0.000
228.00	12629.31	    0.00	87370.69	    0.00	87370.69	0.000	1.327	1.192	11830.64	100		    0.00	    0.00	66036.44	21334.25	0.000	0.000
229.00	12629.31	    0.00	87370.69	    0.00	87370.69	0.000	1.327	1.192	11830.64	100		    0.00	    0.00	66036.44	21334.25	0.000	0.000
230.00	12629.31	    0.00	87370.69	    0.00	87370.69	0.000	1.327	1.192	11830.64	100		    0.00	    0.00	66036.44	21334.25	0.000	0.000
231.00	12629.31	    0.00	87370.69	    0.00	87370.69	0.000	1.327	1.192	11830.64	100		    0.00	    0.00	66036.44	21334.25	0.000	0.000
232.00	12629.31	    0.00	87370.69	    0.00	87370.69	0.000	1.327	1.192	11830.64	100		    0.00	    0.00	66036.44	21334.25	0.000	0.000
233.00	12629.31	    0.00	87370.69	    0.00	87370.69	0.000	1.327	1.192	11830.64	100		    0.00	    0.00	66036.44	21334.25	0.000	0.000
234.00	12629.31	    0.00	87370.69	    0.00	87370.69	0.000	1.327	1.192	11830.64	100		    0.00	    0.00	66036.44	21334.25	0.000	0.000
235.00	12629.31	    0.00	87370.69	    0.00	87370.69	0.000	1.327	1.192	11830.64	100		    0.00	    0.00	66036.44	21334.25	0.000	0.000
236.00	12629.31	    0.00	87370.69	    0.00	87370.69	0.000	1.327	1.192	11830.64	100		    0.00	    0.00	66036.44	21334.25	0.000	0.000
237.00	12629.31	    0.00	87370.69	    0.00	87370.69	0.000	1.327	1.192	11830.64	100		    0.00	    0.00	66036.44	21334.25	0.000	0.000
238.00	12629.31	    0.00	87370.69	    0.00	87370.69	0.000	1.327	1.192	11830.64	100		    0.00	    0.00	66036.44	21334.25	0.000	0.000
239.00	12629.31	    0.00	87370.69	    0.00	87370.69	0.000	1.327	1.192	11830.64	100		    0.00	    0.00	66036.44	21334.25	0.000	0.000
240.00	12629.31	    0.00	87370.69	    0.00	87370.69	0.000	1.327	1.192	11830.64	100		    0.00	    0.00	66036.44	21334.25	0.000	0.000
241.00	12629.31	    0.00	87370.69	    0.00	87370.69	0.000	1.327	1.192	11830.64	100		    0.00	    0.00	66036.44	21334.25	0.000	0.000
242.00	12629.31	    0.00	87370.69	    0.00	87370.69	0.000	1.327	1.192	11830.64	100		    0.00	    0.00	66036.44	21334.25	0.000	0.000
243.00	12629.31	    0.00	87370.69	    0.00	87370.69	0.000	1.327	1.192	11830.64	100		    0.00	    0.00	66036.44	21334.25	0.000	0.000
244.00	12629.31	    0.00	87370.69	    0.00	87370.69	0.000	1.327	1.192	11830.64	100		    0.00	    0.00	66036.44	21334.25	0.000	0.000
245.00	12629.31	    0.00	87370.69	    0.00	87370.69	0.000	1.327	1.192	11830.64	100		    0.00	    0.00	66036.44	21334.25	0.000	0.000
246.00	12629.31	    0.00	87370.69	    0.00	87370.69	0.000	1.327	1.192	11830.64	100		    0.00	    0.00	66036.44	21334.25	0.000	0.000
247.00	12629.31	    0.00	87370.69	    0.00	87370.69	0.000	1.327	1.192	11830.64	100		    0.00	    0.00	66036.44	21334.25	0.000	0.000
248.00	12629.31	    0.00	87370.69	    0.00	87370.69	0.000	1.327	1.192	11830.64	100		    0.00	    0.00	66036.44	21334.25	0.000	0.000
249.00	12629.31	    0.00	87370.69	    0.00	87370.69	0.000	1.327	1.192	11830.64	100		    0.00	    0.00	66036.44	21334.25	0.000	0.000
250.00	12629.31	    0.00	87370.69	    0.00	87370.69	0.000	1.327	1.192	11830.64	100		    0.00	    0.00	66036.44	21334.25	0.000	0.000
251.00	12629.31	    0.00	87370.69	    0.00	87370.69	0.000	1.327	1.192	11830.64	100		    0.00	    0.00	66036.44	21334.25	0.000	0.000
252.00	12629.31	    0.00	87370.69	    0.00	87370.69	0.000	1.327	1.192	11830.64	100		    0.00	    0.00	66036.44	21334.25	0.000	0.000
253.00	12629.31	    0.00	87370.69	    0.00	87370.69	0.000	1.327	1.192	11830.64	100		    0.00	    0.00	66036.44	21334.25	0.000	0.000
254.00	12629.31	    0.00	87370.69	    0.00	87370.69	0.000	1.327	1.192	11830.64	100		    0.00	    0.00	66036.44	21334.25	0.000	0.000
255.00	12629.31	    0.00	87370.69	    0.00	87370.69	0.000	1.327	1.192	11830.64	100		    0.00	    0.00	66036.44	21334.25	0.000	0.000
256.00	12629.31	    0.00	87370.69	    0.00	87370.69	0.000	1.327	1.192	11830.64	100		    0.00	    0.00	66036.44	21334.25	0.000	0.000
257.00	12629.31	    0.00	87370.69	    0.00	87370.69	0.000	1.327	1.192	11830.64	100		    0.00	    0.00	66036.44	21334.25	0.000	0.000
258.00	12629.31	    0.00	87370.69	    0.00	87370.69	0.000	1.327	1.192	11830.64	100		    0.00	    0.00	66036.44	21334.25	0.000	0.000
259.00	12629.31	    0.00	87370.69	    0.00	87370.69	0.000	1.327	1.192	11830.64	100		    0.00	    0.00	66036.44	21334.25	0.000	0.000
260.00	12629.31	    0.00	87370.69	    0.00	87370.69	0.000	1.327	1.192	11830.64	100		    0.00	    0.00	66036.44	21334.25	0.000	0.000
261.00	12629.31	    0.00	87370.69	    0.00	87370.69	0.000	1.327	1.192	11830.64	100		    0.00	    0.00	66036.44	21334.25	0.000	0.000
262.00	12629.31	    0.00	87370.69	    0.00	87370.69	0.000	1.327	1.192	11830.64	100		    0.00	    0.00	66036.44	21334.25	0.000	0.000
263.00	12629.31	    0.00	87370.69	    0.00	87370.69	0.000	1.327	1.192	11830.64	100		    0.00	    0.00	66036.44	21334.25	0.000	0.000
264.00	12629.31	    0.00	87370.69	    0.00	87370.69	0.000	1.327	1.192	11830.64	100		    0.00	    0.00	66036.44	21334.25	0.000	0.000
265.00	12629.31	    0.00	87370.69	    0.00	87370.69	0.000	1.327	1.192	11830.64	100		    0.00	    0.00	66036.44	21334.25	0.000	0.000
266.00	12629.31	    0.00	87370.69	    0.00	87370.69	0.000	1.327	1.192	11830.64	100		    0.00	    0.00	66036.44	21334.25	0.000	0.000
267.00	12629.31	    0.00	87370.69	    0.00	87370.69	0.000	1.327	1.192	11830.64	100		    0.00	    0.00	66036.44	21334.25	0.000	0.000
268.00	12629.31	    0.00	87370.69	    0.00	87370.69	0.000	1.327	1.192	11830.64	100		    0.00	    0.00	66036.44	21334.25	0.000	0.000
269.00	12629.31	    0.00	87370.69	    0.00	87370.69	0.000	1.327	1.192	11830.64	100		    0.00	    0.00	66036.44	21334.25	0.000	0.000
270.00	12629.31	    0.00	87370.69	    0.00	87370.69	0.000	1.327	1.192	11830.64	100		    0.00	    0.00	66036.44	21334.25	0.000	0.000
271.00	12629.31	    0.00	87370.69	    0.00	87370.69	0.000	1.327	1.192	11830.64	100		    0.00	    0.00	66036.44	21334.25	0.000	0.000
272.00	12629.31	    0.00	87370.69	    0.00	87370.69	0.000	1.327	1.192	11830.64	100		    0.00	    0.00	66036.44	21334.25	0.000	0.000
273.00	12629.31	    0.00	87370.69	    0.00	87370.69	0.000	1.327	1.192	11830.64	100		    0.00	    0.00	66036.44	21334.25	0.000	0.000
274.00	12629.31	    0.00	87370.69	    0.00	87370.69	0.000	1.327	1.192	11830.64	100		    0.00	    0.00	66036.44	21334.25	0.000	0.000
275.00	12629.31	    0.00	87370.69	    0.00	87370.69	0.000	1.327	1.192	11830.64	100		    0.00	    0.00	66036.44	21334.25	0.000	0.000
276.00	12629.31	    0.00	87370.69	    0.00	87370.69	0.000	1.327	1.192	11830.64	100		    0.00	    0.00	66036.44	21334.25	0.000	0.000
277.00	12629.31	    0.00	87370.69	    0.00	87370.69	0.000	1.327	1.192	11830.64	100		    0.00	    0.00	66036.44	21334.25	0.000	0.000
278.00	12629.31	    0.00	87370.69	    0.00	87370.69	0.000	1.327	1.192	11830.64	100		    0.00	    0.00	66036.44	21334.25	0.000	0.000
279.00	12629.31	    0.00	87370.69	    0.00	87370.69	0.000	1.327	1.192	11830.64	100		    0.00	    0.00	66036.44	21334.25	0.000	0.000
280.00	12629.31	    0.00	87370.69	    0.00	87370.69	0.000	1.327	1.192	11830.64	100		    0.00	    0.00	66036.44	21334.25	0.000	0.000
281.00	12629.31	    0.00	87370.69	    0.00	87370.69	0.000	1.327	1.192	11830.64	100		    0.00	    0.00	66036.44	21334.25	0.000	0.000
282.00	12629.31	    0.00	87370.69	    0.00	87370.69	0.000	1.327	1.192	11830.64	100		    0.00	    0.00	66036.44	21334.25	0.000	0.000
283.00	12629.31	    0.00	87370.69	    0.00	87370.69	0.000	1.327	1.192	11830.64	100		    0.00	    0.00	66036.44	21334.25	0.000	0.000
284.00	12629.31	    0.00	87370.69	    0.00	87370.69	0.000	1.327	1.192	11830.64	100		    0.00	    0.00	66036.44	21334.25	0.000	0.000
285.00	12629.31	    0.00	87370.69	    0.00	87370.69	0.000	1.327	1.192	11830.64	100		    0.00	    0.00	66036.44	21334.25	0.000	0.000
286.00	12629.31	    0.00	87370.69	    0.00	87370.69	0.000	1.327	1.192	11830.64	100		    0.00	    0.00	66036.44	21334.25	0.000	0.000
287.00	12629.31	    0.00	87370.69	    0.00	87370.69	0.000	1.327	1.192	11830.64	100		    0.00	    0.00	66036.44	21334.25	0.000	0.000
288.00	12629.31	    0.00	87370.69	    0.00	87370.69	0.000	1.327	1.192	11830.64	100		    0.00	    0.00	66036.44	21334.25	0.000	0.000
289.00	12629.31	    0.00	87370.69	    0.00	87370.69	0.000	1.327	1.192	11830.64	100		    0.00	    0.00	66036.44	21334.25	0.000	0.000
290.00	12629.31	    0.00	87370.69	    0.00	87370.69	0.000	1.327	1.192	11830.64	100		    0.00	    0.00	66036.44	21334.25	0.000	0.000
291.00	12629.31	    0.00	87370.69	    0.00	87370.69	0.000	1.327	1.192	11830.64	100		    0.00	    0.00	66036.44	21334.25	0.000	0.000
292.00	12629.31	    0.00	87370.69	    0.00	87370.69	0.000	1.327	1.192	11830.64	100		    0.00	    0.00	66036.44	21334.25	0.000	0.000
293.00	12629.31	    0.00	87370.69	    0.00	87370.69	0.000	1.327	1.192	11830.64	100		    0.00	    0.00	66036.44	21334.25	0.000	0.000
294.00	12629.31	    0.00	87370.69	    0.00	87370.69	0.000	1.327	1.192	11830.64	100		    0.00	    0.00	66036.44	21334.25	0.000	0.000
295.00	12629.31	    0.00	87370.69	    0.00	87370.69	0.000	1.327	1.192	11830.64	100		    0.00	    0.00	66036.44	21334.25	0.000	0.000
296.00	12629.31	    0.00	87370.69	    0.00	87370.69	0.000	1.327	1.192	11830.64	100		    0.00	    0.00	66036.44	21334.25	0.000	0.000
297.00	12629.31	    0.00	87370.69	    0.00	87370.69	0.000	1.327	1.192	11830.64	100		    0.00	    0.00	66036.44	21334.25	0.000	0.000
298.00	12629.31	    0.00	87370.69	    0.00	87370.69	0.000	1.327	1.192	11830.64	100		    0.00	    0.00	66036.44	21334.25	0.000	0.000
299.00	12629.31	    0.00	87370.69	    0.00	87370.69	0.000	1.327	1.192	11830.64	100		    0.00	    0.00	66036.44	21334.25	0.000	0.000
300.00	12629.31	    0.00	87370.69	    0.00	87370.69	0.000	1.327	1.192	11830.64	100		    0.00	    0.00	66036.44	21334.25	0.000	0.000
301.00	12629.31	    0.00	87370.69	    0.00	87370.69	0.000	1.327	1.192	11830.64	100		    0.00	    0.00	66036.44	21334.25	0.000	0.000
302.00	12629.31	    0.00	87370.69	    0.00	87370.69	0.000	1.327	1.192	11830.64	100		    0.00	    0.00	66036.44	21334.25	0.000	0.000
303.00	12629.31	    0.00	87370.69	    0.00	87370.69	0.000	1.327	1.192	11830.64	100		    0.00	    0.00	66036.44	21334.25	0.000	0.000
304.00	12629.31	    0.00	87370.69	    0.00	87370.69	0.000	1.327	1.192	11830.64	100		    0.00	    0.00	66036.44	21334.25	0.000	0.000
305.00	12629.31	    0.00	87370.69	    0.00	87370.69	0.000	1.327	1.192	11830.64	100		    0.00	    0.00	66036.44	21334.25	0.000	0.000
306.00	12629.31	    0.00	87370.69	    0.00	87370.69	0.000	1.327	1.192	11830.64	100		    0.00	    0.00	66036.44	21334.25	0.000	0.000
307.00	12629.31	    0.00	87370.69	    0.00	87370.69	0.000	1.327	1.192	11830.64	100		    0.00	    0.00	66036.44	21334.25	0.000	0.000
308.00	12629.31	    0.00	87370.69	    0.00	87370.69	0.000	1.327	1.192	11830.64	100		    0.00	    0.00	66036.44	21334.25	0.000	0.000
309.00	12629.31	    0.00	87370.69	    0.00	87370.69	0.000	1.327	1.192	11830.64	100		    0.00	    0.00	66036.44	21334.25	0.000	0.000
310.00	12629.31	    0.00	87370.69	    0.00	87370.69	0.000	1.327	1.192	11830.64	100		    0.00	    0.00	66036.44	21334.25	0.000	0.000
311.00	12629.31	    0.00	87370.69	    0.00	87370.69	0.000	1.327	1.192	11830.64	100		    0.00	    0.00	66036.44	21334.25	0.000	0.000
312.00	12629.31	    0.00	87370.69	    0.00	87370.69	0.000	1.327	1.192	11830.64	100		    0.00	    0.00	66036.44	21334.25	0.000	0.000
313.00	12629.31	    0.00	87370.69	    0.00	87370.69	0.000	1.327	1.192	11830.64	100		    0.00	    0.00	66036.44	21334.25	0.000	0.000
314.00	12629.31	    0.00	87370.69	    0.00	87370.69	0.000	1.327	1.192	11830.64	100		    0.00	    0.00	66036.44	21334.25	0.000	0.000
315.00	12629.31	    0.00	87370.69	    0.00	87370.69	0.000	1.327	1.192	11830.64	100		    0.00	    0.00	66036.44	21334.25	0.000	0.000
316.00	12629.31	    0.00	87370.69	    0.00	87370.69	0.000	1.327	1.192	11830.64	100		    0.00	    0.00	66036.44	21334.25	0.000	0.000
317.00	12629.31	    0.00	87370.69	    0.00	87370.69	0.000	1.327	1.192	11830.64	100		    0.00	    0.00	66036.44	21334.25	0.000	0.000
318.00	12629.31	    0.00	87370.69	    0.00	87370.69	0.000	1.327	1.192	11830.64	100		    0.00	    0.00	66036.44	21334.25	0.000	0.000
319.00	12629.31	    0.00	87370.69	    0.00	87370.69	0.000	1.327	1.192	11830.64	100		    0.00	    0.00	66036.44	21334.25	0.000	0.000
320.00	12629.31	    0.00	87370.69	    0.00	87370.69	0.000	1.327	1.192	11830.64	100		    0.00	    0.00	66036.44	21334.25	0.000	0.000
321.00	12629.31	    0.00	87370.69	    0.00	87370.69	0.000	1.327	1.192	11830.64	100		    0.00	    0.00	66036.44	21334.25	0.000	0.000
322.00	12629.31	    0.00	87370.69	    0.00	87370.69	0.000	1.327	1.192	11830.64	100		    0.00	    0.00	66036.44	21334.25	0.000	0.000
323.00	12629.31	    0.00	87370.69	    0.00	87370.69	0.000	1.327	1.192	11830.64	100		    0.00	    0.00	66036.44	21334.25	0.000	0.000
324.00	12629.31	    0.00	87370.69	    0.00	87370.69	0.000	1.327	1.192	11830.64	100		    0.00	    0.00	66036.44	21334.25	0.000	0.000
325.00	12629.31	    0.00	87370.69	    0.00	87370.69	0.000	1.327	1.192	11830.64	100		    0.00	    0.00	66036.44	21334.25	0.000	0.000
326.00	12629.31	    0.00	87370.69	    0.00	87370.69	0.000	1.327	1.192	11830.64	100		    0.00	    0.00	66036.44	21334.25	0.000	0.000
327.00	12629.31	    0.00	87370.69	    0.00	87370.69	0.000	1.327	1.192	11830.64	100		    0.00	    0.00	66036.44	21334.25	0.000	0.000
328.00	12629.31	    0.00	87370.69	    0.00	87370.69	0.000	1.327	1.192	11830.64	100		    0.00	    0.00	66036.44	21334.25	0.000	0.000
329.00	12629.31	    0.00	87370.69	    0.00	87370.69	0.000	1.327	1.192	11830.64	100		    0.00	    0.00	66036.44	21334.25	0.000	0.000
330.00	12629.31	    0.00	87370.69	    0.00	87370.69	0.000	1.327	1.192	11830.64	100		    0.00	    0.00	66036.44	21334.25	0.000	0.000
331.00	12629.31	    0.00	87370.69	    0.00	87370.69	0.000	1.327	1.192	11830.64	100		    0.00	    0.00	66036.44	21334.25	0.000	0.000
332.00	12629.31	    0.00	87370.69	    0.00	87370.69	0.000	1.327	1.192	11830.64	100		    0.00	    0.00	66036.44	21334.25	0.000	0.000
333.00	12629.31	    0.00	87370.69	    0.00	87370.69	0.000	1.327	1.192	11830.64	100		    0.00	    0.00	66036.44	21334.25	0.000	0.000
334.00	12629.31	    0.00	87370.69	    0.00	87370.69	0.000	1.327	1.192	11830.64	100		    0.00	    0.00	66036.44	21334.25	0.000	0.000
335.00	12629.31	    0.00	87370.69	    0.00	87370.69	0.000	1.327	1.192	11830.64	100		    0.00	    0.00	66036.44	21334.25	0.000	0.000
336.00	12629.31	    0.00	87370.69	    0.00	87370.69	0.000	1.327	1.192	11830.64	100		    0.00	    0.00	66036.44	21334.25	0.000	0.000
337.00	12629.31	    0.00	87370.69	    0.00	87370.69	0.000	1.327	1.192	11830.64	100		    0.00	    0.00	66036.44	21334.25	0.000	0.000
338.00	12629.31	    0.00	87370.69	    0.00	87370.69	0.000	1.327	1.192	11830.64	100		    0.00	    0.00	66036.44	21334.25	0.000	0.000
339.00	12629.31	    0.00	87370.69	    0.00	87370.69	0.000	1.327	1.192	11830.64	100		    0.00	    0.00	66036.44	21334.25	0.000	0.000
340.00	12629.31	    0.00	87370.69	    0.00	87370.69	0.000	1.327	1.192	11830.64	100		    0.00	    0.00	66036.44	21334.25	0.000	0.000
341.00	12629.31	    0.00	87370.69	    0.00	87370.69	0.000	1.327	1.192	11830.64	100		    0.00	    0.00	66036.44	21334.25	0.000	0.000
342.00	12629.31	    0.00	87370.69	    0.00	87370.69	0.000	1.327	1.192	11830.64	100		    0.00	    0.00	66036.44	21334.25	0.000	0.000
343.00	12629.31	    0.00	87370.69	    0.00	87370.69	0.000	1.327	1.192	11830.64	100		    0.00	    0.00	66036.44	21334.25	0.000	0.000
344.00	12629.31	    0.00	87370.69	    0.00	87370.69	0.000	1.327	1.192	11830.64	100		    0.00	    0.00	66036.44	21334.25	0.000	0.000
345.00	12629.31	    0.00	87370.69	    0.00	87370.69	0.000	1.327	1.192	11830.64	100		    0.00	    0.00	66036.44	21334.25	0.000	0.000
346.00	12629.31	    0.00	87370.69	    0.00	87370.69	0.000	1.327	1.192	11830.64	100		    0.00	    0.00	66036.44	21334.25	0.000	0.000
347.00	12629.31	    0.00	87370.69	    0.00	87370.69	0.000	1.327	1.192	11830.64	100		    0.00	    0.00	66036.44	21334.25	0.000	0.000
348.00	12629.31	    0.00	87370.69	    0.00	87370.69	0.000	1.327	1.192	11830.64	100		    0.00	    0.00	66036.44	21334.25	0.000	0.000
349.00	12629.31	    0.00	87370.69	    0.00	87370.69	0.000	1.327	1.192	11830.64	100		    0.00	    0.00	66036.44	21334.25	0.000	0.000
350.00	12629.31	    0.00	87370.69	    0.00	87370.69	0.000	1.327	1.192	11830.64	100		    0.00	    0.00	66036.44	21334.25	0.000	0.000
351.00	12629.31	    0.00	87370.69	    0.00	87370.69	0.000	1.327	1.192	11830.64	100		    0.00	    0.00	66036.44	21334.25	0.000	0.000
352.00	12629.31	    0.00	87370.69	    0.00	87370.69	0.000	1.327	1.192	11830.64	100		    0.00	    0.00	66036.44	21334.25	0.000	0.000
353.00	12629.31	    0.00	87370.69	    0.00	87370.69	0.000	1.327	1.192	11830.64	100		    0.00	    0.00	66036.44	21334.25	0.000	0.000
354.00	12629.31	    0.00	87370.69	    0.00	87370.69	0.000	1.327	1.192	11830.64	100		    0.00	    0.00	66036.44	21334.25	0.000	0.000
355.00	12629.31	    0.00	87370.69	    0.00	87370.69	0.000	1.327	1.192	11830.64	100		    0.00	    0.00	66036.44	21334.25	0.000	0.000
356.00	12629.31	    0.00	87370.69	    0.00	87370.69	0.000	1.327	1.192	11830.64	100		    0.00	    0.00	66036.44	21334.25	0.000	0.000
357.00	12629.31	    0.00	87370.69	    0.00	87370.69	0.000	1.327	1.192	11830.64	100		    0.00	    0.00	66036.44	21334.25	0.000	0.000
358.00	12629.31	    0.00	87370.69	    0.00	87370.69	0.000	1.327	1.192	11830.64	100		    0.00	    0.00	66036.44	21334.25	0.000	0.000
359.00	12629.31	    0.00	87370.69	    0.00	87370.69	0.000	1.327	1.192	11830.64	100		    0.00	    0.00	66036.44	21334.25	0.000	0.000
360.00	12629.31	    0.00	87370.69	    0.00	87370.69	0.000	1.327	1.192	11830.64	100		    0.00	    0.00	66036.44	21334.25	0.000	0.000
361.00	12629.31	    0.00	87370.69	    0.00	87370.69	0.000	1.327	1.192	11830.64	100		    0.00	    0.00	66036.44	21334.25	0.000	0.000
362.00	12629.31	    0.00	87370.69	    0.00	87370.69	0.000	1.327	1.192	11830.64	100		    0.00	    0.00	66036.44	21334.25	0.000	0.000
363.00	12629.31	    0.00	87370.69	    0.00	87370.69	0.000	1.327	1.192	11830.64	100		    0.00	    0.00	66036.44	21334.25	0.000	0.000
364.00	12629.31	    0.00	87370.69	    0.00	87370.69	0.000	1.327	1.192	11830.64	100		    0.00	    0.00	66036.44	21334.25	0.000	0.000
365.00	12629.31	    0.00	87370.69	    0.00	87370.69	0.000	1.327	1.192	11830.64	100		    0.00	    0.00	66036.44	21334.25	0.000	0.000
366.00	12629.31	    0.00	87370.69	    0.00	87370.69	0.000	1.327	1.192	11830.64	100		    0.00	    0.00	66036.44	21334.25	0.000	0.000
367.00	12629.31	    0.00	87370.69	    0.00	87370.69	0.000	1.327	1.192	11830.64	100		    0.00	    0.00	66036.44	21334.25	0.000	0.000
368.00	12629.31	    0.00	87370.69	    0.00	87370.69	0.000	1.327	1.192	11830.64	100		    0.00	    0.00	66036.44	21334.25	0.000	0.000
369.00	12629.31	    0.00	87370.69	    0.00	87370.69	0.000	1.327	1.192	11830.64	100		    0.00	    0.00	66036.44	21334.25	0.000	0.000
370.00	12629.31	    0.00	87370.69	    0.00	87370.69	0.000	1.327	1.192	11830.64	100		    0.00	    0.00	66036.44	21334.25	0.000	0.000
371.00	12629.31	    0.00	87370.69	    0.00	87370.69	0.000	1.327	1.192	11830.64	100		    0.00	    0.00	66036.44	21334.25	0.000	0.000
372.00	12629.31	    0.00	87370.69	    0.00	87370.69	0.000	1.327	1.192	11830.64	100		    0.00	    0.00	66036.44	21334.25	0.000	0.000
373.00	12629.31	    0.00	87370.69	    0.00	87370.69	0.000	1.327	1.192	11830.64	100		    0.00	    0.00	66036.44	21334.25	0.000	0.000
374.00	12629.31	    0.00	87370.69	    0.00	87370.69	0.000	1.327	1.192	11830.64	100		    0.00	    0.00	66036.44	21334.25	0.000	0.000
375.00	12629.31	    0.00	87370.69	    0.00	87370.69	0.000	1.327	1.192	11830.64	100		    0.00	    0.00	66036.44	21334.25	0.000	0.000
376.00	12629.31	    0.00	87370.69	    0.00	87370.69	0.000	1.327	1.192	11830.64	100		    0.00	    0.00	66036.44	21334.25	0.000	0.000
377.00	12629.31	    0.00	87370.69	    0.00	87370.69	0.000	1.327	1.192	11830.64	100		    0.00	    0.00	66036.44	21334.25	0.000	0.000
378.00	12629.31	    0.00	87370.69	    0.00	87370.69	0.000	1.327	1.192	11830.64	100		    0.00	    0.00	66036.44	21334.25	0.000	0.000
379.00	12629.31	    0.00	87370.69	    0.00	87370.69	0.000	1.327	1.192	11830.64	100		    0.00	    0.00	66036.44	21334.25	0.000	0.000
380.00	12629.31	    0.00	87370.69	    0.00	87370.69	0.000	1.327	1.192	11830.64	100		    0.00	    0.00	66036.44	21334.25	0.000	0.000
381.00	12629.31	    0.00	87370.69	    0.00	87370.69	0.000	1.327	1.192	11830.64	100		    0.00	    0.00	66036.44	21334.25	0.000	0.000
382.00	12629.31	    0.00	87370.69	    0.00	87370.69	0.000	1.327	1.192	11830.64	100		    0.00	    0.00	66036.44	21334.25	0.000	0.000
383.00	12629.31	    0.00	87370.69	    0.00	87370.69	0.000	1.327	1.192	11830.64	100		    0.00	    0.00	66036.44	21334.25	0.000	0.000
384.00	12629.31	    0.00	87370.69	    0.00	87370.69	0.000	1.327	1.192	11830.64	100		    0.00	    0.00	66036.44	21334.25	0.000	0.000
385.00	12629.31	    0.00	87370.69	    0.00	87370.69	0.000	1.327	1.192	11830.64	100		    0.00	    0.00	66036.44	21334.25	0.000	0.000
386.00	12629.31	    0.00	87370.69	    0.00	87370.69	0.000	1.327	1.192	11830.64	100		    0.00	    0.00	66036.44	21334.25	0.000	0.000
387.00	12629.31	    0.00	87370.69	    0.00	87370.69	0.000	1.327	1.192	11830.64	100		    0.00	    0.00	66036.44	21334.25	0.000	0.000
388.00	12629.31	    0.00	87370.69	    0.00	87370.69	0.000	1.327	1.192	11830.64	100		    0.00	    0.00	66036.44	21334.25	0.000	0.000
389.00	12629.31	    0.00	87370.69	    0.00	87370.69	0.000	1.327	1.192	11830.64	100		    0.00	    0.00	66036.44	21334.25	0.000	0.000
390.00	12629.31	    0.00	87370.69	    0.00	87370.69	0.000	1.327	1.192	11830.64	100		    0.00	    0.00	66036.44	21334.25	0.000	0.000
391.00	12629.31	    0.00	87370.69	    0.00	87370.69	0.000	1.327	1.192	11830.64	100		    0.00	    0.00	66036.44	21334.25	0.000	0.000
392.00	12629.31	    0.00	87370.69	    0.00	87370.69	0.000	1.327	1.192	11830.64	100		    0.00	    0.00	66036.44	21334.25	0.000	0.000
393.00	12629.31	    0.00	87370.69	    0.00	87370.69	0.000	1.327	1.192	11830.64	100		    0.00	    0.00	66036.44	21334.25	0.000	0.000
394.00	12629.31	    0.00	87370.69	    0.00	87370.69	0.000	1.327	1.192	11830.64	100		    0.00	    0.00	66036.44	21334.25	0.000	0.000
395.00	12629.31	    0.00	87370.69	    0.00	87370.69	0.000	1.327	1.192	11830.64	100		    0.00	    0.00	66036.44	21334.25	0.000	0.000
396.00	12629.31	    0.00	87370.69	    0.00	87370.69	0.000	1.327	1.192	11830.64	100		    0.00	    0.00	66036.44	21334.25	0.000	0.000
397.00	12629.31	    0.00	87370.69	    0.00	87370.69	0.000	1.327	1.192	11830.64	100		    0.00	    0.00	66036.44	21334.25	0.000	0.000
398.00	12629.31	    0.00	87370.69	    0.00	87370.69	0.000	1.327	1.192	11830.64	100		    0.00	    0.00	66036.44	21334.25	0.000	0.000
399.00	12629.31	    0.00	87370.69	    0.00	87370.69	0.000	1.327	1.192	11830.64	100		    0.00	    0.00	66036.44	21334.25	0.000	0.000
400.00	12629.31	    0.00	87370.69	    0.00	87370.69	0.000	1.327	1.192	11830.64	100		    0.00	    0.00	66036.44	21334.25	0.000	0.000
401.00	12629.31	    0.00	87370.69	    0.00	87370.69	0.000	1.327	1.192	11830.64	100		    0.00	    0.00	66036.44	21334.25	0.000	0.000
402.00	12629.31	    0.00	87370.69	    0.00	87370.69	0.000	1.327	1.192	11830.64	100		    0.00	    0.00	66036.44	21334.25	0.000	0.000
403.00	12629.31	    0.00	87370.69	    0.00	87370.69	0.000	1.327	1.192	11830.64	100		    0.00	    0.00	66036.44	21334.25	0.000	0.000
404.00	12629.31	    0.00	87370.69	    0.00	87370.69	0.000	1.327	1.192	11830.64	100		    0.00	    0.00	66036.44	21334.25	0.000	0.000
405.00	12629.31	    0.00	87370.69	    0.00	87370.69	0.000	1.327	1.192	11830.64	100		    0.00	    0.00	66036.44	21334.25	0.000	0.000
406.00	12629.31	    0.00	87370.69	    0.00	87370.69	0.000	1.327	1.192	11830.64	100		    0.00	    0.00	66036.44	21334.25	0.000	0.000
407.00	12629.31	    0.00	87370.69	    0.00	87370.69	0.000	1.327	1.192	11830.64	100		    0.00	    0.00	66036.44	21334.25	0.000	0.000
408.00	12629.31	    0.00	87370.69	    0.00	87370.69	0.000	1.327	1.192	11830.64	100		    0.00	    0.00	66036.44	21334.25	0.000	0.000
409.00	12629.31	    0.00	87370.69	    0.00	87370.69	0.000	1.327	1.192	11830.64	100		    0.00	    0.00	66036.44	21334.25	0.000	0.000
410.00	12629.31	    0.00	87370.69	    0.00	87370.69	0.000	1.327	1.192	11830.64	100		    0.00	    0.00	66036.44	21334.25	0.000	0.000
411.00	12629.31	    0.00	87370.69	    0.00	87370.69	0.000	1.327	1.192	11830.64	100		    0.00	    0.00	66036.44	21334.25	0.000	0.000
412.00	12629.31	    0.00	87370.69	    0.00	87370.69	0.000	1.327	1.192	11830.64	100		    0.00	    0.00	66036.44	21334.25	0.000	0.000
413.00	12629.31	    0.00	87370.69	    0.00	87370.69	0.000	1.327	1.192	11830.64	100		    0.00	    0.00	66036.44	21334.25	0.000	0.000
414.00	12629.31	    0.00	87370.69	    0.00	87370.69	0.000	1.327	1.192	11830.64	100		    0.00	    0.00	66036.44	21334.25	0.000	0.000
415.00	12629.31	    0.00	87370.69	    0.00	87370.69	0.000	1.327	1.192	11830.64	100		    0.00	    0.00	66036.44	21334.25	0.000	0.000
416.00	12629.31	    0.00	87370.69	    0.00	87370.69	0.000	1.327	1.192	11830.64	100		    0.00	    0.00	66036.44	21334.25	0.000	0.000
417.00	12629.31	    0.00	87370.69	    0.00	87370.69	0.000	1.327	1.192	11830.64	100		    0.00	    0.00	66036.44	21334.25	0.000	0.000
418.00	12629.31	    0.00	87370.69	    0.00	87370.69	0.000	1.327	1.192	11830.64	100		    0.00	    0.00	66036.44	21334.25	0.000	0.000
419.00	12629.31	    0.00	87370.69	    0.00	87370.69	0.000	1.327	1.192	11830.64	100		    0.00	    0.00	66036.44	21334.25	0.000	0.000
420.00	12629.31	    0.00	87370.69	    0.00	87370.69	0.000	1.327	1.192	11830.64	100		    0.00	    0.00	66036.44	21334.25	0.000	0.000
421.00	12629.31	    0.00	87370.69	    0.00	87370.69	0.000	1.327	1.192	11830.64	100		    0.00	    0.00	66036.44	21334.25	0.000	0.000
422.00	12629.31	    0.00	87370.69	    0.00	87370.69	0.000	1.327	1.192	11830.64	100		    0.00	    0.00	66036.44	21334.25	0.000	0.000
423.00	12629.31	    0.00	87370.69	    0.00	87370.69	0.000	1.327	1.192	11830.64	100		    0.00	    0.00	66036.44	21334.25	0.000	0.000
424.00	12629.31	    0.00	87370.69	    0.00	87370.69	0.000	1.327	1.192	11830.64	100		    0.00	    0.00	66036.44	21334.25	0.000	0.000
425.00	12629.31	    0.00	87370.69	    0.00	87370.69	0.000	1.327	1.192	11830.64	100		    0.00	    0.00	66036.44	21334.25	0.000	0.000
426.00	12629.31	    0.00	87370.69	    0.00	87370.69	0.000	1.327	1.192	11830.64	100		    0.00	    0.00	66036.44	21334.25	0.000	0.000
427.00	12629.31	    0.00	87370.69	    0.00	87370.69	0.000	1.327	1.192	11830.64	100		    0.00	    0.00	66036.44	21334.25	0.000	0.000
428.00	12629.31	    0.00	87370.69	    0.00	87370.69	0.000	1.327	1.192	11830.64	100		    0.00	    0.00	66036.44	21334.25	0.000	0.000
429.00	12629.31	    0.00	87370.69	    0.00	87370.69	0.000	1.327	1.192	11830.64	100		    0.00	    0.00	66036.44	21334.25	0.000	0.000
430.00	12629.31	    0.00	87370.69	    0.00	87370.69	0.000	1.327	1.192	11830.64	100		    0.00	    0.00	66036.44	21334.25	0.000	0.000
431.00	12629.31	    0.00	87370.69	    0.00	87370.69	0.000	1.327	1.192	11830.64	100		    0.00	    0.00	66036.44	21334.25	0.000	0.000
432.00	12629.31	    0.00	87370.69	    0.00	87370.69	0.000	1.327	1.192	11830.64	100		    0.00	    0.00	66036.44	21334.25	0.000	0.000
433.00	12629.31	    0.00	87370.69	    0.00	87370.69	0.000	1.327	1.192	11830.64	100		    0.00	    0.00	66036.44	21334.25	0.000	0.000
434.00	12629.31	    0.00	87370.69	    0.00	87370.69	0.000	1.327	1.192	11830.64	100		    0.00	    0.00	66036.44	21334.25	0.000	0.000
435.00	12629.31	    0.00	87370.69	    0.00	87370.69	0.000	1.327	1.192	11830.64	100		    0.00	    0.00	66036.44	21334.25	0.000	0.000
436.00	12629.31	    0.00	87370.69	    0.00	87370.69	0.000	1.327	1.192	11830.64	100		    0.00	    0.00	66036.44	21334.25	0.000	0.000
437.00	12629.31	    0.00	87370.69	    0.00	87370.69	0.000	1.327	1.192	11830.64	100		    0.00	    0.00	66036.44	21334.25	0.000	0.000
438.00	12629.31	    0.00	87370.69	    0.00	87370.69	0.000	1.327	1.192	11830.64	100		    0.00	    0.00	66036.44	21334.25	0.000	0.000
439.00	12629.31	    0.00	87370.69	    0.00	87370.69	0.000	1.327	1.192	11830.64	100		    0.00	    0.00	66036.44	21334.25	0.000	0.000
440.00	12629.31	    0.00	87370.69	    0.00	87370.69	0.000	1.327	1.192	11830.64	100		    0.00	    0.00	66036.44	21334.25	0.000	0.000
441.00	12629.31	    0.00	87370.69	    0.00	87370.69	0.000	1.327	1.192	11830.64	100		    0.00	    0.00	66036.44	21334.25	0.000	0.000
442.00	12629.31	    0.00	87370.69	    0.00	87370.69	0.000	1.327	1.192	11830.64	100		    0.00	    0.00	66036.44	21334.25	0.000	0.000
443.00	12629.31	    0.00	87370.69	    0.00	87370.69	0.000	1.327	1.192	11830.64	100		    0.00	    0.00	66036.44	21334.25	0.000	0.000
444.00	12629.31	    0.00	87370.69	    0.00	87370.69	0.000	1.327	1.192	11830.64	100		    0.00	    0.00	66036.44	21334.25	0.000	0.000
445.00	12629.31	    0.00	87370.69	    0.00	87370.69	0.000	1.327	1.192	11830.64	100		    0.00	    0.00	66036.44	21334.25	0.000	0.000
446.00	12629.31	    0.00	87370.69	    0.00	87370.69	0.000	1.327	1.192	11830.64	100		    0.00	    0.00	66036.44	21334.25	0.000	0.000
447.00	12629.31	    0.00	87370.69	    0.00	87370.69	0.000	1.327	1.192	11830.64	100		    0.00	    0.00	66036.44	21334.25	0.000	0.000
448.00	12629.31	    0.00	87370.69	    0.00	87370.69	0.000	1.327	1.192	11830.64	100		    0.00	    0.00	66036.44	21334.25	0.000	0.000
449.00	12629.31	    0.00	87370.69	    0.00	87370.69	0.000	1.327	1.192	11830.64	100		    0.00	    0.00	66036.44	21334.25	0.000	0.000
450.00	12629.31	    0.00	87370.69	    0.00	87370.69	0.000	1.327	1.192	11830.64	100		    0.00	    0.00	66036.44	21334.25	0.000	0.000
451.00	12629.31	    0.00	87370.69	    0.00	87370.69	0.000	1.327	1.192	11830.64	100		    0.00	    0.00	66036.44	21334.25	0.000	0.000
452.00	12629.31	    0.00	87370.69	    0.00	87370.69	0.000	1.327	1.192	11830.64	100		    0.00	    0.00	66036.44	21334.25	0.000	0.000
453.00	12629.31	    0.00	87370.69	    0.00	87370.69	0.000	1.327	1.192	11830.64	100		    0.00	    0.00	66036.44	21334.25	0.000	0.000
454.00	12629.31	    0.00	87370.69	    0.00	87370.69	0.000	1.327	1.192	11830.64	100		    0.00	    0.00	66036.44	21334.25	0.000	0.000
455.00	12629.31	    0.00	87370.69	    0.00	87370.69	0.000	1.327	1.192	11830.64	100		    0.00	    0.00	66036.44	21334.25	0.000	0.000
456.00	12629.31	    0.00	87370.69	    0.00	87370.69	0.000	1.327	1.192	11830.64	100		    0.00	    0.00	66036.44	21334.25	0.000	0.000
457.00	12629.31	    0.00	87370.69	    0.00	87370.69	0.000	1.327	1.192	11830.64	100		    0.00	    0.00	66036.44	21334.25	0.000	0.000
458.00	12629.31	    0.00	87370.69	    0.00	87370.69	0.000	1.327	1.192	11830.64	100		    0.00	    0.00	66036.44	21334.25	0.000	0.000
459.00	12629.31	    0.00	87370.69	    0.00	87370.69	0.000	1.327	1.192	11830.64	100		    0.00	    0.00	66036.44	21334.25	0.000	0.000
460.00	12629.31	    0.00	87370.69	    0.00	87370.69	0.000	1.327	1.192	11830.64	100		    0.00	    0.00	66036.44	21334.25	0.000	0.000
461.00	12629.31	    0.00	87370.69	    0.00	87370.69	0.000	1.327	1.192	11830.64	100		    0.00	    0.00	66036.44	21334.25	0.000	0.000
462.00	12629.31	    0.00	87370.69	    0.00	87370.69	0.000	1.327	1.192	11830.64	100		    0.00	    0.00	66036.44	21334.25	0.000	0.000
463.00	12629.31	    0.00	87370.69	    0.00	87370.69	0.000	1.327	1.192	11830.64	100		    0.00	    0.00	66036.44	21334.25	0.000	0.000
464.00	12629.31	    0.00	87370.69	    0.00	87370.69	0.000	1.327	1.192	11830.64	100		    0.00	    0.00	66036.44	21334.25	0.000	0.000
465.00	12629.31	    0.00	87370.69	    0.00	87370.69	0.000	1.327	1.192	11830.64	100		    0.00	    0.00	66036.44	21334.25	0.000	0.000
466.00	12629.31	    0.00	87370.69	    0.00	87370.69	0.000	1.327	1.192	11830.64	100		    0.00	    0.00	66036.44	21334.25	0.000	0.000
467.00	12629.31	    0.00	87370.69	    0.00	87370.69	0.000	1.327	1.192	11830.64	100		    0.00	    0.00	66036.44	21334.25	0.000	0.000
468.00	12629.31	    0.00	87370.69	    0.00	87370.69	0.000	1.327	1.192	11830.64	100		    0.00	    0.00	66036.44	21334.25	0.000	0.000
469.00	12629.31	    0.00	87370.69	    0.00	87370.69	0.000	1.327	1.192	11830.64	100		    0.00	    0.00	66036.44	21334.25	0.000	0.000
470.00	12629.31	    0.00	87370.69	    0.00	87370.69	0.000	1.327	1.192	11830.64	100		    0.00	    0.00	66036.44	21334.25	0.000	0.000
471.00	12629.31	    0.00	87370.69	    0.00	87370.69	0.000	1.327	1.192	11830.64	100		    0.00	    0.00	66036.44	21334.25	0.000	0.000
472.00	12629.31	    0.00	87370.69	    0.00	87370.69	0.000	1.327	1.192	11830.64	100		    0.00	    0.00	66036.44	21334.25	0.000	0.000
473.00	12629.31	    0.00	87370.69	    0.00	87370.69	0.000	1.327	1.192	11830.64	100		    0.00	    0.00	66036.44	21334.25	0.000	0.000
474.00	12629.31	    0.00	87370.69	    0.00	87370.69	0.000	1.327	1.192	11830.64	100		    0.00	    0.00	66036.44	21334.25	0.000	0.000
475.00	12629.31	    0.00	87370.69	    0.00	87370.69	0.000	1.327	1.192	11830.64	100		    0.00	    0.00	66036.44	21334.25	0.000	0.000
476.00	12629.31	    0.00	87370.69	    0.00	87370.69	0.000	1.327	1.192	11830.64	100		    0.00	    0.00	66036.44	21334.25	0.000	0.000
477.00	12629.31	    0.00	87370.69	    0.00	87370.69	0.000	1.327	1.192	11830.64	100		    0.00	    0.00	66036.44	21334.25	0.000	0.000
478.00	12629.31	    0.00	87370.69	    0.00	87370.69	0.000	1.327	1.192	11830.64	100		    0.00	    0.00	66036.44	21334.25	0.000	0.000
479.00	12629.31	    0.00	87370.69	    0.00	87370.69	0.000	1.327	1.192	11830.64	100		    0.00	    0.00	66036.44	21334.25	0.000	0.000
480.00	12629.31	    0.00	87370.69	    0.00	87370.69	0.000	1.327	1.192	11830.64	100		    0.00	    0.00	66036.44	21334.25	0.000	0.000
481.00	12629.31	    0.00	87370.69	    0.00	87370.69	0.000	1.327	1.192	11830.64	100		    0.00	    0.00	66036.44	21334.25	0.000	0.000
482.00	12629.31	    0.00	87370.69	    0.00	87370.69	0.000	1.327	1.192	11830.64	100		    0.00	    0.00	66036.44	21334.25	0.000	0.000
483.00	12629.31	    0.00	87370.69	    0.00	87370.69	0.000	1.327	1.192	11830.64	100		    0.00	    0.00	66036.44	21334.25	0.000	0.000
484.00	12629.31	    0.00	87370.69	    0.00	87370.69	0.000	1.327	1.192	11830.64	100		    0.00	    0.00	66036.44	21334.25	0.000	0.000
485.00	12629.31	    0.00	87370.69	    0.00	87370.69	0.000	1.327	1.192	11830.64	100		    0.00	    0.00	66036.44	21334.25	0.000	0.000
486.00	12629.31	    0.00	87370.69	    0.00	87370.69	0.000	1.327	1.192	11830.64	100		    0.00	    0.00	66036.44	21334.25	0.000	0.000
487.00	12629.31	    0.00	87370.69	    0.00	87370.69	0.000	1.327	1.192	11830.64	100		    0.00	    0.00	66036.44	21334.25	0.000	0.000
488.00	12629.31	    0.00	87370.69	    0.00	87370.69	0.000	1.327	1.192	11830.64	100		    0.00	    0.00	66036.44	21334.25	0.000	0.000
489.00	12629.31	    0.00	87370.69	    0.00	87370.69	0.000	1.327	1.192	11830.64	100		    0.00	    0.00	66036.44	21334.25	0.000	0.000
490.00	12629.31	    0.00	87370.69	    0.00	87370.69	0.000	1.327	1.192	11830.64	100		    0.00	    0.00	66036.44	21334.25	0.000	0.000
491.00	12629.31	    0.00	87370.69	    0.00	87370.69	0.000	1.327	1.192	11830.64	100		    0.00	    0.00	66036.44	21334.25	0.000	0.000
492.00	12629.31	    0.00	87370.69	    0.00	87370.69	0.000	1.327	1.192	11830.64	100		    0.00	    0.00	66036.44	21334.25	0.000	0.000
493.00	12629.31	    0.00	87370.69	    0.00	87370.69	0.000	1.327	1.192	11830.64	100		    0.00	    0.00	66036.44	21334.25	0.000	0.000
494.00	12629.31	    0.00	87370.69	    0.00	87370.69	0.000	1.327	1.192	11830.64	100		    0.00	    0.00	66036.44	21334.25	0.000	0.000
495.00	12629.31	    0.00	87370.69	    0.00	87370.69	0.000	1.327	1.192	11830.64	100		    0.00	    0.00	66036.44	21334.25	0.000	0.000
496.00	12629.31	    0.00	87370.69	    0.00	87370.69	0.000	1.327	1.192	11830.64	100		    0.00	    0.00	66036.44	21334.25	0.000	0.000
497.00	12629.31	    0.00	87370.69	    0.00	87370.69	0.000	1.327	1.192	11830.64	100		    0.00	    0.00	66036.44	21334.25	0.000	0.000
498.00	12629.31	    0.00	87370.69	    0.00	87370.69	0.000	1.327	1.192	11830.64	100		    0.00	    0.00	66036.44	21334.25	0.000	0.000
499.00	12629.31	    0.00	87370.69	    0.00	87370.69	0.000	1.327	1.192	11830.64	100		    0.00	    0.00	66036.44	21334.25	0.000	0.000
500.00	12629.31	    0.00	87370.69	    0.00	87370.69	0.000	1.327	1.192	11830.64	100		    0.00	    0.00	66036.44	21334.25	0.000	0.000
