0.00	99950.00	   50.00	    0.00	    0.00	   50.00	0.000	2.578	2.578	    0.00	 12		    0.00	    0.00	   23.00	   27.00	0.000	0.000
1.00	99949.80	   50.20	    0.00	    0.20	   50.20	0.000	2.662	2.661	    0.05	 59		    0.12	    0.08	   23.12	   27.08	0.583	0.417
2.00	99945.41	   54.34	    0.24	    4.46	   54.59	1.097	2.676	2.675	    0.07	 99		    2.32	    2.14	   25.39	   29.19	0.520	0.480
3.00	99922.09	   75.49	    2.42	   23.37	   77.91	0.468	2.538	2.537	    0.10	100		   12.93	   10.44	   38.30	   39.61	0.553	0.447
4.00	99871.06	  119.66	    9.28	   51.03	  128.94	0.400	2.395	2.394	    0.17	100		   28.59	   22.44	   66.89	   62.05	0.560	0.440
5.00	99806.00	  166.68	   27.32	   65.06	  194.00	0.396	2.319	2.317	    0.43	100		   37.88	   27.18	  104.77	   89.23	0.582	0.418
6.00	99727.51	  215.37	   57.12	   78.49	  272.49	0.294	2.285	2.282	    0.77	100		   46.03	   32.46	  150.80	  121.69	0.586	0.414
7.00	99624.26	  278.29	   97.45	  103.25	  375.74	0.256	2.259	2.256	    1.28	100		   61.46	   41.79	  212.26	  163.48	0.595	0.405
8.00	99490.04	  358.98	  150.98	  134.22	  509.96	0.255	2.249	2.245	    2.29	100		   78.35	   55.87	  290.61	  219.35	0.584	0.416
9.00	99314.56	  465.97	  219.47	  175.48	  685.44	0.258	2.240	2.235	    3.88	100		  104.23	   71.25	  394.84	  290.60	0.594	0.406
10.00	99086.79	  604.82	  308.39	  227.77	  913.21	0.261	2.232	2.224	    6.68	100		  132.82	   94.95	  527.66	  385.55	0.583	0.417
11.00	98792.18	  784.98	  422.84	  294.61	 1207.82	0.261	2.225	2.215	   11.67	100		  173.05	  121.56	  700.71	  507.11	0.587	0.413
12.00	98411.14	 1018.17	  570.69	  381.04	 1588.86	0.260	2.216	2.204	   20.17	100		  224.26	  156.78	  924.97	  663.89	0.589	0.411
13.00	97918.48	 1317.92	  763.60	  492.66	 2081.52	0.259	2.208	2.192	   33.41	100		  290.11	  202.55	 1215.08	  866.44	0.589	0.411
14.00	97285.39	 1698.44	 1016.17	  633.09	 2714.61	0.256	2.199	2.179	   55.81	100		  373.14	  259.95	 1588.22	 1126.39	0.589	0.411
15.00	96469.65	 2188.27	 1342.08	  815.74	 3530.35	0.254	2.189	2.163	   91.63	100		  483.18	  332.56	 2071.40	 1458.95	0.592	0.408
16.00	95429.02	 2803.31	 1767.67	 1040.63	 4570.98	0.251	2.176	2.143	  148.95	100		  619.19	  421.44	 2690.59	 1880.39	0.595	0.405
17.00	94108.98	 3571.10	 2319.92	 1320.04	 5891.02	0.245	2.160	2.119	  241.68	100		  786.09	  533.95	 3476.68	 2414.34	0.596	0.404
18.00	92447.87	 4525.89	 3026.24	 1661.11	 7552.13	0.240	2.140	2.089	  379.54	100		  999.94	  661.17	 4476.62	 3075.51	0.602	0.398
19.00	90385.86	 5676.65	 3937.49	 2062.01	 9614.14	0.232	2.115	2.054	  585.67	100		 1252.41	  809.60	 5729.03	 3885.11	0.607	0.393
20.00	87844.30	 7051.55	 5104.15	 2541.56	12155.70	0.222	2.087	2.015	  885.83	100		 1556.55	  985.01	 7285.58	 4870.12	0.612	0.388
21.00	84789.22	 8616.04	 6594.74	 3055.08	15210.78	0.209	2.053	1.968	 1298.73	100		 1892.89	 1162.19	 9178.47	 6032.31	0.620	0.380
22.00	81150.02	10381.29	 8468.69	 3639.20	18849.98	0.193	2.013	1.915	 1849.21	100		 2294.57	 1344.63	11473.04	 7376.94	0.631	0.369
23.00	76937.29	12245.77	10816.94	 4212.73	23062.71	0.176	1.967	1.857	 2535.11	100		 2703.91	 1508.82	14176.95	 8885.76	0.642	0.358
24.00	72176.60	14126.30	13697.10	 4760.69	27823.40	0.154	1.915	1.795	 3350.84	100		 3125.74	 1634.95	17302.69	10520.71	0.657	0.343
25.00	66989.91	15806.52	17203.57	 5186.69	33010.09	0.128	1.859	1.730	 4245.85	100		 3490.22	 1696.47	20792.91	12217.18	0.673	0.327
26.00	61532.67	17109.38	21357.95	 5457.24	38467.33	0.096	1.800	1.666	 5169.57	100		 3783.34	 1673.90	24576.25	13891.08	0.693	0.307
27.00	55915.09	17938.39	26146.52	 5617.58	44084.91	0.063	1.740	1.603	 6057.33	100		 4013.08	 1604.50	28589.33	15495.58	0.714	0.286
28.00	50479.10	17986.61	31534.29	 5435.99	49520.90	0.025	1.682	1.544	 6836.82	100		 4011.22	 1424.77	32600.55	16920.35	0.738	0.262
29.00	45337.93	17366.84	37295.23	 5141.17	54662.07	-0.016	1.628	1.491	 7484.74	100		 3918.24	 1222.93	36518.79	18143.28	0.762	0.238
30.00	40673.35	16069.93	43256.72	 4664.58	59326.65	-0.056	1.578	1.444	 7980.58	100		 3659.04	 1005.54	40177.83	19148.82	0.784	0.216
31.00	36594.33	14286.76	49118.91	 4079.02	63405.67	-0.098	1.536	1.404	 8341.51	100		 3295.25	  783.77	43473.08	19932.59	0.808	0.192
32.00	33114.26	12262.32	54623.42	 3480.07	66885.74	-0.135	1.499	1.371	 8591.68	100		 2880.03	  600.04	46353.11	20532.63	0.828	0.172
33.00	30227.48	10176.17	59596.35	 2886.78	69772.52	-0.170	1.469	1.344	 8756.62	100		 2442.75	  444.03	48795.86	20976.66	0.846	0.154
34.00	27895.11	 8189.31	63915.58	 2332.37	72104.89	-0.202	1.445	1.322	 8860.43	100		 2013.50	  318.87	50809.36	21295.53	0.863	0.137
35.00	26036.91	 6457.98	67505.11	 1858.20	73963.09	-0.227	1.425	1.305	 8925.71	100		 1626.64	  231.56	52436.00	21527.09	0.875	0.125
36.00	24573.71	 5007.11	70419.18	 1463.20	75426.29	-0.246	1.410	1.291	 8966.29	100		 1293.65	  169.55	53729.65	21696.64	0.884	0.116
37.00	23433.86	 3840.85	72725.29	 1139.85	76566.14	-0.260	1.398	1.281	 8989.15	100		 1018.20	  121.65	54747.85	21818.29	0.893	0.107
38.00	22555.80	 2914.01	74530.19	  878.06	77444.20	-0.271	1.389	1.273	 9002.44	100		  790.43	   87.63	55538.28	21905.92	0.900	0.100
39.00	21879.73	 2206.72	75913.55	  676.07	78120.27	-0.277	1.382	1.267	 9010.16	100		  612.20	   63.87	56150.48	21969.79	0.906	0.094
40.00	21367.13	 1661.65	76971.22	  512.60	78632.87	-0.281	1.377	1.262	 9014.41	100		  465.91	   46.69	56616.39	22016.48	0.909	0.091
41.00	20974.78	 1251.68	77773.54	  392.35	79025.22	-0.284	1.373	1.259	 9017.08	100		  357.92	   34.43	56974.31	22050.91	0.912	0.088
42.00	20679.23	  938.19	78382.58	  295.55	79320.77	-0.286	1.370	1.256	 9018.53	100		  269.01	   26.54	57243.32	22077.45	0.910	0.090
43.00	20455.37	  704.17	78840.46	  223.86	79544.63	-0.288	1.368	1.254	 9019.42	100		  204.69	   19.17	57448.01	22096.62	0.914	0.086
44.00	20286.08	  529.15	79184.77	  169.29	79713.92	-0.286	1.366	1.253	 9019.80	100		  155.04	   14.25	57603.05	22110.87	0.916	0.084
45.00	20158.26	  396.99	79444.75	  127.82	79841.74	-0.287	1.365	1.252	 9020.08	100		  117.27	   10.55	57720.32	22121.42	0.917	0.083
46.00	20062.36	  297.98	79639.66	   95.90	79937.64	-0.287	1.364	1.251	 9020.24	100		   88.01	    7.89	57808.33	22129.31	0.918	0.082
47.00	19990.44	  225.13	79784.43	   71.92	80009.56	-0.284	1.363	1.250	 9020.39	100		   66.04	    5.88	57874.37	22135.19	0.918	0.082
48.00	19935.50	  170.59	79893.91	   54.94	80064.50	-0.279	1.362	1.250	 9020.41	100		   50.33	    4.61	57924.70	22139.80	0.916	0.084
49.00	19894.51	  128.34	79977.15	   40.99	80105.49	-0.281	1.362	1.249	 9020.43	100		   37.45	    3.54	57962.15	22143.34	0.914	0.086
50.00	19862.43	   98.34	80039.23	   32.08	80137.57	-0.275	1.362	1.249	 9020.44	100		   29.31	    2.77	57991.46	22146.11	0.914	0.086
51.00	19838.78	   73.62	80087.60	   23.65	80161.22	-0.278	1.361	1.249	 9020.46	100		   21.67	    1.98	58013.13	22148.09	0.916	0.084
52.00	19820.34	   56.00	80123.66	   18.44	80179.66	-0.282	1.361	1.249	 9020.46	100		   17.14	    1.30	58030.27	22149.39	0.930	0.070
53.00	19806.82	   41.87	80151.31	   13.52	80193.18	-0.282	1.361	1.248	 9020.47	100		   12.62	    0.90	58042.89	22150.29	0.933	0.067
54.00	19796.47	   31.64	80171.89	   10.35	80203.53	-0.285	1.361	1.248	 9020.47	100		    9.72	    0.63	58052.61	22150.92	0.939	0.061
55.00	19788.86	   23.50	80187.64	    7.61	80211.14	-0.289	1.361	1.248	 9020.47	100		    7.04	    0.57	58059.65	22151.49	0.925	0.075
56.00	19782.94	   18.23	80198.83	    5.92	80217.06	-0.276	1.361	1.248	 9020.48	100		    5.34	    0.58	58064.99	22152.07	0.902	0.098
57.00	19778.49	   13.90	80207.61	    4.45	80221.51	-0.263	1.361	1.248	 9020.48	100		    4.08	    0.37	58069.07	22152.44	0.917	0.083
58.00	19775.13	   10.14	80214.73	    3.36	80224.87	-0.293	1.361	1.248	 9020.48	100		    3.06	    0.30	58072.13	22152.74	0.911	0.089
59.00	19772.61	    7.51	80219.88	    2.52	80227.39	-0.308	1.361	1.248	 9020.48	100		    2.33	    0.19	58074.46	22152.93	0.925	0.075
60.00	19770.94	    5.27	80223.79	    1.67	80229.06	-0.327	1.361	1.248	 9020.49	100		    1.55	    0.12	58076.01	22153.05	0.928	0.072
61.00	19769.61	    4.23	80226.16	    1.33	80230.39	-0.287	1.361	1.248	 9020.49	100		    1.23	    0.10	58077.24	22153.15	0.925	0.075
62.00	19768.51	    3.38	80228.11	    1.10	80231.49	-0.222	1.361	1.248	 9020.49	100		    1.04	    0.06	58078.28	22153.21	0.945	0.055
63.00	19767.73	    2.32	80229.95	    0.78	80232.27	-0.300	1.361	1.248	 9020.49	100		    0.72	    0.06	58079.00	22153.27	0.923	0.077
64.00	19767.28	    1.52	80231.20	    0.45	80232.72	-0.400	1.361	1.248	 9020.49	100		    0.41	    0.04	58079.41	22153.31	0.911	0.089
65.00	19766.95	    1.14	80231.91	    0.33	80233.05	-0.355	1.361	1.248	 9020.49	100		    0.31	    0.02	58079.72	22153.33	0.939	0.061
66.00	19766.61	    1.01	80232.38	    0.34	80233.39	-0.204	1.361	1.248	 9020.49	100		    0.33	    0.01	58080.05	22153.34	0.971	0.029
67.00	19766.42	    0.63	80232.95	    0.19	80233.58	-0.297	1.361	1.248	 9020.49	100		    0.19	    0.00	58080.24	22153.34	1.000	0.000
68.00	19766.26	    0.48	80233.26	    0.16	80233.74	-0.372	1.361	1.248	 9020.49	100		    0.15	    0.01	58080.39	22153.35	0.938	0.062
69.00	19766.15	    0.36	80233.49	    0.11	80233.85	-0.280	1.361	1.248	 9020.49	100		    0.11	    0.00	58080.50	22153.35	1.000	0.000
70.00	19766.05	    0.29	80233.66	    0.10	80233.95	-0.252	1.361	1.248	 9020.49	100		    0.08	    0.02	58080.58	22153.37	0.800	0.200
71.00	19765.99	    0.22	80233.79	    0.06	80234.01	-0.246	1.361	1.248	 9020.49	100		    0.06	    0.00	58080.64	22153.37	1.000	0.000
72.00	19765.97	    0.11	80233.92	    0.02	80234.03	-0.485	1.361	1.248	 9020.49	100		    0.02	    0.00	58080.66	22153.37	1.000	0.000
73.00	19765.92	    0.14	80233.94	    0.05	80234.08	-0.226	1.361	1.248	 9020.49	100		    0.04	    0.01	58080.70	22153.38	0.800	0.200
74.00	19765.86	    0.15	80233.99	    0.06	80234.14	0.155	1.361	1.248	 9020.49	100		    0.05	    0.01	58080.75	22153.39	0.833	0.167
75.00	19765.84	    0.11	80234.05	    0.02	80234.16	-0.121	1.361	1.248	 9020.49	100		    0.02	    0.00	58080.77	22153.39	1.000	0.000
76.00	19765.81	    0.09	80234.10	    0.03	80234.19	-0.255	1.361	1.248	 9020.49	100		    0.03	    0.00	58080.80	22153.39	1.000	0.000
77.00	19765.80	    0.04	80234.16	    0.01	80234.20	-0.506	1.361	1.248	 9020.49	100		    0.01	    0.00	58080.81	22153.39	1.000	0.000
78.00	19765.79	    0.03	80234.18	    0.01	80234.21	-0.549	1.361	1.248	 9020.49	100		    0.01	    0.00	58080.82	22153.39	1.000	0.000
79.00	19765.78	    0.02	80234.20	    0.01	80234.22	-0.347	1.361	1.248	 9020.49	100		    0.01	    0.00	58080.83	22153.39	1.000	0.000
80.00	19765.77	    0.02	80234.21	    0.01	80234.23	-0.203	1.361	1.248	 9020.49	100		    0.01	    0.00	58080.84	22153.39	1.000	0.000
81.00	19765.77	    0.00	80234.23	    0.00	80234.23	-0.347	1.361	1.248	 9020.49	100		    0.00	    0.00	58080.84	22153.39	0.000	0.000
82.00	19765.77	    0.00	80234.23	    0.00	80234.23	-0.347	1.361	1.248	 9020.49	100		    0.00	    0.00	58080.84	22153.39	0.000	0.000
83.00	19765.77	    0.00	80234.23	    0.00	80234.23	0.000	1.361	1.248	 9020.49	100		    0.00	    0.00	58080.84	22153.39	0.000	0.000
84.00	19765.77	    0.00	80234.23	    0.00	80234.23	0.000	1.361	1.248	 9020.49	100		    0.00	    0.00	58080.84	22153.39	0.000	0.000
85.00	19765.77	    0.00	80234.23	    0.00	80234.23	0.000	1.361	1.248	 9020.49	100		    0.00	    0.00	58080.84	22153.39	0.000	0.000
86.00	19765.77	    0.00	80234.23	    0.00	80234.23	0.000	1.361	1.248	 9020.49	100		    0.00	    0.00	58080.84	22153.39	0.000	0.000
87.00	19765.77	    0.00	80234.23	    0.00	80234.23	0.000	1.361	1.248	 9020.49	100		    0.00	    0.00	58080.84	22153.39	0.000	0.000
88.00	19765.77	    0.00	80234.23	    0.00	80234.23	0.000	1.361	1.248	 9020.49	100		    0.00	    0.00	58080.84	22153.39	0.000	0.000
89.00	19765.77	    0.00	80234.23	    0.00	80234.23	0.000	1.361	1.248	 9020.49	100		    0.00	    0.00	58080.84	22153.39	0.000	0.000
90.00	19765.77	    0.00	80234.23	    0.00	80234.23	0.000	1.361	1.248	 9020.49	100		    0.00	    0.00	58080.84	22153.39	0.000	0.000
91.00	19765.77	    0.00	80234.23	    0.00	80234.23	0.000	1.361	1.248	 9020.49	100		    0.00	    0.00	58080.84	22153.39	0.000	0.000
92.00	19765.77	    0.00	80234.23	    0.00	80234.23	0.000	1.361	1.248	 9020.49	100		    0.00	    0.00	58080.84	22153.39	0.000	0.000
93.00	19765.77	    0.00	80234.23	    0.00	80234.23	0.000	1.361	1.248	 9020.49	100		    0.00	    0.00	58080.84	22153.39	0.000	0.000
94.00	19765.77	    0.00	80234.23	    0.00	80234.23	0.000	1.361	1.248	 9020.49	100		    0.00	    0.00	58080.84	22153.39	0.000	0.000
95.00	19765.77	    0.00	80234.23	    0.00	80234.23	0.000	1.361	1.248	 9020.49	100		    0.00	    0.00	58080.84	22153.39	0.000	0.000
96.00	19765.77	    0.00	80234.23	    0.00	80234.23	0.000	1.361	1.248	 9020.49	100		    0.00	    0.00	58080.84	22153.39	0.000	0.000
97.00	19765.77	    0.00	80234.23	    0.00	80234.23	0.000	1.361	1.248	 9020.49	100		    0.00	    0.00	58080.84	22153.39	0.000	0.000
98.00	19765.77	    0.00	80234.23	    0.00	80234.23	0.000	1.361	1.248	 9020.49	100		    0.00	    0.00	58080.84	22153.39	0.000	0.000
99.00	19765.77	    0.00	80234.23	    0.00	80234.23	0.000	1.361	1.248	 9020.49	100		    0.00	    0.00	58080.84	22153.39	0.000	0.000
100.00	19765.77	    0.00	80234.23	    0.00	80234.23	0.000	1.361	1.248	 9020.49	100		    0.00	    0.00	58080.84	22153.39	0.000	0.000
101.00	19765.77	    0.00	80234.23	    0.00	80234.23	0.000	1.361	1.248	 9020.49	100		    0.00	    0.00	58080.84	22153.39	0.000	0.000
102.00	19765.77	    0.00	80234.23	    0.00	80234.23	0.000	1.361	1.248	 9020.49	100		    0.00	    0.00	58080.84	22153.39	0.000	0.000
103.00	19765.77	    0.00	80234.23	    0.00	80234.23	0.000	1.361	1.248	 9020.49	100		    0.00	    0.00	58080.84	22153.39	0.000	0.000
104.00	19765.77	    0.00	80234.23	    0.00	80234.23	0.000	1.361	1.248	 9020.49	100		    0.00	    0.00	58080.84	22153.39	0.000	0.000
105.00	19765.77	    0.00	80234.23	    0.00	80234.23	0.000	1.361	1.248	 9020.49	100		    0.00	    0.00	58080.84	22153.39	0.000	0.000
106.00	19765.77	    0.00	80234.23	    0.00	80234.23	0.000	1.361	1.248	 9020.49	100		    0.00	    0.00	58080.84	22153.39	0.000	0.000
107.00	19765.77	    0.00	80234.23	    0.00	80234.23	0.000	1.361	1.248	 9020.49	100		    0.00	    0.00	58080.84	22153.39	0.000	0.000
108.00	19765.77	    0.00	80234.23	    0.00	80234.23	0.000	1.361	1.248	 9020.49	100		    0.00	    0.00	58080.84	22153.39	0.000	0.000
109.00	19765.77	    0.00	80234.23	    0.00	80234.23	0.000	1.361	1.248	 9020.49	100		    0.00	    0.00	58080.84	22153.39	0.000	0.000
110.00	19765.77	    0.00	80234.23	    0.00	80234.23	0.000	1.361	1.248	 9020.49	100		    0.00	    0.00	58080.84	22153.39	0.000	0.000
111.00	19765.77	    0.00	80234.23	    0.00	80234.23	0.000	1.361	1.248	 9020.49	100		    0.00	    0.00	58080.84	22153.39	0.000	0.000
112.00	19765.77	    0.00	80234.23	    0.00	80234.23	0.000	1.361	1.248	 9020.49	100		    0.00	    0.00	58080.84	22153.39	0.000	0.000
113.00	19765.77	    0.00	80234.23	    0.00	80234.23	0.000	1.361	1.248	 9020.49	100		    0.00	    0.00	58080.84	22153.39	0.000	0.000
114.00	19765.77	    0.00	80234.23	    0.00	80234.23	0.000	1.361	1.248	 9020.49	100		    0.00	    0.00	58080.84	22153.39	0.000	0.000
115.00	19765.77	    0.00	80234.23	    0.00	80234.23	0.000	1.361	1.248	 9020.49	100		    0.00	    0.00	58080.84	22153.39	0.000	0.000
116.00	19765.77	    0.00	80234.23	    0.00	80234.23	0.000	1.361	1.248	 9020.49	100		    0.00	    0.00	58080.84	22153.39	0.000	0.000
117.00	19765.77	    0.00	80234.23	    0.00	80234.23	0.000	1.361	1.248	 9020.49	100		    0.00	    0.00	58080.84	22153.39	0.000	0.000
118.00	19765.77	    0.00	80234.23	    0.00	80234.23	0.000	1.361	1.248	 9020.49	100		    0.00	    0.00	58080.84	22153.39	0.000	0.000
119.00	19765.77	    0.00	80234.23	    0.00	80234.23	0.000	1.361	1.248	 9020.49	100		    0.00	    0.00	58080.84	22153.39	0.000	0.000
120.00	19765.77	    0.00	80234.23	    0.00	80234.23	0.000	1.361	1.248	 9020.49	100		    0.00	    0.00	58080.84	22153.39	0.000	0.000
121.00	19765.77	    0.00	80234.23	    0.00	80234.23	0.000	1.361	1.248	 9020.49	100		    0.00	    0.00	58080.84	22153.39	0.000	0.000
122.00	19765.77	    0.00	80234.23	    0.00	80234.23	0.000	1.361	1.248	 9020.49	100		    0.00	    0.00	58080.84	22153.39	0.000	0.000
123.00	19765.77	    0.00	80234.23	    0.00	80234.23	0.000	1.361	1.248	 9020.49	100		    0.00	    0.00	58080.84	22153.39	0.000	0.000
124.00	19765.77	    0.00	80234.23	    0.00	80234.23	0.000	1.361	1.248	 9020.49	100		    0.00	    0.00	58080.84	22153.39	0.000	0.000
125.00	19765.77	    0.00	80234.23	    0.00	80234.23	0.000	1.361	1.248	 9020.49	100		    0.00	    0.00	58080.84	22153.39	0.000	0.000
126.00	19765.77	    0.00	80234.23	    0.00	80234.23	0.000	1.361	1.248	 9020.49	100		    0.00	    0.00	58080.84	22153.39	0.000	0.000
127.00	19765.77	    0.00	80234.23	    0.00	80234.23	0.000	1.361	1.248	 9020.49	100		    0.00	    0.00	58080.84	22153.39	0.000	0.000
128.00	19765.77	    0.00	80234.23	    0.00	80234.23	0.000	1.361	1.248	 9020.49	100		    0.00	    0.00	58080.84	22153.39	0.000	0.000
129.00	19765.77	    0.00	80234.23	    0.00	80234.23	0.000	1.361	1.248	 9020.49	100		    0.00	    0.00	58080.84	22153.39	0.000	0.000
130.00	19765.77	    0.00	80234.23	    0.00	80234.23	0.000	1.361	1.248	 9020.49	100		    0.00	    0.00	58080.84	22153.39	0.000	0.000
131.00	19765.77	    0.00	80234.23	    0.00	80234.23	0.000	1.361	1.248	 9020.49	100		    0.00	    0.00	58080.84	22153.39	0.000	0.000
132.00	19765.77	    0.00	80234.23	    0.00	80234.23	0.000	1.361	1.248	 9020.49	100		    0.00	    0.00	58080.84	22153.39	0.000	0.000
133.00	19765.77	    0.00	80234.23	    0.00	80234.23	0.000	1.361	1.248	 9020.49	100		    0.00	    0.00	58080.84	22153.39	0.000	0.000
134.00	19765.77	    0.00	80234.23	    0.00	80234.23	0.000	1.361	1.248	 9020.49	100		    0.00	    0.00	58080.84	22153.39	0.000	0.000
135.00	19765.77	    0.00	80234.23	    0.00	80234.23	0.000	1.361	1.248	 9020.49	100		    0.00	    0.00	58080.84	22153.39	0.000	0.000
136.00	19765.77	    0.00	80234.23	    0.00	80234.23	0.000	1.361	1.248	 9020.49	100		    0.00	    0.00	58080.84	22153.39	0.000	0.000
137.00	19765.77	    0.00	80234.23	    0.00	80234.23	0.000	1.361	1.248	 9020.49	100		    0.00	    0.00	58080.84	22153.39	0.000	0.000
138.00	19765.77	    0.00	80234.23	    0.00	80234.23	0.000	1.361	1.248	 9020.49	100		    0.00	    0.00	58080.84	22153.39	0.000	0.000
139.00	19765.77	    0.00	80234.23	    0.00	80234.23	0.000	1.361	1.248	 9020.49	100		    0.00	    0.00	58080.84	22153.39	0.000	0.000
140.00	19765.77	    0.00	80234.23	    0.00	80234.23	0.000	1.361	1.248	 9020.49	100		    0.00	    0.00	58080.84	22153.39	0.000	0.000
141.00	19765.77	    0.00	80234.23	    0.00	80234.23	0.000	1.361	1.248	 9020.49	100		    0.00	    0.00	58080.84	22153.39	0.000	0.000
142.00	19765.77	    0.00	80234.23	    0.00	80234.23	0.000	1.361	1.248	 9020.49	100		    0.00	    0.00	58080.84	22153.39	0.000	0.000
143.00	19765.77	    0.00	80234.23	    0.00	80234.23	0.000	1.361	1.248	 9020.49	100		    0.00	    0.00	58080.84	22153.39	0.000	0.000
144.00	19765.77	    0.00	80234.23	    0.00	80234.23	0.000	1.361	1.248	 9020.49	100		    0.00	    0.00	58080.84	22153.39	0.000	0.000
145.00	19765.77	    0.00	80234.23	    0.00	80234.23	0.000	1.361	1.248	 9020.49	100		    0.00	    0.00	58080.84	22153.39	0.000	0.000
146.00	19765.77	    0.00	80234.23	    0.00	80234.23	0.000	1.361	1.248	 9020.49	100		    0.00	    0.00	58080.84	22153.39	0.000	0.000
147.00	19765.77	    0.00	80234.23	    0.00	80234.23	0.000	1.361	1.248	 9020.49	100		    0.00	    0.00	58080.84	22153.39	0.000	0.000
148.00	19765.77	    0.00	80234.23	    0.00	80234.23	0.000	1.361	1.248	 9020.49	100		    0.00	    0.00	58080.84	22153.39	0.000	0.000
149.00	19765.77	    0.00	80234.23	    0.00	80234.23	0.000	1.361	1.248	 9020.49	100		    0.00	    0.00	58080.84	22153.39	0.000	0.000
150.00	19765.77	    0.00	80234.23	    0.00	80234.23	0.000	1.361	1.248	 9020.49	100		    0.00	    0.00	58080.84	22153.39	0.000	0.000
151.00	19765.77	    0.00	80234.23	    0.00	80234.23	0.000	1.361	1.248	 9020.49	100		    0.00	    0.00	58080.84	22153.39	0.000	0.000
152.00	19765.77	    0.00	80234.23	    0.00	80234.23	0.000	1.361	1.248	 9020.49	100		    0.00	    0.00	58080.84	22153.39	0.000	0.000
153.00	19765.77	    0.00	80234.23	    0.00	80234.23	0.000	1.361	1.248	 9020.49	100		    0.00	    0.00	58080.84	22153.39	0.000	0.000
154.00	19765.77	    0.00	80234.23	    0.00	80234.23	0.000	1.361	1.248	 9020.49	100		    0.00	    0.00	58080.84	22153.39	0.000	0.000
155.00	19765.77	    0.00	80234.23	    0.00	80234.23	0.000	1.361	1.248	 9020.49	100		    0.00	    0.00	58080.84	22153.39	0.000	0.000
156.00	19765.77	    0.00	80234.23	    0.00	80234.23	0.000	1.361	1.248	 9020.49	100		    0.00	    0.00	58080.84	22153.39	0.000	0.000
157.00	19765.77	    0.00	80234.23	    0.00	80234.23	0.000	1.361	1.248	 9020.49	100		    0.00	    0.00	58080.84	22153.39	0.000	0.000
158.00	19765.77	    0.00	80234.23	    0.00	80234.23	0.000	1.361	1.248	 9020.49	100		    0.00	    0.00	58080.84	22153.39	0.000	0.000
159.00	19765.77	    0.00	80234.23	    0.00	80234.23	0.000	1.361	1.248	 9020.49	100		    0.00	    0.00	58080.84	22153.39	0.000	0.000
160.00	19765.77	    0.00	80234.23	    0.00	80234.23	0.000	1.361	1.248	 9020.49	100		    0.00	    0.00	58080.84	22153.39	0.000	0.000
161.00	19765.77	    0.00	80234.23	    0.00	80234.23	0.000	1.361	1.248	 9020.49	100		    0.00	    0.00	58080.84	22153.39	0.000	0.000
162.00	19765.77	    0.00	80234.23	    0.00	80234.23	0.000	1.361	1.248	 9020.49	100		    0.00	    0.00	58080.84	22153.39	0.000	0.000
163.00	19765.77	    0.00	80234.23	    0.00	80234.23	0.000	1.361	1.248	 9020.49	100		    0.00	    0.00	58080.84	22153.39	0.000	0.000
164.00	19765.77	    0.00	80234.23	    0.00	80234.23	0.000	1.361	1.248	 9020.49	100		    0.00	    0.00	58080.84	22153.39	0.000	0.000
165.00	19765.77	    0.00	80234.23	    0.00	80234.23	0.000	1.361	1.248	 9020.49	100		    0.00	    0.00	58080.84	22153.39	0.000	0.000
166.00	19765.77	    0.00	80234.23	    0.00	80234.23	0.000	1.361	1.248	 9020.49	100		    0.00	    0.00	58080.84	22153.39	0.000	0.000
167.00	19765.77	    0.00	80234.23	    0.00	80234.23	0.000	1.361	1.248	 9020.49	100		    0.00	    0.00	58080.84	22153.39	0.000	0.000
168.00	19765.77	    0.00	80234.23	    0.00	80234.23	0.000	1.361	1.248	 9020.49	100		    0.00	    0.00	58080.84	22153.39	0.000	0.000
169.00	19765.77	    0.00	80234.23	    0.00	80234.23	0.000	1.361	1.248	 9020.49	100		    0.00	    0.00	58080.84	22153.39	0.000	0.000
170.00	19765.77	    0.00	80234.23	    0.00	80234.23	0.000	1.361	1.248	 9020.49	100		    0.00	    0.00	58080.84	22153.39	0.000	0.000
171.00	19765.77	    0.00	80234.23	    0.00	80234.23	0.000	1.361	1.248	 9020.49	100		    0.00	    0.00	58080.84	22153.39	0.000	0.000
172.00	19765.77	    0.00	80234.23	    0.00	80234.23	0.000	1.361	1.248	 9020.49	100		    0.00	    0.00	58080.84	22153.39	0.000	0.000
173.00	19765.77	    0.00	80234.23	    0.00	80234.23	0.000	1.361	1.248	 9020.49	100		    0.00	    0.00	58080.84	22153.39	0.000	0.000
174.00	19765.77	    0.00	80234.23	    0.00	80234.23	0.000	1.361	1.248	 9020.49	100		    0.00	    0.00	58080.84	22153.39	0.000	0.000
175.00	19765.77	    0.00	80234.23	    0.00	80234.23	0.000	1.361	1.248	 9020.49	100		    0.00	    0.00	58080.84	22153.39	0.000	0.000
176.00	19765.77	    0.00	80234.23	    0.00	80234.23	0.000	1.361	1.248	 9020.49	100		    0.00	    0.00	58080.84	22153.39	0.000	0.000
177.00	19765.77	    0.00	80234.23	    0.00	80234.23	0.000	1.361	1.248	 9020.49	100		    0.00	    0.00	58080.84	22153.39	0.000	0.000
178.00	19765.77	    0.00	80234.23	    0.00	80234.23	0.000	1.361	1.248	 9020.49	100		    0.00	    0.00	58080.84	22153.39	0.000	0.000
179.00	19765.77	    0.00	80234.23	    0.00	80234.23	0.000	1.361	1.248	 9020.49	100		    0.00	    0.00	58080.84	22153.39	0.000	0.000
180.00	19765.77	    0.00	80234.23	    0.00	80234.23	0.000	1.361	1.248	 9020.49	100		    0.00	    0.00	58080.84	22153.39	0.000	0.000
181.00	19765.77	    0.00	80234.23	    0.00	80234.23	0.000	1.361	1.248	 9020.49	100		    0.00	    0.00	58080.84	22153.39	0.000	0.000
182.00	19765.77	    0.00	80234.23	    0.00	80234.23	0.000	1.361	1.248	 9020.49	100		    0.00	    0.00	58080.84	22153.39	0.000	0.000
183.00	19765.77	    0.00	80234.23	    0.00	80234.23	0.000	1.361	1.248	 9020.49	100		    0.00	    0.00	58080.84	22153.39	0.000	0.000
184.00	19765.77	    0.00	80234.23	    0.00	80234.23	0.000	1.361	1.248	 9020.49	100		    0.00	    0.00	58080.84	22153.39	0.000	0.000
185.00	19765.77	    0.00	80234.23	    0.00	80234.23	0.000	1.361	1.248	 9020.49	100		    0.00	    0.00	58080.84	22153.39	0.000	0.000
186.00	19765.77	    0.00	80234.23	    0.00	80234.23	0.000	1.361	1.248	 9020.49	100		    0.00	    0.00	58080.84	22153.39	0.000	0.000
187.00	19765.77	    0.00	80234.23	    0.00	80234.23	0.000	1.361	1.248	 9020.49	100		    0.00	    0.00	58080.84	22153.39	0.000	0.000
188.00	19765.77	    0.00	80234.23	    0.00	80234.23	0.000	1.361	1.248	 9020.49	100		    0.00	    0.00	58080.84	22153.39	0.000	0.000
189.00	19765.77	    0.00	80234.23	    0.00	80234.23	0.000	1.361	1.248	 9020.49	100		    0.00	    0.00	58080.84	22153.39	0.000	0.000
190.00	19765.77	    0.00	80234.23	    0.00	80234.23	0.000	1.361	1.248	 9020.49	100		    0.00	    0.00	58080.84	22153.39	0.000	0.000
191.00	19765.77	    0.00	80234.23	    0.00	80234.23	0.000	1.361	1.248	 9020.49	100		    0.00	    0.00	58080.84	22153.39	0.000	0.000
192.00	19765.77	    0.00	80234.23	    0.00	80234.23	0.000	1.361	1.248	 9020.49	100		    0.00	    0.00	58080.84	22153.39	0.000	0.000
193.00	19765.77	    0.00	80234.23	    0.00	80234.23	0.000	1.361	1.248	 9020.49	100		    0.00	    0.00	58080.84	22153.39	0.000	0.000
194.00	19765.77	    0.00	80234.23	    0.00	80234.23	0.000	1.361	1.248	 9020.49	100		    0.00	    0.00	58080.84	22153.39	0.000	0.000
195.00	19765.77	    0.00	80234.23	    0.00	80234.23	0.000	1.361	1.248	 9020.49	100		    0.00	    0.00	58080.84	22153.39	0.000	0.000
196.00	19765.77	    0.00	80234.23	    0.00	80234.23	0.000	1.361	1.248	 9020.49	100		    0.00	    0.00	58080.84	22153.39	0.000	0.000
197.00	19765.77	    0.00	80234.23	    0.00	80234.23	0.000	1.361	1.248	 9020.49	100		    0.00	    0.00	58080.84	22153.39	0.000	0.000
198.00	19765.77	    0.00	80234.23	    0.00	80234.23	0.000	1.361	1.248	 9020.49	100		    0.00	    0.00	58080.84	22153.39	0.000	0.000
199.00	19765.77	    0.00	80234.23	    0.00	80234.23	0.000	1.361	1.248	 9020.49	100		    0.00	    0.00	58080.84	22153.39	0.000	0.000
200.00	19765.77	    0.00	80234.23	    0.00	80234.23	0.000	1.361	1.248	 9020.49	100		    0.00	    0.00	58080.84	22153.39	0.000	0.000
201.00	19765.77	    0.00	80234.23	    0.00	80234.23	0.000	1.361	1.248	 9020.49	100		    0.00	    0.00	58080.84	22153.39	0.000	0.000
202.00	19765.77	    0.00	80234.23	    0.00	80234.23	0.000	1.361	1.248	 9020.49	100		    0.00	    0.00	58080.84	22153.39	0.000	0.000
203.00	19765.77	    0.00	80234.23	    0.00	80234.23	0.000	1.361	1.248	 9020.49	100		    0.00	    0.00	58080.84	22153.39	0.000	0.000
204.00	19765.77	    0.00	80234.23	    0.00	80234.23	0.000	1.361	1.248	 9020.49	100		    0.00	    0.00	58080.84	22153.39	0.000	0.000
205.00	19765.77	    0.00	80234.23	    0.00	80234.23	0.000	1.361	1.248	 9020.49	100		    0.00	    0.00	58080.84	22153.39	0.000	0.000
206.00	19765.77	    0.00	80234.23	    0.00	80234.23	0.000	1.361	1.248	 9020.49	100		    0.00	    0.00	58080.84	22153.39	0.000	0.000
207.00	19765.77	    0.00	80234.23	    0.00	80234.23	0.000	1.361	1.248	 9020.49	100		    0.00	    0.00	58080.84	22153.39	0.000	0.000
208.00	19765.77	    0.00	80234.23	    0.00	80234.23	0.000	1.361	1.248	 9020.49	100		    0.00	    0.00	58080.84	22153.39	0.000	0.000
209.00	19765.77	    0.00	80234.23	    0.00	80234.23	0.000	1.361	1.248	 9020.49	100		    0.00	    0.00	58080.84	22153.39	0.000	0.000
210.00	19765.77	    0.00	80234.23	    0.00	80234.23	0.000	1.361	1.248	 9020.49	100		    0.00	    0.00	58080.84	22153.39	0.000	0.000
211.00	19765.77	    0.00	80234.23	    0.00	80234.23	0.000	1.361	1.248	 9020.49	100		    0.00	    0.00	58080.84	22153.39	0.000	0.000
212.00	19765.77	    0.00	80234.23	    0.00	80234.23	0.000	1.361	1.248	 9020.49	100		    0.00	    0.00	58080.84	22153.39	0.000	0.000
213.00	19765.77	    0.00	80234.23	    0.00	80234.23	0.000	1.361	1.248	 9020.49	100		    0.00	    0.00	58080.84	22153.39	0.000	0.000
214.00	19765.77	    0.00	80234.23	    0.00	80234.23	0.000	1.361	1.248	 9020.49	100		    0.00	    0.00	58080.84	22153.39	0.000	0.000
215.00	19765.77	    0.00	80234.23	    0.00	80234.23	0.000	1.361	1.248	 9020.49	100		    0.00	    0.00	58080.84	22153.39	0.000	0.000
216.00	19765.77	    0.00	80234.23	    0.00	80234.23	0.000	1.361	1.248	 9020.49	100		    0.00	    0.00	58080.84	22153.39	0.000	0.000
217.00	19765.77	    0.00	80234.23	    0.00	80234.23	0.000	1.361	1.248	 9020.49	100		    0.00	    0.00	58080.84	22153.39	0.000	0.000
218.00	19765.77	    0.00	80234.23	    0.00	80234.23	0.000	1.361	1.248	 9020.49	100		    0.00	    0.00	58080.84	22153.39	0.000	0.000
219.00	19765.77	    0.00	80234.23	    0.00	80234.23	0.000	1.361	1.248	 9020.49	100		    0.00	    0.00	58080.84	22153.39	0.000	0.000
220.00	19765.77	    0.00	80234.23	    0.00	80234.23	0.000	1.361	1.248	 9020.49	100		    0.00	    0.00	58080.84	22153.39	0.000	0.000
221.00	19765.77	    0.00	80234.23	    0.00	80234.23	0.000	1.361	1.248	 9020.49	100		    0.00	    0.00	58080.84	22153.39	0.000	0.000
222.00	19765.77	    0.00	80234.23	    0.00	80234.23	0.000	1.361	1.248	 9020.49	100		    0.00	    0.00	58080.84	22153.39	0.000	0.000
223.00	19765.77	    0.00	80234.23	    0.00	80234.23	0.000	1.361	1.248	 9020.49	100		    0.00	    0.00	58080.84	22153.39	0.000	0.000
224.00	19765.77	    0.00	80234.23	    0.00	80234.23	0.000	1.361	1.248	 9020.49	100		    0.00	    0.00	58080.84	22153.39	0.000	0.000
225.00	19765.77	    0.00	80234.23	    0.00	80234.23	0.000	1.361	1.248	 9020.49	100		    0.00	    0.00	58080.84	22153.39	0.000	0.000
226.00	19765.77	    0.00	80234.23	    0.00	80234.23	0.000	1.361	1.248	 9020.49	100		    0.00	    0.00	58080.84	22153.39	0.000	0.000
227.00	19765.77	    0.00	80234.23	    0.00	80234.23	0.000	1.361	1.248	 9020.49	100		    0.00	    0.00	58080.84	22153.39	0.000	0.000
228.00	19765.77	    0.00	80234.23	    0.00	80234.23	0.000	1.361	1.248	 9020.49	100		    0.00	    0.00	58080.84	22153.39	0.000	0.000
229.00	19765.77	    0.00	80234.23	    0.00	80234.23	0.000	1.361	1.248	 9020.49	100		    0.00	    0.00	58080.84	22153.39	0.000	0.000
230.00	19765.77	    0.00	80234.23	    0.00	80234.23	0.000	1.361	1.248	 9020.49	100		    0.00	    0.00	58080.84	22153.39	0.000	0.000
231.00	19765.77	    0.00	80234.23	    0.00	80234.23	0.000	1.361	1.248	 9020.49	100		    0.00	    0.00	58080.84	22153.39	0.000	0.000
232.00	19765.77	    0.00	80234.23	    0.00	80234.23	0.000	1.361	1.248	 9020.49	100		    0.00	    0.00	58080.84	22153.39	0.000	0.000
233.00	19765.77	    0.00	80234.23	    0.00	80234.23	0.000	1.361	1.248	 9020.49	100		    0.00	    0.00	58080.84	22153.39	0.000	0.000
234.00	19765.77	    0.00	80234.23	    0.00	80234.23	0.000	1.361	1.248	 9020.49	100		    0.00	    0.00	58080.84	22153.39	0.000	0.000
235.00	19765.77	    0.00	80234.23	    0.00	80234.23	0.000	1.361	1.248	 9020.49	100		    0.00	    0.00	58080.84	22153.39	0.000	0.000
236.00	19765.77	    0.00	80234.23	    0.00	80234.23	0.000	1.361	1.248	 9020.49	100		    0.00	    0.00	58080.84	22153.39	0.000	0.000
237.00	19765.77	    0.00	80234.23	    0.00	80234.23	0.000	1.361	1.248	 9020.49	100		    0.00	    0.00	58080.84	22153.39	0.000	0.000
238.00	19765.77	    0.00	80234.23	    0.00	80234.23	0.000	1.361	1.248	 9020.49	100		    0.00	    0.00	58080.84	22153.39	0.000	0.000
239.00	19765.77	    0.00	80234.23	    0.00	80234.23	0.000	1.361	1.248	 9020.49	100		    0.00	    0.00	58080.84	22153.39	0.000	0.000
240.00	19765.77	    0.00	80234.23	    0.00	80234.23	0.000	1.361	1.248	 9020.49	100		    0.00	    0.00	58080.84	22153.39	0.000	0.000
241.00	19765.77	    0.00	80234.23	    0.00	80234.23	0.000	1.361	1.248	 9020.49	100		    0.00	    0.00	58080.84	22153.39	0.000	0.000
242.00	19765.77	    0.00	80234.23	    0.00	80234.23	0.000	1.361	1.248	 9020.49	100		    0.00	    0.00	58080.84	22153.39	0.000	0.000
243.00	19765.77	    0.00	80234.23	    0.00	80234.23	0.000	1.361	1.248	 9020.49	100		    0.00	    0.00	58080.84	22153.39	0.000	0.000
244.00	19765.77	    0.00	80234.23	    0.00	80234.23	0.000	1.361	1.248	 9020.49	100		    0.00	    0.00	58080.84	22153.39	0.000	0.000
245.00	19765.77	    0.00	80234.23	    0.00	80234.23	0.000	1.361	1.248	 9020.49	100		    0.00	    0.00	58080.84	22153.39	0.000	0.000
246.00	19765.77	    0.00	80234.23	    0.00	80234.23	0.000	1.361	1.248	 9020.49	100		    0.00	    0.00	58080.84	22153.39	0.000	0.000
247.00	19765.77	    0.00	80234.23	    0.00	80234.23	0.000	1.361	1.248	 9020.49	100		    0.00	    0.00	58080.84	22153.39	0.000	0.000
248.00	19765.77	    0.00	80234.23	    0.00	80234.23	0.000	1.361	1.248	 9020.49	100		    0.00	    0.00	58080.84	22153.39	0.000	0.000
249.00	19765.77	    0.00	80234.23	    0.00	80234.23	0.000	1.361	1.248	 9020.49	100		    0.00	    0.00	58080.84	22153.39	0.000	0.000
250.00	19765.77	    0.00	80234.23	    0.00	80234.23	0.000	1.361	1.248	 9020.49	100		    0.00	    0.00	58080.84	22153.39	0.000	0.000
251.00	19765.77	    0.00	80234.23	    0.00	80234.23	0.000	1.361	1.248	 9020.49	100		    0.00	    0.00	58080.84	22153.39	0.000	0.000
252.00	19765.77	    0.00	80234.23	    0.00	80234.23	0.000	1.361	1.248	 9020.49	100		    0.00	    0.00	58080.84	22153.39	0.000	0.000
253.00	19765.77	    0.00	80234.23	    0.00	80234.23	0.000	1.361	1.248	 9020.49	100		    0.00	    0.00	58080.84	22153.39	0.000	0.000
254.00	19765.77	    0.00	80234.23	    0.00	80234.23	0.000	1.361	1.248	 9020.49	100		    0.00	    0.00	58080.84	22153.39	0.000	0.000
255.00	19765.77	    0.00	80234.23	    0.00	80234.23	0.000	1.361	1.248	 9020.49	100		    0.00	    0.00	58080.84	22153.39	0.000	0.000
256.00	19765.77	    0.00	80234.23	    0.00	80234.23	0.000	1.361	1.248	 9020.49	100		    0.00	    0.00	58080.84	22153.39	0.000	0.000
257.00	19765.77	    0.00	80234.23	    0.00	80234.23	0.000	1.361	1.248	 9020.49	100		    0.00	    0.00	58080.84	22153.39	0.000	0.000
258.00	19765.77	    0.00	80234.23	    0.00	80234.23	0.000	1.361	1.248	 9020.49	100		    0.00	    0.00	58080.84	22153.39	0.000	0.000
259.00	19765.77	    0.00	80234.23	    0.00	80234.23	0.000	1.361	1.248	 9020.49	100		    0.00	    0.00	58080.84	22153.39	0.000	0.000
260.00	19765.77	    0.00	80234.23	    0.00	80234.23	0.000	1.361	1.248	 9020.49	100		    0.00	    0.00	58080.84	22153.39	0.000	0.000
261.00	19765.77	    0.00	80234.23	    0.00	80234.23	0.000	1.361	1.248	 9020.49	100		    0.00	    0.00	58080.84	22153.39	0.000	0.000
262.00	19765.77	    0.00	80234.23	    0.00	80234.23	0.000	1.361	1.248	 9020.49	100		    0.00	    0.00	58080.84	22153.39	0.000	0.000
263.00	19765.77	    0.00	80234.23	    0.00	80234.23	0.000	1.361	1.248	 9020.49	100		    0.00	    0.00	58080.84	22153.39	0.000	0.000
264.00	19765.77	    0.00	80234.23	    0.00	80234.23	0.000	1.361	1.248	 9020.49	100		    0.00	    0.00	58080.84	22153.39	0.000	0.000
265.00	19765.77	    0.00	80234.23	    0.00	80234.23	0.000	1.361	1.248	 9020.49	100		    0.00	    0.00	58080.84	22153.39	0.000	0.000
266.00	19765.77	    0.00	80234.23	    0.00	80234.23	0.000	1.361	1.248	 9020.49	100		    0.00	    0.00	58080.84	22153.39	0.000	0.000
267.00	19765.77	    0.00	80234.23	    0.00	80234.23	0.000	1.361	1.248	 9020.49	100		    0.00	    0.00	58080.84	22153.39	0.000	0.000
268.00	19765.77	    0.00	80234.23	    0.00	80234.23	0.000	1.361	1.248	 9020.49	100		    0.00	    0.00	58080.84	22153.39	0.000	0.000
269.00	19765.77	    0.00	80234.23	    0.00	80234.23	0.000	1.361	1.248	 9020.49	100		    0.00	    0.00	58080.84	22153.39	0.000	0.000
270.00	19765.77	    0.00	80234.23	    0.00	80234.23	0.000	1.361	1.248	 9020.49	100		    0.00	    0.00	58080.84	22153.39	0.000	0.000
271.00	19765.77	    0.00	80234.23	    0.00	80234.23	0.000	1.361	1.248	 9020.49	100		    0.00	    0.00	58080.84	22153.39	0.000	0.000
272.00	19765.77	    0.00	80234.23	    0.00	80234.23	0.000	1.361	1.248	 9020.49	100		    0.00	    0.00	58080.84	22153.39	0.000	0.000
273.00	19765.77	    0.00	80234.23	    0.00	80234.23	0.000	1.361	1.248	 9020.49	100		    0.00	    0.00	58080.84	22153.39	0.000	0.000
274.00	19765.77	    0.00	80234.23	    0.00	80234.23	0.000	1.361	1.248	 9020.49	100		    0.00	    0.00	58080.84	22153.39	0.000	0.000
275.00	19765.77	    0.00	80234.23	    0.00	80234.23	0.000	1.361	1.248	 9020.49	100		    0.00	    0.00	58080.84	22153.39	0.000	0.000
276.00	19765.77	    0.00	80234.23	    0.00	80234.23	0.000	1.361	1.248	 9020.49	100		    0.00	    0.00	58080.84	22153.39	0.000	0.000
277.00	19765.77	    0.00	80234.23	    0.00	80234.23	0.000	1.361	1.248	 9020.49	100		    0.00	    0.00	58080.84	22153.39	0.000	0.000
278.00	19765.77	    0.00	80234.23	    0.00	80234.23	0.000	1.361	1.248	 9020.49	100		    0.00	    0.00	58080.84	22153.39	0.000	0.000
279.00	19765.77	    0.00	80234.23	    0.00	80234.23	0.000	1.361	1.248	 9020.49	100		    0.00	    0.00	58080.84	22153.39	0.000	0.000
280.00	19765.77	    0.00	80234.23	    0.00	80234.23	0.000	1.361	1.248	 9020.49	100		    0.00	    0.00	58080.84	22153.39	0.000	0.000
281.00	19765.77	    0.00	80234.23	    0.00	80234.23	0.000	1.361	1.248	 9020.49	100		    0.00	    0.00	58080.84	22153.39	0.000	0.000
282.00	19765.77	    0.00	80234.23	    0.00	80234.23	0.000	1.361	1.248	 9020.49	100		    0.00	    0.00	58080.84	22153.39	0.000	0.000
283.00	19765.77	    0.00	80234.23	    0.00	80234.23	0.000	1.361	1.248	 9020.49	100		    0.00	    0.00	58080.84	22153.39	0.000	0.000
284.00	19765.77	    0.00	80234.23	    0.00	80234.23	0.000	1.361	1.248	 9020.49	100		    0.00	    0.00	58080.84	22153.39	0.000	0.000
285.00	19765.77	    0.00	80234.23	    0.00	80234.23	0.000	1.361	1.248	 9020.49	100		    0.00	    0.00	58080.84	22153.39	0.000	0.000
286.00	19765.77	    0.00	80234.23	    0.00	80234.23	0.000	1.361	1.248	 9020.49	100		    0.00	    0.00	58080.84	22153.39	0.000	0.000
287.00	19765.77	    0.00	80234.23	    0.00	80234.23	0.000	1.361	1.248	 9020.49	100		    0.00	    0.00	58080.84	22153.39	0.000	0.000
288.00	19765.77	    0.00	80234.23	    0.00	80234.23	0.000	1.361	1.248	 9020.49	100		    0.00	    0.00	58080.84	22153.39	0.000	0.000
289.00	19765.77	    0.00	80234.23	    0.00	80234.23	0.000	1.361	1.248	 9020.49	100		    0.00	    0.00	58080.84	22153.39	0.000	0.000
290.00	19765.77	    0.00	80234.23	    0.00	80234.23	0.000	1.361	1.248	 9020.49	100		    0.00	    0.00	58080.84	22153.39	0.000	0.000
291.00	19765.77	    0.00	80234.23	    0.00	80234.23	0.000	1.361	1.248	 9020.49	100		    0.00	    0.00	58080.84	22153.39	0.000	0.000
292.00	19765.77	    0.00	80234.23	    0.00	80234.23	0.000	1.361	1.248	 9020.49	100		    0.00	    0.00	58080.84	22153.39	0.000	0.000
293.00	19765.77	    0.00	80234.23	    0.00	80234.23	0.000	1.361	1.248	 9020.49	100		    0.00	    0.00	58080.84	22153.39	0.000	0.000
294.00	19765.77	    0.00	80234.23	    0.00	80234.23	0.000	1.361	1.248	 9020.49	100		    0.00	    0.00	58080.84	22153.39	0.000	0.000
295.00	19765.77	    0.00	80234.23	    0.00	80234.23	0.000	1.361	1.248	 9020.49	100		    0.00	    0.00	58080.84	22153.39	0.000	0.000
296.00	19765.77	    0.00	80234.23	    0.00	80234.23	0.000	1.361	1.248	 9020.49	100		    0.00	    0.00	58080.84	22153.39	0.000	0.000
297.00	19765.77	    0.00	80234.23	    0.00	80234.23	0.000	1.361	1.248	 9020.49	100		    0.00	    0.00	58080.84	22153.39	0.000	0.000
298.00	19765.77	    0.00	80234.23	    0.00	80234.23	0.000	1.361	1.248	 9020.49	100		    0.00	    0.00	58080.84	22153.39	0.000	0.000
299.00	19765.77	    0.00	80234.23	    0.00	80234.23	0.000	1.361	1.248	 9020.49	100		    0.00	    0.00	58080.84	22153.39	0.000	0.000
300.00	19765.77	    0.00	80234.23	    0.00	80234.23	0.000	1.361	1.248	 9020.49	100		    0.00	    0.00	58080.84	22153.39	0.000	0.000
301.00	19765.77	    0.00	80234.23	    0.00	80234.23	0.000	1.361	1.248	 9020.49	100		    0.00	    0.00	58080.84	22153.39	0.000	0.000
302.00	19765.77	    0.00	80234.23	    0.00	80234.23	0.000	1.361	1.248	 9020.49	100		    0.00	    0.00	58080.84	22153.39	0.000	0.000
303.00	19765.77	    0.00	80234.23	    0.00	80234.23	0.000	1.361	1.248	 9020.49	100		    0.00	    0.00	58080.84	22153.39	0.000	0.000
304.00	19765.77	    0.00	80234.23	    0.00	80234.23	0.000	1.361	1.248	 9020.49	100		    0.00	    0.00	58080.84	22153.39	0.000	0.000
305.00	19765.77	    0.00	80234.23	    0.00	80234.23	0.000	1.361	1.248	 9020.49	100		    0.00	    0.00	58080.84	22153.39	0.000	0.000
306.00	19765.77	    0.00	80234.23	    0.00	80234.23	0.000	1.361	1.248	 9020.49	100		    0.00	    0.00	58080.84	22153.39	0.000	0.000
307.00	19765.77	    0.00	80234.23	    0.00	80234.23	0.000	1.361	1.248	 9020.49	100		    0.00	    0.00	58080.84	22153.39	0.000	0.000
308.00	19765.77	    0.00	80234.23	    0.00	80234.23	0.000	1.361	1.248	 9020.49	100		    0.00	    0.00	58080.84	22153.39	0.000	0.000
309.00	19765.77	    0.00	80234.23	    0.00	80234.23	0.000	1.361	1.248	 9020.49	100		    0.00	    0.00	58080.84	22153.39	0.000	0.000
310.00	19765.77	    0.00	80234.23	    0.00	80234.23	0.000	1.361	1.248	 9020.49	100		    0.00	    0.00	58080.84	22153.39	0.000	0.000
311.00	19765.77	    0.00	80234.23	    0.00	80234.23	0.000	1.361	1.248	 9020.49	100		    0.00	    0.00	58080.84	22153.39	0.000	0.000
312.00	19765.77	    0.00	80234.23	    0.00	80234.23	0.000	1.361	1.248	 9020.49	100		    0.00	    0.00	58080.84	22153.39	0.000	0.000
313.00	19765.77	    0.00	80234.23	    0.00	80234.23	0.000	1.361	1.248	 9020.49	100		    0.00	    0.00	58080.84	22153.39	0.000	0.000
314.00	19765.77	    0.00	80234.23	    0.00	80234.23	0.000	1.361	1.248	 9020.49	100		    0.00	    0.00	58080.84	22153.39	0.000	0.000
315.00	19765.77	    0.00	80234.23	    0.00	80234.23	0.000	1.361	1.248	 9020.49	100		    0.00	    0.00	58080.84	22153.39	0.000	0.000
316.00	19765.77	    0.00	80234.23	    0.00	80234.23	0.000	1.361	1.248	 9020.49	100		    0.00	    0.00	58080.84	22153.39	0.000	0.000
317.00	19765.77	    0.00	80234.23	    0.00	80234.23	0.000	1.361	1.248	 9020.49	100		    0.00	    0.00	58080.84	22153.39	0.000	0.000
318.00	19765.77	    0.00	80234.23	    0.00	80234.23	0.000	1.361	1.248	 9020.49	100		    0.00	    0.00	58080.84	22153.39	0.000	0.000
319.00	19765.77	    0.00	80234.23	    0.00	80234.23	0.000	1.361	1.248	 9020.49	100		    0.00	    0.00	58080.84	22153.39	0.000	0.000
320.00	19765.77	    0.00	80234.23	    0.00	80234.23	0.000	1.361	1.248	 9020.49	100		    0.00	    0.00	58080.84	22153.39	0.000	0.000
321.00	19765.77	    0.00	80234.23	    0.00	80234.23	0.000	1.361	1.248	 9020.49	100		    0.00	    0.00	58080.84	22153.39	0.000	0.000
322.00	19765.77	    0.00	80234.23	    0.00	80234.23	0.000	1.361	1.248	 9020.49	100		    0.00	    0.00	58080.84	22153.39	0.000	0.000
323.00	19765.77	    0.00	80234.23	    0.00	80234.23	0.000	1.361	1.248	 9020.49	100		    0.00	    0.00	58080.84	22153.39	0.000	0.000
324.00	19765.77	    0.00	80234.23	    0.00	80234.23	0.000	1.361	1.248	 9020.49	100		    0.00	    0.00	58080.84	22153.39	0.000	0.000
325.00	19765.77	    0.00	80234.23	    0.00	80234.23	0.000	1.361	1.248	 9020.49	100		    0.00	    0.00	58080.84	22153.39	0.000	0.000
326.00	19765.77	    0.00	80234.23	    0.00	80234.23	0.000	1.361	1.248	 9020.49	100		    0.00	    0.00	58080.84	22153.39	0.000	0.000
327.00	19765.77	    0.00	80234.23	    0.00	80234.23	0.000	1.361	1.248	 9020.49	100		    0.00	    0.00	58080.84	22153.39	0.000	0.000
328.00	19765.77	    0.00	80234.23	    0.00	80234.23	0.000	1.361	1.248	 9020.49	100		    0.00	    0.00	58080.84	22153.39	0.000	0.000
329.00	19765.77	    0.00	80234.23	    0.00	80234.23	0.000	1.361	1.248	 9020.49	100		    0.00	    0.00	58080.84	22153.39	0.000	0.000
330.00	19765.77	    0.00	80234.23	    0.00	80234.23	0.000	1.361	1.248	 9020.49	100		    0.00	    0.00	58080.84	22153.39	0.000	0.000
331.00	19765.77	    0.00	80234.23	    0.00	80234.23	0.000	1.361	1.248	 9020.49	100		    0.00	    0.00	58080.84	22153.39	0.000	0.000
332.00	19765.77	    0.00	80234.23	    0.00	80234.23	0.000	1.361	1.248	 9020.49	100		    0.00	    0.00	58080.84	22153.39	0.000	0.000
333.00	19765.77	    0.00	80234.23	    0.00	80234.23	0.000	1.361	1.248	 9020.49	100		    0.00	    0.00	58080.84	22153.39	0.000	0.000
334.00	19765.77	    0.00	80234.23	    0.00	80234.23	0.000	1.361	1.248	 9020.49	100		    0.00	    0.00	58080.84	22153.39	0.000	0.000
335.00	19765.77	    0.00	80234.23	    0.00	80234.23	0.000	1.361	1.248	 9020.49	100		    0.00	    0.00	58080.84	22153.39	0.000	0.000
336.00	19765.77	    0.00	80234.23	    0.00	80234.23	0.000	1.361	1.248	 9020.49	100		    0.00	    0.00	58080.84	22153.39	0.000	0.000
337.00	19765.77	    0.00	80234.23	    0.00	80234.23	0.000	1.361	1.248	 9020.49	100		    0.00	    0.00	58080.84	22153.39	0.000	0.000
338.00	19765.77	    0.00	80234.23	    0.00	80234.23	0.000	1.361	1.248	 9020.49	100		    0.00	    0.00	58080.84	22153.39	0.000	0.000
339.00	19765.77	    0.00	80234.23	    0.00	80234.23	0.000	1.361	1.248	 9020.49	100		    0.00	    0.00	58080.84	22153.39	0.000	0.000
340.00	19765.77	    0.00	80234.23	    0.00	80234.23	0.000	1.361	1.248	 9020.49	100		    0.00	    0.00	58080.84	22153.39	0.000	0.000
341.00	19765.77	    0.00	80234.23	    0.00	80234.23	0.000	1.361	1.248	 9020.49	100		    0.00	    0.00	58080.84	22153.39	0.000	0.000
342.00	19765.77	    0.00	80234.23	    0.00	80234.23	0.000	1.361	1.248	 9020.49	100		    0.00	    0.00	58080.84	22153.39	0.000	0.000
343.00	19765.77	    0.00	80234.23	    0.00	80234.23	0.000	1.361	1.248	 9020.49	100		    0.00	    0.00	58080.84	22153.39	0.000	0.000
344.00	19765.77	    0.00	80234.23	    0.00	80234.23	0.000	1.361	1.248	 9020.49	100		    0.00	    0.00	58080.84	22153.39	0.000	0.000
345.00	19765.77	    0.00	80234.23	    0.00	80234.23	0.000	1.361	1.248	 9020.49	100		    0.00	    0.00	58080.84	22153.39	0.000	0.000
346.00	19765.77	    0.00	80234.23	    0.00	80234.23	0.000	1.361	1.248	 9020.49	100		    0.00	    0.00	58080.84	22153.39	0.000	0.000
347.00	19765.77	    0.00	80234.23	    0.00	80234.23	0.000	1.361	1.248	 9020.49	100		    0.00	    0.00	58080.84	22153.39	0.000	0.000
348.00	19765.77	    0.00	80234.23	    0.00	80234.23	0.000	1.361	1.248	 9020.49	100		    0.00	    0.00	58080.84	22153.39	0.000	0.000
349.00	19765.77	    0.00	80234.23	    0.00	80234.23	0.000	1.361	1.248	 9020.49	100		    0.00	    0.00	58080.84	22153.39	0.000	0.000
350.00	19765.77	    0.00	80234.23	    0.00	80234.23	0.000	1.361	1.248	 9020.49	100		    0.00	    0.00	58080.84	22153.39	0.000	0.000
351.00	19765.77	    0.00	80234.23	    0.00	80234.23	0.000	1.361	1.248	 9020.49	100		    0.00	    0.00	58080.84	22153.39	0.000	0.000
352.00	19765.77	    0.00	80234.23	    0.00	80234.23	0.000	1.361	1.248	 9020.49	100		    0.00	    0.00	58080.84	22153.39	0.000	0.000
353.00	19765.77	    0.00	80234.23	    0.00	80234.23	0.000	1.361	1.248	 9020.49	100		    0.00	    0.00	58080.84	22153.39	0.000	0.000
354.00	19765.77	    0.00	80234.23	    0.00	80234.23	0.000	1.361	1.248	 9020.49	100		    0.00	    0.00	58080.84	22153.39	0.000	0.000
355.00	19765.77	    0.00	80234.23	    0.00	80234.23	0.000	1.361	1.248	 9020.49	100		    0.00	    0.00	58080.84	22153.39	0.000	0.000
356.00	19765.77	    0.00	80234.23	    0.00	80234.23	0.000	1.361	1.248	 9020.49	100		    0.00	    0.00	58080.84	22153.39	0.000	0.000
357.00	19765.77	    0.00	80234.23	    0.00	80234.23	0.000	1.361	1.248	 9020.49	100		    0.00	    0.00	58080.84	22153.39	0.000	0.000
358.00	19765.77	    0.00	80234.23	    0.00	80234.23	0.000	1.361	1.248	 9020.49	100		    0.00	    0.00	58080.84	22153.39	0.000	0.000
359.00	19765.77	    0.00	80234.23	    0.00	80234.23	0.000	1.361	1.248	 9020.49	100		    0.00	    0.00	58080.84	22153.39	0.000	0.000
360.00	19765.77	    0.00	80234.23	    0.00	80234.23	0.000	1.361	1.248	 9020.49	100		    0.00	    0.00	58080.84	22153.39	0.000	0.000
361.00	19765.77	    0.00	80234.23	    0.00	80234.23	0.000	1.361	1.248	 9020.49	100		    0.00	    0.00	58080.84	22153.39	0.000	0.000
362.00	19765.77	    0.00	80234.23	    0.00	80234.23	0.000	1.361	1.248	 9020.49	100		    0.00	    0.00	58080.84	22153.39	0.000	0.000
363.00	19765.77	    0.00	80234.23	    0.00	80234.23	0.000	1.361	1.248	 9020.49	100		    0.00	    0.00	58080.84	22153.39	0.000	0.000
364.00	19765.77	    0.00	80234.23	    0.00	80234.23	0.000	1.361	1.248	 9020.49	100		    0.00	    0.00	58080.84	22153.39	0.000	0.000
365.00	19765.77	    0.00	80234.23	    0.00	80234.23	0.000	1.361	1.248	 9020.49	100		    0.00	    0.00	58080.84	22153.39	0.000	0.000
366.00	19765.77	    0.00	80234.23	    0.00	80234.23	0.000	1.361	1.248	 9020.49	100		    0.00	    0.00	58080.84	22153.39	0.000	0.000
367.00	19765.77	    0.00	80234.23	    0.00	80234.23	0.000	1.361	1.248	 9020.49	100		    0.00	    0.00	58080.84	22153.39	0.000	0.000
368.00	19765.77	    0.00	80234.23	    0.00	80234.23	0.000	1.361	1.248	 9020.49	100		    0.00	    0.00	58080.84	22153.39	0.000	0.000
369.00	19765.77	    0.00	80234.23	    0.00	80234.23	0.000	1.361	1.248	 9020.49	100		    0.00	    0.00	58080.84	22153.39	0.000	0.000
370.00	19765.77	    0.00	80234.23	    0.00	80234.23	0.000	1.361	1.248	 9020.49	100		    0.00	    0.00	58080.84	22153.39	0.000	0.000
371.00	19765.77	    0.00	80234.23	    0.00	80234.23	0.000	1.361	1.248	 9020.49	100		    0.00	    0.00	58080.84	22153.39	0.000	0.000
372.00	19765.77	    0.00	80234.23	    0.00	80234.23	0.000	1.361	1.248	 9020.49	100		    0.00	    0.00	58080.84	22153.39	0.000	0.000
373.00	19765.77	    0.00	80234.23	    0.00	80234.23	0.000	1.361	1.248	 9020.49	100		    0.00	    0.00	58080.84	22153.39	0.000	0.000
374.00	19765.77	    0.00	80234.23	    0.00	80234.23	0.000	1.361	1.248	 9020.49	100		    0.00	    0.00	58080.84	22153.39	0.000	0.000
375.00	19765.77	    0.00	80234.23	    0.00	80234.23	0.000	1.361	1.248	 9020.49	100		    0.00	    0.00	58080.84	22153.39	0.000	0.000
376.00	19765.77	    0.00	80234.23	    0.00	80234.23	0.000	1.361	1.248	 9020.49	100		    0.00	    0.00	58080.84	22153.39	0.000	0.000
377.00	19765.77	    0.00	80234.23	    0.00	80234.23	0.000	1.361	1.248	 9020.49	100		    0.00	    0.00	58080.84	22153.39	0.000	0.000
378.00	19765.77	    0.00	80234.23	    0.00	80234.23	0.000	1.361	1.248	 9020.49	100		    0.00	    0.00	58080.84	22153.39	0.000	0.000
379.00	19765.77	    0.00	80234.23	    0.00	80234.23	0.000	1.361	1.248	 9020.49	100		    0.00	    0.00	58080.84	22153.39	0.000	0.000
380.00	19765.77	    0.00	80234.23	    0.00	80234.23	0.000	1.361	1.248	 9020.49	100		    0.00	    0.00	58080.84	22153.39	0.000	0.000
381.00	19765.77	    0.00	80234.23	    0.00	80234.23	0.000	1.361	1.248	 9020.49	100		    0.00	    0.00	58080.84	22153.39	0.000	0.000
382.00	19765.77	    0.00	80234.23	    0.00	80234.23	0.000	1.361	1.248	 9020.49	100		    0.00	    0.00	58080.84	22153.39	0.000	0.000
383.00	19765.77	    0.00	80234.23	    0.00	80234.23	0.000	1.361	1.248	 9020.49	100		    0.00	    0.00	58080.84	22153.39	0.000	0.000
384.00	19765.77	    0.00	80234.23	    0.00	80234.23	0.000	1.361	1.248	 9020.49	100		    0.00	    0.00	58080.84	22153.39	0.000	0.000
385.00	19765.77	    0.00	80234.23	    0.00	80234.23	0.000	1.361	1.248	 9020.49	100		    0.00	    0.00	58080.84	22153.39	0.000	0.000
386.00	19765.77	    0.00	80234.23	    0.00	80234.23	0.000	1.361	1.248	 9020.49	100		    0.00	    0.00	58080.84	22153.39	0.000	0.000
387.00	19765.77	    0.00	80234.23	    0.00	80234.23	0.000	1.361	1.248	 9020.49	100		    0.00	    0.00	58080.84	22153.39	0.000	0.000
388.00	19765.77	    0.00	80234.23	    0.00	80234.23	0.000	1.361	1.248	 9020.49	100		    0.00	    0.00	58080.84	22153.39	0.000	0.000
389.00	19765.77	    0.00	80234.23	    0.00	80234.23	0.000	1.361	1.248	 9020.49	100		    0.00	    0.00	58080.84	22153.39	0.000	0.000
390.00	19765.77	    0.00	80234.23	    0.00	80234.23	0.000	1.361	1.248	 9020.49	100		    0.00	    0.00	58080.84	22153.39	0.000	0.000
391.00	19765.77	    0.00	80234.23	    0.00	80234.23	0.000	1.361	1.248	 9020.49	100		    0.00	    0.00	58080.84	22153.39	0.000	0.000
392.00	19765.77	    0.00	80234.23	    0.00	80234.23	0.000	1.361	1.248	 9020.49	100		    0.00	    0.00	58080.84	22153.39	0.000	0.000
393.00	19765.77	    0.00	80234.23	    0.00	80234.23	0.000	1.361	1.248	 9020.49	100		    0.00	    0.00	58080.84	22153.39	0.000	0.000
394.00	19765.77	    0.00	80234.23	    0.00	80234.23	0.000	1.361	1.248	 9020.49	100		    0.00	    0.00	58080.84	22153.39	0.000	0.000
395.00	19765.77	    0.00	80234.23	    0.00	80234.23	0.000	1.361	1.248	 9020.49	100		    0.00	    0.00	58080.84	22153.39	0.000	0.000
396.00	19765.77	    0.00	80234.23	    0.00	80234.23	0.000	1.361	1.248	 9020.49	100		    0.00	    0.00	58080.84	22153.39	0.000	0.000
397.00	19765.77	    0.00	80234.23	    0.00	80234.23	0.000	1.361	1.248	 9020.49	100		    0.00	    0.00	58080.84	22153.39	0.000	0.000
398.00	19765.77	    0.00	80234.23	    0.00	80234.23	0.000	1.361	1.248	 9020.49	100		    0.00	    0.00	58080.84	22153.39	0.000	0.000
399.00	19765.77	    0.00	80234.23	    0.00	80234.23	0.000	1.361	1.248	 9020.49	100		    0.00	    0.00	58080.84	22153.39	0.000	0.000
400.00	19765.77	    0.00	80234.23	    0.00	80234.23	0.000	1.361	1.248	 9020.49	100		    0.00	    0.00	58080.84	22153.39	0.000	0.000
401.00	19765.77	    0.00	80234.23	    0.00	80234.23	0.000	1.361	1.248	 9020.49	100		    0.00	    0.00	58080.84	22153.39	0.000	0.000
402.00	19765.77	    0.00	80234.23	    0.00	80234.23	0.000	1.361	1.248	 9020.49	100		    0.00	    0.00	58080.84	22153.39	0.000	0.000
403.00	19765.77	    0.00	80234.23	    0.00	80234.23	0.000	1.361	1.248	 9020.49	100		    0.00	    0.00	58080.84	22153.39	0.000	0.000
404.00	19765.77	    0.00	80234.23	    0.00	80234.23	0.000	1.361	1.248	 9020.49	100		    0.00	    0.00	58080.84	22153.39	0.000	0.000
405.00	19765.77	    0.00	80234.23	    0.00	80234.23	0.000	1.361	1.248	 9020.49	100		    0.00	    0.00	58080.84	22153.39	0.000	0.000
406.00	19765.77	    0.00	80234.23	    0.00	80234.23	0.000	1.361	1.248	 9020.49	100		    0.00	    0.00	58080.84	22153.39	0.000	0.000
407.00	19765.77	    0.00	80234.23	    0.00	80234.23	0.000	1.361	1.248	 9020.49	100		    0.00	    0.00	58080.84	22153.39	0.000	0.000
408.00	19765.77	    0.00	80234.23	    0.00	80234.23	0.000	1.361	1.248	 9020.49	100		    0.00	    0.00	58080.84	22153.39	0.000	0.000
409.00	19765.77	    0.00	80234.23	    0.00	80234.23	0.000	1.361	1.248	 9020.49	100		    0.00	    0.00	58080.84	22153.39	0.000	0.000
410.00	19765.77	    0.00	80234.23	    0.00	80234.23	0.000	1.361	1.248	 9020.49	100		    0.00	    0.00	58080.84	22153.39	0.000	0.000
411.00	19765.77	    0.00	80234.23	    0.00	80234.23	0.000	1.361	1.248	 9020.49	100		    0.00	    0.00	58080.84	22153.39	0.000	0.000
412.00	19765.77	    0.00	80234.23	    0.00	80234.23	0.000	1.361	1.248	 9020.49	100		    0.00	    0.00	58080.84	22153.39	0.000	0.000
413.00	19765.77	    0.00	80234.23	    0.00	80234.23	0.000	1.361	1.248	 9020.49	100		    0.00	    0.00	58080.84	22153.39	0.000	0.000
414.00	19765.77	    0.00	80234.23	    0.00	80234.23	0.000	1.361	1.248	 9020.49	100		    0.00	    0.00	58080.84	22153.39	0.000	0.000
415.00	19765.77	    0.00	80234.23	    0.00	80234.23	0.000	1.361	1.248	 9020.49	100		    0.00	    0.00	58080.84	22153.39	0.000	0.000
416.00	19765.77	    0.00	80234.23	    0.00	80234.23	0.000	1.361	1.248	 9020.49	100		    0.00	    0.00	58080.84	22153.39	0.000	0.000
417.00	19765.77	    0.00	80234.23	    0.00	80234.23	0.000	1.361	1.248	 9020.49	100		    0.00	    0.00	58080.84	22153.39	0.000	0.000
418.00	19765.77	    0.00	80234.23	    0.00	80234.23	0.000	1.361	1.248	 9020.49	100		    0.00	    0.00	58080.84	22153.39	0.000	0.000
419.00	19765.77	    0.00	80234.23	    0.00	80234.23	0.000	1.361	1.248	 9020.49	100		    0.00	    0.00	58080.84	22153.39	0.000	0.000
420.00	19765.77	    0.00	80234.23	    0.00	80234.23	0.000	1.361	1.248	 9020.49	100		    0.00	    0.00	58080.84	22153.39	0.000	0.000
421.00	19765.77	    0.00	80234.23	    0.00	80234.23	0.000	1.361	1.248	 9020.49	100		    0.00	    0.00	58080.84	22153.39	0.000	0.000
422.00	19765.77	    0.00	80234.23	    0.00	80234.23	0.000	1.361	1.248	 9020.49	100		    0.00	    0.00	58080.84	22153.39	0.000	0.000
423.00	19765.77	    0.00	80234.23	    0.00	80234.23	0.000	1.361	1.248	 9020.49	100		    0.00	    0.00	58080.84	22153.39	0.000	0.000
424.00	19765.77	    0.00	80234.23	    0.00	80234.23	0.000	1.361	1.248	 9020.49	100		    0.00	    0.00	58080.84	22153.39	0.000	0.000
425.00	19765.77	    0.00	80234.23	    0.00	80234.23	0.000	1.361	1.248	 9020.49	100		    0.00	    0.00	58080.84	22153.39	0.000	0.000
426.00	19765.77	    0.00	80234.23	    0.00	80234.23	0.000	1.361	1.248	 9020.49	100		    0.00	    0.00	58080.84	22153.39	0.000	0.000
427.00	19765.77	    0.00	80234.23	    0.00	80234.23	0.000	1.361	1.248	 9020.49	100		    0.00	    0.00	58080.84	22153.39	0.000	0.000
428.00	19765.77	    0.00	80234.23	    0.00	80234.23	0.000	1.361	1.248	 9020.49	100		    0.00	    0.00	58080.84	22153.39	0.000	0.000
429.00	19765.77	    0.00	80234.23	    0.00	80234.23	0.000	1.361	1.248	 9020.49	100		    0.00	    0.00	58080.84	22153.39	0.000	0.000
430.00	19765.77	    0.00	80234.23	    0.00	80234.23	0.000	1.361	1.248	 9020.49	100		    0.00	    0.00	58080.84	22153.39	0.000	0.000
431.00	19765.77	    0.00	80234.23	    0.00	80234.23	0.000	1.361	1.248	 9020.49	100		    0.00	    0.00	58080.84	22153.39	0.000	0.000
432.00	19765.77	    0.00	80234.23	    0.00	80234.23	0.000	1.361	1.248	 9020.49	100		    0.00	    0.00	58080.84	22153.39	0.000	0.000
433.00	19765.77	    0.00	80234.23	    0.00	80234.23	0.000	1.361	1.248	 9020.49	100		    0.00	    0.00	58080.84	22153.39	0.000	0.000
434.00	19765.77	    0.00	80234.23	    0.00	80234.23	0.000	1.361	1.248	 9020.49	100		    0.00	    0.00	58080.84	22153.39	0.000	0.000
435.00	19765.77	    0.00	80234.23	    0.00	80234.23	0.000	1.361	1.248	 9020.49	100		    0.00	    0.00	58080.84	22153.39	0.000	0.000
436.00	19765.77	    0.00	80234.23	    0.00	80234.23	0.000	1.361	1.248	 9020.49	100		    0.00	    0.00	58080.84	22153.39	0.000	0.000
437.00	19765.77	    0.00	80234.23	    0.00	80234.23	0.000	1.361	1.248	 9020.49	100		    0.00	    0.00	58080.84	22153.39	0.000	0.000
438.00	19765.77	    0.00	80234.23	    0.00	80234.23	0.000	1.361	1.248	 9020.49	100		    0.00	    0.00	58080.84	22153.39	0.000	0.000
439.00	19765.77	    0.00	80234.23	    0.00	80234.23	0.000	1.361	1.248	 9020.49	100		    0.00	    0.00	58080.84	22153.39	0.000	0.000
440.00	19765.77	    0.00	80234.23	    0.00	80234.23	0.000	1.361	1.248	 9020.49	100		    0.00	    0.00	58080.84	22153.39	0.000	0.000
441.00	19765.77	    0.00	80234.23	    0.00	80234.23	0.000	1.361	1.248	 9020.49	100		    0.00	    0.00	58080.84	22153.39	0.000	0.000
442.00	19765.77	    0.00	80234.23	    0.00	80234.23	0.000	1.361	1.248	 9020.49	100		    0.00	    0.00	58080.84	22153.39	0.000	0.000
443.00	19765.77	    0.00	80234.23	    0.00	80234.23	0.000	1.361	1.248	 9020.49	100		    0.00	    0.00	58080.84	22153.39	0.000	0.000
444.00	19765.77	    0.00	80234.23	    0.00	80234.23	0.000	1.361	1.248	 9020.49	100		    0.00	    0.00	58080.84	22153.39	0.000	0.000
445.00	19765.77	    0.00	80234.23	    0.00	80234.23	0.000	1.361	1.248	 9020.49	100		    0.00	    0.00	58080.84	22153.39	0.000	0.000
446.00	19765.77	    0.00	80234.23	    0.00	80234.23	0.000	1.361	1.248	 9020.49	100		    0.00	    0.00	58080.84	22153.39	0.000	0.000
447.00	19765.77	    0.00	80234.23	    0.00	80234.23	0.000	1.361	1.248	 9020.49	100		    0.00	    0.00	58080.84	22153.39	0.000	0.000
448.00	19765.77	    0.00	80234.23	    0.00	80234.23	0.000	1.361	1.248	 9020.49	100		    0.00	    0.00	58080.84	22153.39	0.000	0.000
449.00	19765.77	    0.00	80234.23	    0.00	80234.23	0.000	1.361	1.248	 9020.49	100		    0.00	    0.00	58080.84	22153.39	0.000	0.000
450.00	19765.77	    0.00	80234.23	    0.00	80234.23	0.000	1.361	1.248	 9020.49	100		    0.00	    0.00	58080.84	22153.39	0.000	0.000
451.00	19765.77	    0.00	80234.23	    0.00	80234.23	0.000	1.361	1.248	 9020.49	100		    0.00	    0.00	58080.84	22153.39	0.000	0.000
452.00	19765.77	    0.00	80234.23	    0.00	80234.23	0.000	1.361	1.248	 9020.49	100		    0.00	    0.00	58080.84	22153.39	0.000	0.000
453.00	19765.77	    0.00	80234.23	    0.00	80234.23	0.000	1.361	1.248	 9020.49	100		    0.00	    0.00	58080.84	22153.39	0.000	0.000
454.00	19765.77	    0.00	80234.23	    0.00	80234.23	0.000	1.361	1.248	 9020.49	100		    0.00	    0.00	58080.84	22153.39	0.000	0.000
455.00	19765.77	    0.00	80234.23	    0.00	80234.23	0.000	1.361	1.248	 9020.49	100		    0.00	    0.00	58080.84	22153.39	0.000	0.000
456.00	19765.77	    0.00	80234.23	    0.00	80234.23	0.000	1.361	1.248	 9020.49	100		    0.00	    0.00	58080.84	22153.39	0.000	0.000
457.00	19765.77	    0.00	80234.23	    0.00	80234.23	0.000	1.361	1.248	 9020.49	100		    0.00	    0.00	58080.84	22153.39	0.000	0.000
458.00	19765.77	    0.00	80234.23	    0.00	80234.23	0.000	1.361	1.248	 9020.49	100		    0.00	    0.00	58080.84	22153.39	0.000	0.000
459.00	19765.77	    0.00	80234.23	    0.00	80234.23	0.000	1.361	1.248	 9020.49	100		    0.00	    0.00	58080.84	22153.39	0.000	0.000
460.00	19765.77	    0.00	80234.23	    0.00	80234.23	0.000	1.361	1.248	 9020.49	100		    0.00	    0.00	58080.84	22153.39	0.000	0.000
461.00	19765.77	    0.00	80234.23	    0.00	80234.23	0.000	1.361	1.248	 9020.49	100		    0.00	    0.00	58080.84	22153.39	0.000	0.000
462.00	19765.77	    0.00	80234.23	    0.00	80234.23	0.000	1.361	1.248	 9020.49	100		    0.00	    0.00	58080.84	22153.39	0.000	0.000
463.00	19765.77	    0.00	80234.23	    0.00	80234.23	0.000	1.361	1.248	 9020.49	100		    0.00	    0.00	58080.84	22153.39	0.000	0.000
464.00	19765.77	    0.00	80234.23	    0.00	80234.23	0.000	1.361	1.248	 9020.49	100		    0.00	    0.00	58080.84	22153.39	0.000	0.000
465.00	19765.77	    0.00	80234.23	    0.00	80234.23	0.000	1.361	1.248	 9020.49	100		    0.00	    0.00	58080.84	22153.39	0.000	0.000
466.00	19765.77	    0.00	80234.23	    0.00	80234.23	0.000	1.361	1.248	 9020.49	100		    0.00	    0.00	58080.84	22153.39	0.000	0.000
467.00	19765.77	    0.00	80234.23	    0.00	80234.23	0.000	1.361	1.248	 9020.49	100		    0.00	    0.00	58080.84	22153.39	0.000	0.000
468.00	19765.77	    0.00	80234.23	    0.00	80234.23	0.000	1.361	1.248	 9020.49	100		    0.00	    0.00	58080.84	22153.39	0.000	0.000
469.00	19765.77	    0.00	80234.23	    0.00	80234.23	0.000	1.361	1.248	 9020.49	100		    0.00	    0.00	58080.84	22153.39	0.000	0.000
470.00	19765.77	    0.00	80234.23	    0.00	80234.23	0.000	1.361	1.248	 9020.49	100		    0.00	    0.00	58080.84	22153.39	0.000	0.000
471.00	19765.77	    0.00	80234.23	    0.00	80234.23	0.000	1.361	1.248	 9020.49	100		    0.00	    0.00	58080.84	22153.39	0.000	0.000
472.00	19765.77	    0.00	80234.23	    0.00	80234.23	0.000	1.361	1.248	 9020.49	100		    0.00	    0.00	58080.84	22153.39	0.000	0.000
473.00	19765.77	    0.00	80234.23	    0.00	80234.23	0.000	1.361	1.248	 9020.49	100		    0.00	    0.00	58080.84	22153.39	0.000	0.000
474.00	19765.77	    0.00	80234.23	    0.00	80234.23	0.000	1.361	1.248	 9020.49	100		    0.00	    0.00	58080.84	22153.39	0.000	0.000
475.00	19765.77	    0.00	80234.23	    0.00	80234.23	0.000	1.361	1.248	 9020.49	100		    0.00	    0.00	58080.84	22153.39	0.000	0.000
476.00	19765.77	    0.00	80234.23	    0.00	80234.23	0.000	1.361	1.248	 9020.49	100		    0.00	    0.00	58080.84	22153.39	0.000	0.000
477.00	19765.77	    0.00	80234.23	    0.00	80234.23	0.000	1.361	1.248	 9020.49	100		    0.00	    0.00	58080.84	22153.39	0.000	0.000
478.00	19765.77	    0.00	80234.23	    0.00	80234.23	0.000	1.361	1.248	 9020.49	100		    0.00	    0.00	58080.84	22153.39	0.000	0.000
479.00	19765.77	    0.00	80234.23	    0.00	80234.23	0.000	1.361	1.248	 9020.49	100		    0.00	    0.00	58080.84	22153.39	0.000	0.000
480.00	19765.77	    0.00	80234.23	    0.00	80234.23	0.000	1.361	1.248	 9020.49	100		    0.00	    0.00	58080.84	22153.39	0.000	0.000
481.00	19765.77	    0.00	80234.23	    0.00	80234.23	0.000	1.361	1.248	 9020.49	100		    0.00	    0.00	58080.84	22153.39	0.000	0.000
482.00	19765.77	    0.00	80234.23	    0.00	80234.23	0.000	1.361	1.248	 9020.49	100		    0.00	    0.00	58080.84	22153.39	0.000	0.000
483.00	19765.77	    0.00	80234.23	    0.00	80234.23	0.000	1.361	1.248	 9020.49	100		    0.00	    0.00	58080.84	22153.39	0.000	0.000
484.00	19765.77	    0.00	80234.23	    0.00	80234.23	0.000	1.361	1.248	 9020.49	100		    0.00	    0.00	58080.84	22153.39	0.000	0.000
485.00	19765.77	    0.00	80234.23	    0.00	80234.23	0.000	1.361	1.248	 9020.49	100		    0.00	    0.00	58080.84	22153.39	0.000	0.000
486.00	19765.77	    0.00	80234.23	    0.00	80234.23	0.000	1.361	1.248	 9020.49	100		    0.00	    0.00	58080.84	22153.39	0.000	0.000
487.00	19765.77	    0.00	80234.23	    0.00	80234.23	0.000	1.361	1.248	 9020.49	100		    0.00	    0.00	58080.84	22153.39	0.000	0.000
488.00	19765.77	    0.00	80234.23	    0.00	80234.23	0.000	1.361	1.248	 9020.49	100		    0.00	    0.00	58080.84	22153.39	0.000	0.000
489.00	19765.77	    0.00	80234.23	    0.00	80234.23	0.000	1.361	1.248	 9020.49	100		    0.00	    0.00	58080.84	22153.39	0.000	0.000
490.00	19765.77	    0.00	80234.23	    0.00	80234.23	0.000	1.361	1.248	 9020.49	100		    0.00	    0.00	58080.84	22153.39	0.000	0.000
491.00	19765.77	    0.00	80234.23	    0.00	80234.23	0.000	1.361	1.248	 9020.49	100		    0.00	    0.00	58080.84	22153.39	0.000	0.000
492.00	19765.77	    0.00	80234.23	    0.00	80234.23	0.000	1.361	1.248	 9020.49	100		    0.00	    0.00	58080.84	22153.39	0.000	0.000
493.00	19765.77	    0.00	80234.23	    0.00	80234.23	0.000	1.361	1.248	 9020.49	100		    0.00	    0.00	58080.84	22153.39	0.000	0.000
494.00	19765.77	    0.00	80234.23	    0.00	80234.23	0.000	1.361	1.248	 9020.49	100		    0.00	    0.00	58080.84	22153.39	0.000	0.000
495.00	19765.77	    0.00	80234.23	    0.00	80234.23	0.000	1.361	1.248	 9020.49	100		    0.00	    0.00	58080.84	22153.39	0.000	0.000
496.00	19765.77	    0.00	80234.23	    0.00	80234.23	0.000	1.361	1.248	 9020.49	100		    0.00	    0.00	58080.84	22153.39	0.000	0.000
497.00	19765.77	    0.00	80234.23	    0.00	80234.23	0.000	1.361	1.248	 9020.49	100		    0.00	    0.00	58080.84	22153.39	0.000	0.000
498.00	19765.77	    0.00	80234.23	    0.00	80234.23	0.000	1.361	1.248	 9020.49	100		    0.00	    0.00	58080.84	22153.39	0.000	0.000
499.00	19765.77	    0.00	80234.23	    0.00	80234.23	0.000	1.361	1.248	 9020.49	100		    0.00	    0.00	58080.84	22153.39	0.000	0.000
500.00	19765.77	    0.00	80234.23	    0.00	80234.23	0.000	1.361	1.248	 9020.49	100		    0.00	    0.00	58080.84	22153.39	0.000	0.000
