0.00	99950.00	   50.00	    0.00	    0.00	   50.00	0.000	1.964	1.964	    0.00	 16		    0.00	    0.00	   23.00	   27.00	0.000	0.000
1.00	99949.90	   50.10	    0.00	    0.10	   50.10	0.000	2.015	2.014	    0.05	 63		    0.10	    0.00	   23.10	   27.00	1.000	0.000
2.00	99946.70	   52.06	    1.24	    3.24	   53.30	0.921	2.032	2.032	    0.05	 97		    2.54	    0.70	   25.60	   27.70	0.783	0.217
3.00	99931.42	   63.28	    5.30	   15.38	   68.58	0.348	2.003	2.002	    0.10	100		   12.02	    3.36	   37.54	   31.04	0.782	0.218
4.00	99896.30	   90.65	   13.05	   35.12	  103.70	0.293	2.006	2.004	    0.20	100		   26.62	    8.50	   64.16	   39.54	0.758	0.242
5.00	99851.36	  119.93	   28.71	   44.94	  148.64	0.320	2.007	2.004	    0.32	100		   34.02	   10.92	   98.18	   50.46	0.757	0.243
6.00	99795.12	  153.22	   51.66	   56.24	  204.88	0.262	2.000	1.997	    0.56	100		   42.73	   13.51	  140.91	   63.97	0.760	0.240
7.00	99721.45	  196.67	   81.88	   73.67	  278.55	0.247	1.998	1.994	    1.06	100		   56.14	   17.53	  197.05	   81.50	0.762	0.238
8.00	99627.16	  253.21	  119.63	   94.29	  372.84	0.251	1.998	1.993	    1.82	100		   72.60	   21.69	  269.65	  103.19	0.770	0.230
9.00	99506.03	  326.62	  167.35	  121.13	  493.97	0.254	2.001	1.995	    2.92	100		   92.82	   28.31	  362.47	  131.50	0.766	0.234
10.00	99350.37	  419.56	  230.07	  155.66	  649.63	0.252	1.997	1.990	    4.63	100		  118.73	   36.93	  481.20	  168.43	0.763	0.237
11.00	99149.11	  539.48	  311.41	  201.26	  850.89	0.251	1.994	1.985	    7.69	100		  154.26	   47.00	  635.46	  215.43	0.766	0.234
12.00	98893.13	  690.92	  415.95	  255.98	 1106.87	0.249	1.991	1.979	   12.65	100		  196.72	   59.26	  832.18	  274.69	0.768	0.232
13.00	98561.74	  888.90	  549.36	  331.39	 1438.26	0.250	1.989	1.974	   21.39	100		  256.36	   75.03	 1088.54	  349.72	0.774	0.226
14.00	98140.43	 1138.61	  720.96	  421.31	 1859.57	0.250	1.984	1.965	   35.69	100		  323.35	   97.96	 1411.89	  447.68	0.767	0.233
15.00	97602.46	 1453.81	  943.73	  537.97	 2397.54	0.246	1.981	1.956	   57.88	100		  411.60	  126.37	 1823.49	  574.05	0.765	0.235
16.00	96918.90	 1854.16	 1226.94	  683.56	 3081.10	0.244	1.973	1.943	   92.89	100		  524.77	  158.79	 2348.26	  732.84	0.768	0.232
17.00	96052.56	 2356.07	 1591.37	  866.34	 3947.44	0.241	1.965	1.926	  150.72	100		  665.04	  201.30	 3013.30	  934.14	0.768	0.232
18.00	94959.19	 2983.90	 2056.91	 1093.37	 5040.81	0.238	1.954	1.907	  238.82	100		  839.46	  253.91	 3852.76	 1188.05	0.768	0.232
19.00	93583.11	 3762.12	 2654.77	 1376.08	 6416.89	0.234	1.939	1.881	  376.86	100		 1056.29	  319.79	 4909.05	 1507.84	0.768	0.232
20.00	91872.75	 4710.59	 3416.66	 1710.36	 8127.25	0.228	1.922	1.850	  583.71	100		 1313.95	  396.41	 6223.00	 1904.25	0.768	0.232
21.00	89770.58	 5844.05	 4385.37	 2102.17	10229.42	0.220	1.901	1.814	  886.55	100		 1610.49	  491.68	 7833.49	 2395.93	0.766	0.234
22.00	87213.34	 7174.27	 5612.39	 2557.24	12786.66	0.210	1.875	1.771	 1324.02	100		 1959.83	  597.41	 9793.32	 2993.34	0.766	0.234
23.00	84138.46	 8705.07	 7156.47	 3074.88	15861.54	0.199	1.844	1.722	 1931.87	100		 2365.27	  709.61	12158.59	 3702.95	0.769	0.231
24.00	80516.93	10395.08	 9087.99	 3621.53	19483.07	0.185	1.808	1.668	 2737.53	100		 2779.32	  842.21	14937.91	 4545.16	0.767	0.233
25.00	76345.38	12181.54	11473.08	 4171.55	23654.62	0.168	1.767	1.608	 3755.11	100		 3205.00	  966.55	18142.91	 5511.71	0.768	0.232
26.00	71642.07	13972.08	14385.85	 4703.31	28357.93	0.148	1.720	1.545	 4979.08	100		 3607.39	 1095.92	21750.30	 6607.63	0.767	0.233
27.00	66500.82	15607.89	17891.29	 5141.25	33499.18	0.124	1.669	1.480	 6361.12	100		 3954.22	 1187.03	25704.52	 7794.66	0.769	0.231
28.00	61084.31	16878.94	22036.75	 5416.51	38915.69	0.095	1.616	1.415	 7819.34	100		 4164.40	 1252.11	29868.92	 9046.77	0.769	0.231
29.00	55495.93	17713.69	26790.38	 5588.38	44504.07	0.063	1.560	1.352	 9267.30	100		 4304.93	 1283.45	34173.85	10330.22	0.770	0.230
30.00	50069.61	17798.67	32131.72	 5426.32	49930.39	0.027	1.507	1.295	10567.90	100		 4183.75	 1242.57	38357.60	11572.79	0.771	0.229
31.00	44919.04	17230.60	37850.36	 5150.57	55080.96	-0.014	1.456	1.244	11686.41	100		 3973.54	 1177.03	42331.14	12749.82	0.771	0.229
32.00	40225.38	16009.31	43765.31	 4693.66	59774.62	-0.053	1.410	1.200	12578.08	100		 3624.01	 1069.65	45955.15	13819.47	0.772	0.228
33.00	36111.22	14253.48	49635.30	 4114.16	63888.78	-0.095	1.369	1.162	13233.56	100		 3181.18	  932.98	49136.33	14752.45	0.773	0.227
34.00	32607.86	12225.98	55166.16	 3503.36	67392.14	-0.135	1.335	1.132	13689.69	100		 2711.13	  792.23	51847.46	15544.68	0.774	0.226
35.00	29710.82	10114.05	60175.13	 2897.04	70289.18	-0.172	1.306	1.107	13995.50	100		 2242.71	  654.33	54090.17	16199.01	0.774	0.226
36.00	27377.93	 8111.66	64510.41	 2332.89	72622.07	-0.205	1.283	1.088	14188.14	100		 1807.40	  525.49	55897.57	16724.50	0.775	0.225
37.00	25523.61	 6348.30	68128.09	 1854.32	74476.39	-0.233	1.265	1.073	14309.10	100		 1438.28	  416.04	57335.85	17140.54	0.776	0.224
38.00	24085.56	 4861.65	71052.79	 1438.05	75914.44	-0.256	1.250	1.061	14380.90	100		 1115.14	  322.91	58450.99	17463.45	0.775	0.225
39.00	22983.75	 3669.69	73346.56	 1101.81	77016.25	-0.274	1.239	1.052	14422.68	100		  856.01	  245.80	59307.00	17709.25	0.777	0.223
40.00	22141.78	 2752.33	75105.89	  841.97	77858.22	-0.284	1.231	1.046	14446.87	100		  652.56	  189.41	59959.56	17898.66	0.775	0.225
41.00	21502.10	 2048.75	76449.15	  639.68	78497.90	-0.291	1.225	1.040	14460.59	100		  496.39	  143.29	60455.95	18041.95	0.776	0.224
42.00	21026.44	 1508.29	77465.27	  475.66	78973.56	-0.301	1.220	1.037	14468.20	100		  371.17	  104.49	60827.12	18146.44	0.780	0.220
43.00	20667.97	 1117.87	78214.16	  358.47	79332.03	-0.303	1.216	1.034	14472.51	100		  277.09	   81.38	61104.21	18227.82	0.773	0.227
44.00	20401.65	  825.87	78772.48	  266.32	79598.35	-0.301	1.214	1.032	14475.21	100		  207.64	   58.68	61311.85	18286.50	0.780	0.220
45.00	20201.98	  611.99	79186.03	  199.67	79798.02	-0.301	1.212	1.030	14476.68	100		  155.86	   43.81	61467.71	18330.31	0.781	0.219
46.00	20052.39	  453.35	79494.26	  149.59	79947.61	-0.300	1.210	1.029	14477.54	100		  115.58	   34.01	61583.29	18364.32	0.773	0.227
47.00	19943.23	  333.52	79723.25	  109.16	80056.77	-0.304	1.209	1.028	14477.92	100		   84.26	   24.90	61667.55	18389.22	0.772	0.228
48.00	19861.38	  247.69	79890.93	   81.85	80138.62	-0.302	1.208	1.028	14478.19	100		   63.76	   18.09	61731.31	18407.31	0.779	0.221
49.00	19800.33	  184.21	80015.46	   61.05	80199.67	-0.297	1.208	1.027	14478.31	100		   46.99	   14.06	61778.30	18421.37	0.770	0.230
50.00	19754.99	  135.78	80109.23	   45.34	80245.01	-0.301	1.207	1.027	14478.37	100		   35.01	   10.33	61813.31	18431.70	0.772	0.228
51.00	19722.10	   99.60	80178.30	   32.89	80277.90	-0.307	1.207	1.027	14478.40	100		   25.20	    7.69	61838.51	18439.39	0.766	0.234
52.00	19697.10	   74.10	80228.80	   25.00	80302.90	-0.303	1.207	1.027	14478.46	100		   19.45	    5.55	61857.96	18444.94	0.778	0.222
53.00	19679.50	   53.59	80266.91	   17.60	80320.50	-0.310	1.207	1.026	14478.47	100		   13.86	    3.74	61871.82	18448.68	0.787	0.212
54.00	19665.83	   40.58	80293.59	   13.67	80334.17	-0.301	1.206	1.026	14478.50	100		   10.81	    2.86	61882.63	18451.54	0.791	0.209
55.00	19656.05	   29.43	80314.52	    9.78	80343.95	-0.300	1.206	1.026	14478.50	100		    7.65	    2.13	61890.28	18453.67	0.782	0.218
56.00	19648.60	   21.85	80329.55	    7.45	80351.40	-0.310	1.206	1.026	14478.50	100		    5.82	    1.63	61896.10	18455.30	0.781	0.219
57.00	19642.83	   16.53	80340.64	    5.77	80357.17	-0.288	1.206	1.026	14478.51	100		    4.58	    1.19	61900.68	18456.49	0.794	0.206
58.00	19639.00	   11.60	80349.40	    3.83	80361.00	-0.317	1.206	1.026	14478.51	100		    3.08	    0.75	61903.76	18457.24	0.804	0.196
59.00	19636.20	    8.60	80355.20	    2.80	80363.80	-0.327	1.206	1.026	14478.51	100		    2.18	    0.62	61905.94	18457.86	0.779	0.221
60.00	19633.72	    6.95	80359.33	    2.48	80366.28	-0.256	1.206	1.026	14478.51	100		    2.03	    0.45	61907.97	18458.31	0.819	0.181
61.00	19632.23	    4.76	80363.01	    1.49	80367.77	-0.296	1.206	1.026	14478.51	100		    1.10	    0.39	61909.07	18458.70	0.738	0.262
62.00	19630.89	    3.78	80365.33	    1.34	80369.11	-0.305	1.206	1.026	14478.51	100		    1.07	    0.27	61910.14	18458.97	0.799	0.201
63.00	19630.06	    2.56	80367.38	    0.83	80369.94	-0.310	1.206	1.026	14478.51	100		    0.61	    0.22	61910.75	18459.19	0.735	0.265
64.00	19629.42	    1.99	80368.59	    0.64	80370.58	-0.321	1.206	1.026	14478.51	100		    0.54	    0.10	61911.29	18459.29	0.844	0.156
65.00	19628.92	    1.53	80369.55	    0.50	80371.08	-0.257	1.206	1.026	14478.51	100		    0.38	    0.12	61911.67	18459.41	0.760	0.240
66.00	19628.40	    1.38	80370.22	    0.52	80371.60	-0.183	1.206	1.026	14478.51	100		    0.44	    0.08	61912.11	18459.49	0.846	0.154
67.00	19628.04	    1.02	80370.94	    0.36	80371.96	-0.203	1.206	1.026	14478.51	100		    0.27	    0.09	61912.38	18459.58	0.750	0.250
68.00	19627.84	    0.67	80371.49	    0.20	80372.16	-0.361	1.206	1.026	14478.51	100		    0.14	    0.06	61912.52	18459.64	0.700	0.300
69.00	19627.67	    0.55	80371.78	    0.17	80372.33	-0.309	1.206	1.026	14478.51	100		    0.15	    0.02	61912.67	18459.66	0.882	0.118
70.00	19627.48	    0.52	80372.00	    0.19	80372.52	-0.127	1.206	1.026	14478.51	100		    0.15	    0.04	61912.82	18459.70	0.789	0.211
71.00	19627.30	    0.43	80372.27	    0.18	80372.70	-0.123	1.206	1.026	14478.51	100		    0.14	    0.04	61912.96	18459.74	0.778	0.222
72.00	19627.26	    0.19	80372.55	    0.04	80372.74	-0.503	1.206	1.026	14478.51	100		    0.03	    0.01	61912.99	18459.75	0.750	0.250
73.00	19627.17	    0.21	80372.62	    0.09	80372.83	-0.358	1.206	1.026	14478.51	100		    0.06	    0.03	61913.05	18459.78	0.667	0.333
74.00	19627.12	    0.13	80372.75	    0.05	80372.88	-0.190	1.206	1.026	14478.51	100		    0.05	    0.00	61913.10	18459.78	1.000	0.000
75.00	19627.11	    0.04	80372.85	    0.01	80372.89	-0.829	1.206	1.026	14478.51	100		    0.01	    0.00	61913.11	18459.78	1.000	0.000
76.00	19627.09	    0.04	80372.87	    0.02	80372.91	-0.589	1.206	1.026	14478.51	100		    0.02	    0.00	61913.13	18459.78	1.000	0.000
77.00	19627.09	    0.00	80372.91	    0.00	80372.91	-0.693	1.206	1.026	14478.51	100		    0.00	    0.00	61913.13	18459.78	0.000	0.000
78.00	19627.09	    0.00	80372.91	    0.00	80372.91	-0.693	1.206	1.026	14478.51	100		    0.00	    0.00	61913.13	18459.78	0.000	0.000
79.00	19627.09	    0.00	80372.91	    0.00	80372.91	0.000	1.206	1.026	14478.51	100		    0.00	    0.00	61913.13	18459.78	0.000	0.000
80.00	19627.09	    0.00	80372.91	    0.00	80372.91	0.000	1.206	1.026	14478.51	100		    0.00	    0.00	61913.13	18459.78	0.000	0.000
81.00	19627.09	    0.00	80372.91	    0.00	80372.91	0.000	1.206	1.026	14478.51	100		    0.00	    0.00	61913.13	18459.78	0.000	0.000
82.00	19627.09	    0.00	80372.91	    0.00	80372.91	0.000	1.206	1.026	14478.51	100		    0.00	    0.00	61913.13	18459.78	0.000	0.000
83.00	19627.09	    0.00	80372.91	    0.00	80372.91	0.000	1.206	1.026	14478.51	100		    0.00	    0.00	61913.13	18459.78	0.000	0.000
84.00	19627.09	    0.00	80372.91	    0.00	80372.91	0.000	1.206	1.026	14478.51	100		    0.00	    0.00	61913.13	18459.78	0.000	0.000
85.00	19627.09	    0.00	80372.91	    0.00	80372.91	0.000	1.206	1.026	14478.51	100		    0.00	    0.00	61913.13	18459.78	0.000	0.000
86.00	19627.09	    0.00	80372.91	    0.00	80372.91	0.000	1.206	1.026	14478.51	100		    0.00	    0.00	61913.13	18459.78	0.000	0.000
87.00	19627.09	    0.00	80372.91	    0.00	80372.91	0.000	1.206	1.026	14478.51	100		    0.00	    0.00	61913.13	18459.78	0.000	0.000
88.00	19627.09	    0.00	80372.91	    0.00	80372.91	0.000	1.206	1.026	14478.51	100		    0.00	    0.00	61913.13	18459.78	0.000	0.000
89.00	19627.09	    0.00	80372.91	    0.00	80372.91	0.000	1.206	1.026	14478.51	100		    0.00	    0.00	61913.13	18459.78	0.000	0.000
90.00	19627.09	    0.00	80372.91	    0.00	80372.91	0.000	1.206	1.026	14478.51	100		    0.00	    0.00	61913.13	18459.78	0.000	0.000
91.00	19627.09	    0.00	80372.91	    0.00	80372.91	0.000	1.206	1.026	14478.51	100		    0.00	    0.00	61913.13	18459.78	0.000	0.000
92.00	19627.09	    0.00	80372.91	    0.00	80372.91	0.000	1.206	1.026	14478.51	100		    0.00	    0.00	61913.13	18459.78	0.000	0.000
93.00	19627.09	    0.00	80372.91	    0.00	80372.91	0.000	1.206	1.026	14478.51	100		    0.00	    0.00	61913.13	18459.78	0.000	0.000
94.00	19627.09	    0.00	80372.91	    0.00	80372.91	0.000	1.206	1.026	14478.51	100		    0.00	    0.00	61913.13	18459.78	0.000	0.000
95.00	19627.09	    0.00	80372.91	    0.00	80372.91	0.000	1.206	1.026	14478.51	100		    0.00	    0.00	61913.13	18459.78	0.000	0.000
96.00	19627.09	    0.00	80372.91	    0.00	80372.91	0.000	1.206	1.026	14478.51	100		    0.00	    0.00	61913.13	18459.78	0.000	0.000
97.00	19627.09	    0.00	80372.91	    0.00	80372.91	0.000	1.206	1.026	14478.51	100		    0.00	    0.00	61913.13	18459.78	0.000	0.000
98.00	19627.09	    0.00	80372.91	    0.00	80372.91	0.000	1.206	1.026	14478.51	100		    0.00	    0.00	61913.13	18459.78	0.000	0.000
99.00	19627.09	    0.00	80372.91	    0.00	80372.91	0.000	1.206	1.026	14478.51	100		    0.00	    0.00	61913.13	18459.78	0.000	0.000
100.00	19627.09	    0.00	80372.91	    0.00	80372.91	0.000	1.206	1.026	14478.51	100		    0.00	    0.00	61913.13	18459.78	0.000	0.000
101.00	19627.09	    0.00	80372.91	    0.00	80372.91	0.000	1.206	1.026	14478.51	100		    0.00	    0.00	61913.13	18459.78	0.000	0.000
102.00	19627.09	    0.00	80372.91	    0.00	80372.91	0.000	1.206	1.026	14478.51	100		    0.00	    0.00	61913.13	18459.78	0.000	0.000
103.00	19627.09	    0.00	80372.91	    0.00	80372.91	0.000	1.206	1.026	14478.51	100		    0.00	    0.00	61913.13	18459.78	0.000	0.000
104.00	19627.09	    0.00	80372.91	    0.00	80372.91	0.000	1.206	1.026	14478.51	100		    0.00	    0.00	61913.13	18459.78	0.000	0.000
105.00	19627.09	    0.00	80372.91	    0.00	80372.91	0.000	1.206	1.026	14478.51	100		    0.00	    0.00	61913.13	18459.78	0.000	0.000
106.00	19627.09	    0.00	80372.91	    0.00	80372.91	0.000	1.206	1.026	14478.51	100		    0.00	    0.00	61913.13	18459.78	0.000	0.000
107.00	19627.09	    0.00	80372.91	    0.00	80372.91	0.000	1.206	1.026	14478.51	100		    0.00	    0.00	61913.13	18459.78	0.000	0.000
108.00	19627.09	    0.00	80372.91	    0.00	80372.91	0.000	1.206	1.026	14478.51	100		    0.00	    0.00	61913.13	18459.78	0.000	0.000
109.00	19627.09	    0.00	80372.91	    0.00	80372.91	0.000	1.206	1.026	14478.51	100		    0.00	    0.00	61913.13	18459.78	0.000	0.000
110.00	19627.09	    0.00	80372.91	    0.00	80372.91	0.000	1.206	1.026	14478.51	100		    0.00	    0.00	61913.13	18459.78	0.000	0.000
111.00	19627.09	    0.00	80372.91	    0.00	80372.91	0.000	1.206	1.026	14478.51	100		    0.00	    0.00	61913.13	18459.78	0.000	0.000
112.00	19627.09	    0.00	80372.91	    0.00	80372.91	0.000	1.206	1.026	14478.51	100		    0.00	    0.00	61913.13	18459.78	0.000	0.000
113.00	19627.09	    0.00	80372.91	    0.00	80372.91	0.000	1.206	1.026	14478.51	100		    0.00	    0.00	61913.13	18459.78	0.000	0.000
114.00	19627.09	    0.00	80372.91	    0.00	80372.91	0.000	1.206	1.026	14478.51	100		    0.00	    0.00	61913.13	18459.78	0.000	0.000
115.00	19627.09	    0.00	80372.91	    0.00	80372.91	0.000	1.206	1.026	14478.51	100		    0.00	    0.00	61913.13	18459.78	0.000	0.000
116.00	19627.09	    0.00	80372.91	    0.00	80372.91	0.000	1.206	1.026	14478.51	100		    0.00	    0.00	61913.13	18459.78	0.000	0.000
117.00	19627.09	    0.00	80372.91	    0.00	80372.91	0.000	1.206	1.026	14478.51	100		    0.00	    0.00	61913.13	18459.78	0.000	0.000
118.00	19627.09	    0.00	80372.91	    0.00	80372.91	0.000	1.206	1.026	14478.51	100		    0.00	    0.00	61913.13	18459.78	0.000	0.000
119.00	19627.09	    0.00	80372.91	    0.00	80372.91	0.000	1.206	1.026	14478.51	100		    0.00	    0.00	61913.13	18459.78	0.000	0.000
120.00	19627.09	    0.00	80372.91	    0.00	80372.91	0.000	1.206	1.026	14478.51	100		    0.00	    0.00	61913.13	18459.78	0.000	0.000
121.00	19627.09	    0.00	80372.91	    0.00	80372.91	0.000	1.206	1.026	14478.51	100		    0.00	    0.00	61913.13	18459.78	0.000	0.000
122.00	19627.09	    0.00	80372.91	    0.00	80372.91	0.000	1.206	1.026	14478.51	100		    0.00	    0.00	61913.13	18459.78	0.000	0.000
123.00	19627.09	    0.00	80372.91	    0.00	80372.91	0.000	1.206	1.026	14478.51	100		    0.00	    0.00	61913.13	18459.78	0.000	0.000
124.00	19627.09	    0.00	80372.91	    0.00	80372.91	0.000	1.206	1.026	14478.51	100		    0.00	    0.00	61913.13	18459.78	0.000	0.000
125.00	19627.09	    0.00	80372.91	    0.00	80372.91	0.000	1.206	1.026	14478.51	100		    0.00	    0.00	61913.13	18459.78	0.000	0.000
126.00	19627.09	    0.00	80372.91	    0.00	80372.91	0.000	1.206	1.026	14478.51	100		    0.00	    0.00	61913.13	18459.78	0.000	0.000
127.00	19627.09	    0.00	80372.91	    0.00	80372.91	0.000	1.206	1.026	14478.51	100		    0.00	    0.00	61913.13	18459.78	0.000	0.000
128.00	19627.09	    0.00	80372.91	    0.00	80372.91	0.000	1.206	1.026	14478.51	100		    0.00	    0.00	61913.13	18459.78	0.000	0.000
129.00	19627.09	    0.00	80372.91	    0.00	80372.91	0.000	1.206	1.026	14478.51	100		    0.00	    0.00	61913.13	18459.78	0.000	0.000
130.00	19627.09	    0.00	80372.91	    0.00	80372.91	0.000	1.206	1.026	14478.51	100		    0.00	    0.00	61913.13	18459.78	0.000	0.000
131.00	19627.09	    0.00	80372.91	    0.00	80372.91	0.000	1.206	1.026	14478.51	100		    0.00	    0.00	61913.13	18459.78	0.000	0.000
132.00	19627.09	    0.00	80372.91	    0.00	80372.91	0.000	1.206	1.026	14478.51	100		    0.00	    0.00	61913.13	18459.78	0.000	0.000
133.00	19627.09	    0.00	80372.91	    0.00	80372.91	0.000	1.206	1.026	14478.51	100		    0.00	    0.00	61913.13	18459.78	0.000	0.000
134.00	19627.09	    0.00	80372.91	    0.00	80372.91	0.000	1.206	1.026	14478.51	100		    0.00	    0.00	61913.13	18459.78	0.000	0.000
135.00	19627.09	    0.00	80372.91	    0.00	80372.91	0.000	1.206	1.026	14478.51	100		    0.00	    0.00	61913.13	18459.78	0.000	0.000
136.00	19627.09	    0.00	80372.91	    0.00	80372.91	0.000	1.206	1.026	14478.51	100		    0.00	    0.00	61913.13	18459.78	0.000	0.000
137.00	19627.09	    0.00	80372.91	    0.00	80372.91	0.000	1.206	1.026	14478.51	100		    0.00	    0.00	61913.13	18459.78	0.000	0.000
138.00	19627.09	    0.00	80372.91	    0.00	80372.91	0.000	1.206	1.026	14478.51	100		    0.00	    0.00	61913.13	18459.78	0.000	0.000
139.00	19627.09	    0.00	80372.91	    0.00	80372.91	0.000	1.206	1.026	14478.51	100		    0.00	    0.00	61913.13	18459.78	0.000	0.000
140.00	19627.09	    0.00	80372.91	    0.00	80372.91	0.000	1.206	1.026	14478.51	100		    0.00	    0.00	61913.13	18459.78	0.000	0.000
141.00	19627.09	    0.00	80372.91	    0.00	80372.91	0.000	1.206	1.026	14478.51	100		    0.00	    0.00	61913.13	18459.78	0.000	0.000
142.00	19627.09	    0.00	80372.91	    0.00	80372.91	0.000	1.206	1.026	14478.51	100		    0.00	    0.00	61913.13	18459.78	0.000	0.000
143.00	19627.09	    0.00	80372.91	    0.00	80372.91	0.000	1.206	1.026	14478.51	100		    0.00	    0.00	61913.13	18459.78	0.000	0.000
144.00	19627.09	    0.00	80372.91	    0.00	80372.91	0.000	1.206	1.026	14478.51	100		    0.00	    0.00	61913.13	18459.78	0.000	0.000
145.00	19627.09	    0.00	80372.91	    0.00	80372.91	0.000	1.206	1.026	14478.51	100		    0.00	    0.00	61913.13	18459.78	0.000	0.000
146.00	19627.09	    0.00	80372.91	    0.00	80372.91	0.000	1.206	1.026	14478.51	100		    0.00	    0.00	61913.13	18459.78	0.000	0.000
147.00	19627.09	    0.00	80372.91	    0.00	80372.91	0.000	1.206	1.026	14478.51	100		    0.00	    0.00	61913.13	18459.78	0.000	0.000
148.00	19627.09	    0.00	80372.91	    0.00	80372.91	0.000	1.206	1.026	14478.51	100		    0.00	    0.00	61913.13	18459.78	0.000	0.000
149.00	19627.09	    0.00	80372.91	    0.00	80372.91	0.000	1.206	1.026	14478.51	100		    0.00	    0.00	61913.13	18459.78	0.000	0.000
150.00	19627.09	    0.00	80372.91	    0.00	80372.91	0.000	1.206	1.026	14478.51	100		    0.00	    0.00	61913.13	18459.78	0.000	0.000
151.00	19627.09	    0.00	80372.91	    0.00	80372.91	0.000	1.206	1.026	14478.51	100		    0.00	    0.00	61913.13	18459.78	0.000	0.000
152.00	19627.09	    0.00	80372.91	    0.00	80372.91	0.000	1.206	1.026	14478.51	100		    0.00	    0.00	61913.13	18459.78	0.000	0.000
153.00	19627.09	    0.00	80372.91	    0.00	80372.91	0.000	1.206	1.026	14478.51	100		    0.00	    0.00	61913.13	18459.78	0.000	0.000
154.00	19627.09	    0.00	80372.91	    0.00	80372.91	0.000	1.206	1.026	14478.51	100		    0.00	    0.00	61913.13	18459.78	0.000	0.000
155.00	19627.09	    0.00	80372.91	    0.00	80372.91	0.000	1.206	1.026	14478.51	100		    0.00	    0.00	61913.13	18459.78	0.000	0.000
156.00	19627.09	    0.00	80372.91	    0.00	80372.91	0.000	1.206	1.026	14478.51	100		    0.00	    0.00	61913.13	18459.78	0.000	0.000
157.00	19627.09	    0.00	80372.91	    0.00	80372.91	0.000	1.206	1.026	14478.51	100		    0.00	    0.00	61913.13	18459.78	0.000	0.000
158.00	19627.09	    0.00	80372.91	    0.00	80372.91	0.000	1.206	1.026	14478.51	100		    0.00	    0.00	61913.13	18459.78	0.000	0.000
159.00	19627.09	    0.00	80372.91	    0.00	80372.91	0.000	1.206	1.026	14478.51	100		    0.00	    0.00	61913.13	18459.78	0.000	0.000
160.00	19627.09	    0.00	80372.91	    0.00	80372.91	0.000	1.206	1.026	14478.51	100		    0.00	    0.00	61913.13	18459.78	0.000	0.000
161.00	19627.09	    0.00	80372.91	    0.00	80372.91	0.000	1.206	1.026	14478.51	100		    0.00	    0.00	61913.13	18459.78	0.000	0.000
162.00	19627.09	    0.00	80372.91	    0.00	80372.91	0.000	1.206	1.026	14478.51	100		    0.00	    0.00	61913.13	18459.78	0.000	0.000
163.00	19627.09	    0.00	80372.91	    0.00	80372.91	0.000	1.206	1.026	14478.51	100		    0.00	    0.00	61913.13	18459.78	0.000	0.000
164.00	19627.09	    0.00	80372.91	    0.00	80372.91	0.000	1.206	1.026	14478.51	100		    0.00	    0.00	61913.13	18459.78	0.000	0.000
165.00	19627.09	    0.00	80372.91	    0.00	80372.91	0.000	1.206	1.026	14478.51	100		    0.00	    0.00	61913.13	18459.78	0.000	0.000
166.00	19627.09	    0.00	80372.91	    0.00	80372.91	0.000	1.206	1.026	14478.51	100		    0.00	    0.00	61913.13	18459.78	0.000	0.000
167.00	19627.09	    0.00	80372.91	    0.00	80372.91	0.000	1.206	1.026	14478.51	100		    0.00	    0.00	61913.13	18459.78	0.000	0.000
168.00	19627.09	    0.00	80372.91	    0.00	80372.91	0.000	1.206	1.026	14478.51	100		    0.00	    0.00	61913.13	18459.78	0.000	0.000
169.00	19627.09	    0.00	80372.91	    0.00	80372.91	0.000	1.206	1.026	14478.51	100		    0.00	    0.00	61913.13	18459.78	0.000	0.000
170.00	19627.09	    0.00	80372.91	    0.00	80372.91	0.000	1.206	1.026	14478.51	100		    0.00	    0.00	61913.13	18459.78	0.000	0.000
171.00	19627.09	    0.00	80372.91	    0.00	80372.91	0.000	1.206	1.026	14478.51	100		    0.00	    0.00	61913.13	18459.78	0.000	0.000
172.00	19627.09	    0.00	80372.91	    0.00	80372.91	0.000	1.206	1.026	14478.51	100		    0.00	    0.00	61913.13	18459.78	0.000	0.000
173.00	19627.09	    0.00	80372.91	    0.00	80372.91	0.000	1.206	1.026	14478.51	100		    0.00	    0.00	61913.13	18459.78	0.000	0.000
174.00	19627.09	    0.00	80372.91	    0.00	80372.91	0.000	1.206	1.026	14478.51	100		    0.00	    0.00	61913.13	18459.78	0.000	0.000
175.00	19627.09	    0.00	80372.91	    0.00	80372.91	0.000	1.206	1.026	14478.51	100		    0.00	    0.00	61913.13	18459.78	0.000	0.000
176.00	19627.09	    0.00	80372.91	    0.00	80372.91	0.000	1.206	1.026	14478.51	100		    0.00	    0.00	61913.13	18459.78	0.000	0.000
177.00	19627.09	    0.00	80372.91	    0.00	80372.91	0.000	1.206	1.026	14478.51	100		    0.00	    0.00	61913.13	18459.78	0.000	0.000
178.00	19627.09	    0.00	80372.91	    0.00	80372.91	0.000	1.206	1.026	14478.51	100		    0.00	    0.00	61913.13	18459.78	0.000	0.000
179.00	19627.09	    0.00	80372.91	    0.00	80372.91	0.000	1.206	1.026	14478.51	100		    0.00	    0.00	61913.13	18459.78	0.000	0.000
180.00	19627.09	    0.00	80372.91	    0.00	80372.91	0.000	1.206	1.026	14478.51	100		    0.00	    0.00	61913.13	18459.78	0.000	0.000
181.00	19627.09	    0.00	80372.91	    0.00	80372.91	0.000	1.206	1.026	14478.51	100		    0.00	    0.00	61913.13	18459.78	0.000	0.000
182.00	19627.09	    0.00	80372.91	    0.00	80372.91	0.000	1.206	1.026	14478.51	100		    0.00	    0.00	61913.13	18459.78	0.000	0.000
183.00	19627.09	    0.00	80372.91	    0.00	80372.91	0.000	1.206	1.026	14478.51	100		    0.00	    0.00	61913.13	18459.78	0.000	0.000
184.00	19627.09	    0.00	80372.91	    0.00	80372.91	0.000	1.206	1.026	14478.51	100		    0.00	    0.00	61913.13	18459.78	0.000	0.000
185.00	19627.09	    0.00	80372.91	    0.00	80372.91	0.000	1.206	1.026	14478.51	100		    0.00	    0.00	61913.13	18459.78	0.000	0.000
186.00	19627.09	    0.00	80372.91	    0.00	80372.91	0.000	1.206	1.026	14478.51	100		    0.00	    0.00	61913.13	18459.78	0.000	0.000
187.00	19627.09	    0.00	80372.91	    0.00	80372.91	0.000	1.206	1.026	14478.51	100		    0.00	    0.00	61913.13	18459.78	0.000	0.000
188.00	19627.09	    0.00	80372.91	    0.00	80372.91	0.000	1.206	1.026	14478.51	100		    0.00	    0.00	61913.13	18459.78	0.000	0.000
189.00	19627.09	    0.00	80372.91	    0.00	80372.91	0.000	1.206	1.026	14478.51	100		    0.00	    0.00	61913.13	18459.78	0.000	0.000
190.00	19627.09	    0.00	80372.91	    0.00	80372.91	0.000	1.206	1.026	14478.51	100		    0.00	    0.00	61913.13	18459.78	0.000	0.000
191.00	19627.09	    0.00	80372.91	    0.00	80372.91	0.000	1.206	1.026	14478.51	100		    0.00	    0.00	61913.13	18459.78	0.000	0.000
192.00	19627.09	    0.00	80372.91	    0.00	80372.91	0.000	1.206	1.026	14478.51	100		    0.00	    0.00	61913.13	18459.78	0.000	0.000
193.00	19627.09	    0.00	80372.91	    0.00	80372.91	0.000	1.206	1.026	14478.51	100		    0.00	    0.00	61913.13	18459.78	0.000	0.000
194.00	19627.09	    0.00	80372.91	    0.00	80372.91	0.000	1.206	1.026	14478.51	100		    0.00	    0.00	61913.13	18459.78	0.000	0.000
195.00	19627.09	    0.00	80372.91	    0.00	80372.91	0.000	1.206	1.026	14478.51	100		    0.00	    0.00	61913.13	18459.78	0.000	0.000
196.00	19627.09	    0.00	80372.91	    0.00	80372.91	0.000	1.206	1.026	14478.51	100		    0.00	    0.00	61913.13	18459.78	0.000	0.000
197.00	19627.09	    0.00	80372.91	    0.00	80372.91	0.000	1.206	1.026	14478.51	100		    0.00	    0.00	61913.13	18459.78	0.000	0.000
198.00	19627.09	    0.00	80372.91	    0.00	80372.91	0.000	1.206	1.026	14478.51	100		    0.00	    0.00	61913.13	18459.78	0.000	0.000
199.00	19627.09	    0.00	80372.91	    0.00	80372.91	0.000	1.206	1.026	14478.51	100		    0.00	    0.00	61913.13	18459.78	0.000	0.000
200.00	19627.09	    0.00	80372.91	    0.00	80372.91	0.000	1.206	1.026	14478.51	100		    0.00	    0.00	61913.13	18459.78	0.000	0.000
201.00	19627.09	    0.00	80372.91	    0.00	80372.91	0.000	1.206	1.026	14478.51	100		    0.00	    0.00	61913.13	18459.78	0.000	0.000
202.00	19627.09	    0.00	80372.91	    0.00	80372.91	0.000	1.206	1.026	14478.51	100		    0.00	    0.00	61913.13	18459.78	0.000	0.000
203.00	19627.09	    0.00	80372.91	    0.00	80372.91	0.000	1.206	1.026	14478.51	100		    0.00	    0.00	61913.13	18459.78	0.000	0.000
204.00	19627.09	    0.00	80372.91	    0.00	80372.91	0.000	1.206	1.026	14478.51	100		    0.00	    0.00	61913.13	18459.78	0.000	0.000
205.00	19627.09	    0.00	80372.91	    0.00	80372.91	0.000	1.206	1.026	14478.51	100		    0.00	    0.00	61913.13	18459.78	0.000	0.000
206.00	19627.09	    0.00	80372.91	    0.00	80372.91	0.000	1.206	1.026	14478.51	100		    0.00	    0.00	61913.13	18459.78	0.000	0.000
207.00	19627.09	    0.00	80372.91	    0.00	80372.91	0.000	1.206	1.026	14478.51	100		    0.00	    0.00	61913.13	18459.78	0.000	0.000
208.00	19627.09	    0.00	80372.91	    0.00	80372.91	0.000	1.206	1.026	14478.51	100		    0.00	    0.00	61913.13	18459.78	0.000	0.000
209.00	19627.09	    0.00	80372.91	    0.00	80372.91	0.000	1.206	1.026	14478.51	100		    0.00	    0.00	61913.13	18459.78	0.000	0.000
210.00	19627.09	    0.00	80372.91	    0.00	80372.91	0.000	1.206	1.026	14478.51	100		    0.00	    0.00	61913.13	18459.78	0.000	0.000
211.00	19627.09	    0.00	80372.91	    0.00	80372.91	0.000	1.206	1.026	14478.51	100		    0.00	    0.00	61913.13	18459.78	0.000	0.000
212.00	19627.09	    0.00	80372.91	    0.00	80372.91	0.000	1.206	1.026	14478.51	100		    0.00	    0.00	61913.13	18459.78	0.000	0.000
213.00	19627.09	    0.00	80372.91	    0.00	80372.91	0.000	1.206	1.026	14478.51	100		    0.00	    0.00	61913.13	18459.78	0.000	0.000
214.00	19627.09	    0.00	80372.91	    0.00	80372.91	0.000	1.206	1.026	14478.51	100		    0.00	    0.00	61913.13	18459.78	0.000	0.000
215.00	19627.09	    0.00	80372.91	    0.00	80372.91	0.000	1.206	1.026	14478.51	100		    0.00	    0.00	61913.13	18459.78	0.000	0.000
216.00	19627.09	    0.00	80372.91	    0.00	80372.91	0.000	1.206	1.026	14478.51	100		    0.00	    0.00	61913.13	18459.78	0.000	0.000
217.00	19627.09	    0.00	80372.91	    0.00	80372.91	0.000	1.206	1.026	14478.51	100		    0.00	    0.00	61913.13	18459.78	0.000	0.000
218.00	19627.09	    0.00	80372.91	    0.00	80372.91	0.000	1.206	1.026	14478.51	100		    0.00	    0.00	61913.13	18459.78	0.000	0.000
219.00	19627.09	    0.00	80372.91	    0.00	80372.91	0.000	1.206	1.026	14478.51	100		    0.00	    0.00	61913.13	18459.78	0.000	0.000
220.00	19627.09	    0.00	80372.91	    0.00	80372.91	0.000	1.206	1.026	14478.51	100		    0.00	    0.00	61913.13	18459.78	0.000	0.000
221.00	19627.09	    0.00	80372.91	    0.00	80372.91	0.000	1.206	1.026	14478.51	100		    0.00	    0.00	61913.13	18459.78	0.000	0.000
222.00	19627.09	    0.00	80372.91	    0.00	80372.91	0.000	1.206	1.026	14478.51	100		    0.00	    0.00	61913.13	18459.78	0.000	0.000
223.00	19627.09	    0.00	80372.91	    0.00	80372.91	0.000	1.206	1.026	14478.51	100		    0.00	    0.00	61913.13	18459.78	0.000	0.000
224.00	19627.09	    0.00	80372.91	    0.00	80372.91	0.000	1.206	1.026	14478.51	100		    0.00	    0.00	61913.13	18459.78	0.000	0.000
225.00	19627.09	    0.00	80372.91	    0.00	80372.91	0.000	1.206	1.026	14478.51	100		    0.00	    0.00	61913.13	18459.78	0.000	0.000
226.00	19627.09	    0.00	80372.91	    0.00	80372.91	0.000	1.206	1.026	14478.51	100		    0.00	    0.00	61913.13	18459.78	0.000	0.000
227.00	19627.09	    0.00	80372.91	    0.00	80372.91	0.000	1.206	1.026	14478.51	100		    0.00	    0.00	61913.13	18459.78	0.000	0.000
228.00	19627.09	    0.00	80372.91	    0.00	80372.91	0.000	1.206	1.026	14478.51	100		    0.00	    0.00	61913.13	18459.78	0.000	0.000
229.00	19627.09	    0.00	80372.91	    0.00	80372.91	0.000	1.206	1.026	14478.51	100		    0.00	    0.00	61913.13	18459.78	0.000	0.000
230.00	19627.09	    0.00	80372.91	    0.00	80372.91	0.000	1.206	1.026	14478.51	100		    0.00	    0.00	61913.13	18459.78	0.000	0.000
231.00	19627.09	    0.00	80372.91	    0.00	80372.91	0.000	1.206	1.026	14478.51	100		    0.00	    0.00	61913.13	18459.78	0.000	0.000
232.00	19627.09	    0.00	80372.91	    0.00	80372.91	0.000	1.206	1.026	14478.51	100		    0.00	    0.00	61913.13	18459.78	0.000	0.000
233.00	19627.09	    0.00	80372.91	    0.00	80372.91	0.000	1.206	1.026	14478.51	100		    0.00	    0.00	61913.13	18459.78	0.000	0.000
234.00	19627.09	    0.00	80372.91	    0.00	80372.91	0.000	1.206	1.026	14478.51	100		    0.00	    0.00	61913.13	18459.78	0.000	0.000
235.00	19627.09	    0.00	80372.91	    0.00	80372.91	0.000	1.206	1.026	14478.51	100		    0.00	    0.00	61913.13	18459.78	0.000	0.000
236.00	19627.09	    0.00	80372.91	    0.00	80372.91	0.000	1.206	1.026	14478.51	100		    0.00	    0.00	61913.13	18459.78	0.000	0.000
237.00	19627.09	    0.00	80372.91	    0.00	80372.91	0.000	1.206	1.026	14478.51	100		    0.00	    0.00	61913.13	18459.78	0.000	0.000
238.00	19627.09	    0.00	80372.91	    0.00	80372.91	0.000	1.206	1.026	14478.51	100		    0.00	    0.00	61913.13	18459.78	0.000	0.000
239.00	19627.09	    0.00	80372.91	    0.00	80372.91	0.000	1.206	1.026	14478.51	100		    0.00	    0.00	61913.13	18459.78	0.000	0.000
240.00	19627.09	    0.00	80372.91	    0.00	80372.91	0.000	1.206	1.026	14478.51	100		    0.00	    0.00	61913.13	18459.78	0.000	0.000
241.00	19627.09	    0.00	80372.91	    0.00	80372.91	0.000	1.206	1.026	14478.51	100		    0.00	    0.00	61913.13	18459.78	0.000	0.000
242.00	19627.09	    0.00	80372.91	    0.00	80372.91	0.000	1.206	1.026	14478.51	100		    0.00	    0.00	61913.13	18459.78	0.000	0.000
243.00	19627.09	    0.00	80372.91	    0.00	80372.91	0.000	1.206	1.026	14478.51	100		    0.00	    0.00	61913.13	18459.78	0.000	0.000
244.00	19627.09	    0.00	80372.91	    0.00	80372.91	0.000	1.206	1.026	14478.51	100		    0.00	    0.00	61913.13	18459.78	0.000	0.000
245.00	19627.09	    0.00	80372.91	    0.00	80372.91	0.000	1.206	1.026	14478.51	100		    0.00	    0.00	61913.13	18459.78	0.000	0.000
246.00	19627.09	    0.00	80372.91	    0.00	80372.91	0.000	1.206	1.026	14478.51	100		    0.00	    0.00	61913.13	18459.78	0.000	0.000
247.00	19627.09	    0.00	80372.91	    0.00	80372.91	0.000	1.206	1.026	14478.51	100		    0.00	    0.00	61913.13	18459.78	0.000	0.000
248.00	19627.09	    0.00	80372.91	    0.00	80372.91	0.000	1.206	1.026	14478.51	100		    0.00	    0.00	61913.13	18459.78	0.000	0.000
249.00	19627.09	    0.00	80372.91	    0.00	80372.91	0.000	1.206	1.026	14478.51	100		    0.00	    0.00	61913.13	18459.78	0.000	0.000
250.00	19627.09	    0.00	80372.91	    0.00	80372.91	0.000	1.206	1.026	14478.51	100		    0.00	    0.00	61913.13	18459.78	0.000	0.000
251.00	19627.09	    0.00	80372.91	    0.00	80372.91	0.000	1.206	1.026	14478.51	100		    0.00	    0.00	61913.13	18459.78	0.000	0.000
252.00	19627.09	    0.00	80372.91	    0.00	80372.91	0.000	1.206	1.026	14478.51	100		    0.00	    0.00	61913.13	18459.78	0.000	0.000
253.00	19627.09	    0.00	80372.91	    0.00	80372.91	0.000	1.206	1.026	14478.51	100		    0.00	    0.00	61913.13	18459.78	0.000	0.000
254.00	19627.09	    0.00	80372.91	    0.00	80372.91	0.000	1.206	1.026	14478.51	100		    0.00	    0.00	61913.13	18459.78	0.000	0.000
255.00	19627.09	    0.00	80372.91	    0.00	80372.91	0.000	1.206	1.026	14478.51	100		    0.00	    0.00	61913.13	18459.78	0.000	0.000
256.00	19627.09	    0.00	80372.91	    0.00	80372.91	0.000	1.206	1.026	14478.51	100		    0.00	    0.00	61913.13	18459.78	0.000	0.000
257.00	19627.09	    0.00	80372.91	    0.00	80372.91	0.000	1.206	1.026	14478.51	100		    0.00	    0.00	61913.13	18459.78	0.000	0.000
258.00	19627.09	    0.00	80372.91	    0.00	80372.91	0.000	1.206	1.026	14478.51	100		    0.00	    0.00	61913.13	18459.78	0.000	0.000
259.00	19627.09	    0.00	80372.91	    0.00	80372.91	0.000	1.206	1.026	14478.51	100		    0.00	    0.00	61913.13	18459.78	0.000	0.000
260.00	19627.09	    0.00	80372.91	    0.00	80372.91	0.000	1.206	1.026	14478.51	100		    0.00	    0.00	61913.13	18459.78	0.000	0.000
261.00	19627.09	    0.00	80372.91	    0.00	80372.91	0.000	1.206	1.026	14478.51	100		    0.00	    0.00	61913.13	18459.78	0.000	0.000
262.00	19627.09	    0.00	80372.91	    0.00	80372.91	0.000	1.206	1.026	14478.51	100		    0.00	    0.00	61913.13	18459.78	0.000	0.000
263.00	19627.09	    0.00	80372.91	    0.00	80372.91	0.000	1.206	1.026	14478.51	100		    0.00	    0.00	61913.13	18459.78	0.000	0.000
264.00	19627.09	    0.00	80372.91	    0.00	80372.91	0.000	1.206	1.026	14478.51	100		    0.00	    0.00	61913.13	18459.78	0.000	0.000
265.00	19627.09	    0.00	80372.91	    0.00	80372.91	0.000	1.206	1.026	14478.51	100		    0.00	    0.00	61913.13	18459.78	0.000	0.000
266.00	19627.09	    0.00	80372.91	    0.00	80372.91	0.000	1.206	1.026	14478.51	100		    0.00	    0.00	61913.13	18459.78	0.000	0.000
267.00	19627.09	    0.00	80372.91	    0.00	80372.91	0.000	1.206	1.026	14478.51	100		    0.00	    0.00	61913.13	18459.78	0.000	0.000
268.00	19627.09	    0.00	80372.91	    0.00	80372.91	0.000	1.206	1.026	14478.51	100		    0.00	    0.00	61913.13	18459.78	0.000	0.000
269.00	19627.09	    0.00	80372.91	    0.00	80372.91	0.000	1.206	1.026	14478.51	100		    0.00	    0.00	61913.13	18459.78	0.000	0.000
270.00	19627.09	    0.00	80372.91	    0.00	80372.91	0.000	1.206	1.026	14478.51	100		    0.00	    0.00	61913.13	18459.78	0.000	0.000
271.00	19627.09	    0.00	80372.91	    0.00	80372.91	0.000	1.206	1.026	14478.51	100		    0.00	    0.00	61913.13	18459.78	0.000	0.000
272.00	19627.09	    0.00	80372.91	    0.00	80372.91	0.000	1.206	1.026	14478.51	100		    0.00	    0.00	61913.13	18459.78	0.000	0.000
273.00	19627.09	    0.00	80372.91	    0.00	80372.91	0.000	1.206	1.026	14478.51	100		    0.00	    0.00	61913.13	18459.78	0.000	0.000
274.00	19627.09	    0.00	80372.91	    0.00	80372.91	0.000	1.206	1.026	14478.51	100		    0.00	    0.00	61913.13	18459.78	0.000	0.000
275.00	19627.09	    0.00	80372.91	    0.00	80372.91	0.000	1.206	1.026	14478.51	100		    0.00	    0.00	61913.13	18459.78	0.000	0.000
276.00	19627.09	    0.00	80372.91	    0.00	80372.91	0.000	1.206	1.026	14478.51	100		    0.00	    0.00	61913.13	18459.78	0.000	0.000
277.00	19627.09	    0.00	80372.91	    0.00	80372.91	0.000	1.206	1.026	14478.51	100		    0.00	    0.00	61913.13	18459.78	0.000	0.000
278.00	19627.09	    0.00	80372.91	    0.00	80372.91	0.000	1.206	1.026	14478.51	100		    0.00	    0.00	61913.13	18459.78	0.000	0.000
279.00	19627.09	    0.00	80372.91	    0.00	80372.91	0.000	1.206	1.026	14478.51	100		    0.00	    0.00	61913.13	18459.78	0.000	0.000
280.00	19627.09	    0.00	80372.91	    0.00	80372.91	0.000	1.206	1.026	14478.51	100		    0.00	    0.00	61913.13	18459.78	0.000	0.000
281.00	19627.09	    0.00	80372.91	    0.00	80372.91	0.000	1.206	1.026	14478.51	100		    0.00	    0.00	61913.13	18459.78	0.000	0.000
282.00	19627.09	    0.00	80372.91	    0.00	80372.91	0.000	1.206	1.026	14478.51	100		    0.00	    0.00	61913.13	18459.78	0.000	0.000
283.00	19627.09	    0.00	80372.91	    0.00	80372.91	0.000	1.206	1.026	14478.51	100		    0.00	    0.00	61913.13	18459.78	0.000	0.000
284.00	19627.09	    0.00	80372.91	    0.00	80372.91	0.000	1.206	1.026	14478.51	100		    0.00	    0.00	61913.13	18459.78	0.000	0.000
285.00	19627.09	    0.00	80372.91	    0.00	80372.91	0.000	1.206	1.026	14478.51	100		    0.00	    0.00	61913.13	18459.78	0.000	0.000
286.00	19627.09	    0.00	80372.91	    0.00	80372.91	0.000	1.206	1.026	14478.51	100		    0.00	    0.00	61913.13	18459.78	0.000	0.000
287.00	19627.09	    0.00	80372.91	    0.00	80372.91	0.000	1.206	1.026	14478.51	100		    0.00	    0.00	61913.13	18459.78	0.000	0.000
288.00	19627.09	    0.00	80372.91	    0.00	80372.91	0.000	1.206	1.026	14478.51	100		    0.00	    0.00	61913.13	18459.78	0.000	0.000
289.00	19627.09	    0.00	80372.91	    0.00	80372.91	0.000	1.206	1.026	14478.51	100		    0.00	    0.00	61913.13	18459.78	0.000	0.000
290.00	19627.09	    0.00	80372.91	    0.00	80372.91	0.000	1.206	1.026	14478.51	100		    0.00	    0.00	61913.13	18459.78	0.000	0.000
291.00	19627.09	    0.00	80372.91	    0.00	80372.91	0.000	1.206	1.026	14478.51	100		    0.00	    0.00	61913.13	18459.78	0.000	0.000
292.00	19627.09	    0.00	80372.91	    0.00	80372.91	0.000	1.206	1.026	14478.51	100		    0.00	    0.00	61913.13	18459.78	0.000	0.000
293.00	19627.09	    0.00	80372.91	    0.00	80372.91	0.000	1.206	1.026	14478.51	100		    0.00	    0.00	61913.13	18459.78	0.000	0.000
294.00	19627.09	    0.00	80372.91	    0.00	80372.91	0.000	1.206	1.026	14478.51	100		    0.00	    0.00	61913.13	18459.78	0.000	0.000
295.00	19627.09	    0.00	80372.91	    0.00	80372.91	0.000	1.206	1.026	14478.51	100		    0.00	    0.00	61913.13	18459.78	0.000	0.000
296.00	19627.09	    0.00	80372.91	    0.00	80372.91	0.000	1.206	1.026	14478.51	100		    0.00	    0.00	61913.13	18459.78	0.000	0.000
297.00	19627.09	    0.00	80372.91	    0.00	80372.91	0.000	1.206	1.026	14478.51	100		    0.00	    0.00	61913.13	18459.78	0.000	0.000
298.00	19627.09	    0.00	80372.91	    0.00	80372.91	0.000	1.206	1.026	14478.51	100		    0.00	    0.00	61913.13	18459.78	0.000	0.000
299.00	19627.09	    0.00	80372.91	    0.00	80372.91	0.000	1.206	1.026	14478.51	100		    0.00	    0.00	61913.13	18459.78	0.000	0.000
300.00	19627.09	    0.00	80372.91	    0.00	80372.91	0.000	1.206	1.026	14478.51	100		    0.00	    0.00	61913.13	18459.78	0.000	0.000
301.00	19627.09	    0.00	80372.91	    0.00	80372.91	0.000	1.206	1.026	14478.51	100		    0.00	    0.00	61913.13	18459.78	0.000	0.000
302.00	19627.09	    0.00	80372.91	    0.00	80372.91	0.000	1.206	1.026	14478.51	100		    0.00	    0.00	61913.13	18459.78	0.000	0.000
303.00	19627.09	    0.00	80372.91	    0.00	80372.91	0.000	1.206	1.026	14478.51	100		    0.00	    0.00	61913.13	18459.78	0.000	0.000
304.00	19627.09	    0.00	80372.91	    0.00	80372.91	0.000	1.206	1.026	14478.51	100		    0.00	    0.00	61913.13	18459.78	0.000	0.000
305.00	19627.09	    0.00	80372.91	    0.00	80372.91	0.000	1.206	1.026	14478.51	100		    0.00	    0.00	61913.13	18459.78	0.000	0.000
306.00	19627.09	    0.00	80372.91	    0.00	80372.91	0.000	1.206	1.026	14478.51	100		    0.00	    0.00	61913.13	18459.78	0.000	0.000
307.00	19627.09	    0.00	80372.91	    0.00	80372.91	0.000	1.206	1.026	14478.51	100		    0.00	    0.00	61913.13	18459.78	0.000	0.000
308.00	19627.09	    0.00	80372.91	    0.00	80372.91	0.000	1.206	1.026	14478.51	100		    0.00	    0.00	61913.13	18459.78	0.000	0.000
309.00	19627.09	    0.00	80372.91	    0.00	80372.91	0.000	1.206	1.026	14478.51	100		    0.00	    0.00	61913.13	18459.78	0.000	0.000
310.00	19627.09	    0.00	80372.91	    0.00	80372.91	0.000	1.206	1.026	14478.51	100		    0.00	    0.00	61913.13	18459.78	0.000	0.000
311.00	19627.09	    0.00	80372.91	    0.00	80372.91	0.000	1.206	1.026	14478.51	100		    0.00	    0.00	61913.13	18459.78	0.000	0.000
312.00	19627.09	    0.00	80372.91	    0.00	80372.91	0.000	1.206	1.026	14478.51	100		    0.00	    0.00	61913.13	18459.78	0.000	0.000
313.00	19627.09	    0.00	80372.91	    0.00	80372.91	0.000	1.206	1.026	14478.51	100		    0.00	    0.00	61913.13	18459.78	0.000	0.000
314.00	19627.09	    0.00	80372.91	    0.00	80372.91	0.000	1.206	1.026	14478.51	100		    0.00	    0.00	61913.13	18459.78	0.000	0.000
315.00	19627.09	    0.00	80372.91	    0.00	80372.91	0.000	1.206	1.026	14478.51	100		    0.00	    0.00	61913.13	18459.78	0.000	0.000
316.00	19627.09	    0.00	80372.91	    0.00	80372.91	0.000	1.206	1.026	14478.51	100		    0.00	    0.00	61913.13	18459.78	0.000	0.000
317.00	19627.09	    0.00	80372.91	    0.00	80372.91	0.000	1.206	1.026	14478.51	100		    0.00	    0.00	61913.13	18459.78	0.000	0.000
318.00	19627.09	    0.00	80372.91	    0.00	80372.91	0.000	1.206	1.026	14478.51	100		    0.00	    0.00	61913.13	18459.78	0.000	0.000
319.00	19627.09	    0.00	80372.91	    0.00	80372.91	0.000	1.206	1.026	14478.51	100		    0.00	    0.00	61913.13	18459.78	0.000	0.000
320.00	19627.09	    0.00	80372.91	    0.00	80372.91	0.000	1.206	1.026	14478.51	100		    0.00	    0.00	61913.13	18459.78	0.000	0.000
321.00	19627.09	    0.00	80372.91	    0.00	80372.91	0.000	1.206	1.026	14478.51	100		    0.00	    0.00	61913.13	18459.78	0.000	0.000
322.00	19627.09	    0.00	80372.91	    0.00	80372.91	0.000	1.206	1.026	14478.51	100		    0.00	    0.00	61913.13	18459.78	0.000	0.000
323.00	19627.09	    0.00	80372.91	    0.00	80372.91	0.000	1.206	1.026	14478.51	100		    0.00	    0.00	61913.13	18459.78	0.000	0.000
324.00	19627.09	    0.00	80372.91	    0.00	80372.91	0.000	1.206	1.026	14478.51	100		    0.00	    0.00	61913.13	18459.78	0.000	0.000
325.00	19627.09	    0.00	80372.91	    0.00	80372.91	0.000	1.206	1.026	14478.51	100		    0.00	    0.00	61913.13	18459.78	0.000	0.000
326.00	19627.09	    0.00	80372.91	    0.00	80372.91	0.000	1.206	1.026	14478.51	100		    0.00	    0.00	61913.13	18459.78	0.000	0.000
327.00	19627.09	    0.00	80372.91	    0.00	80372.91	0.000	1.206	1.026	14478.51	100		    0.00	    0.00	61913.13	18459.78	0.000	0.000
328.00	19627.09	    0.00	80372.91	    0.00	80372.91	0.000	1.206	1.026	14478.51	100		    0.00	    0.00	61913.13	18459.78	0.000	0.000
329.00	19627.09	    0.00	80372.91	    0.00	80372.91	0.000	1.206	1.026	14478.51	100		    0.00	    0.00	61913.13	18459.78	0.000	0.000
330.00	19627.09	    0.00	80372.91	    0.00	80372.91	0.000	1.206	1.026	14478.51	100		    0.00	    0.00	61913.13	18459.78	0.000	0.000
331.00	19627.09	    0.00	80372.91	    0.00	80372.91	0.000	1.206	1.026	14478.51	100		    0.00	    0.00	61913.13	18459.78	0.000	0.000
332.00	19627.09	    0.00	80372.91	    0.00	80372.91	0.000	1.206	1.026	14478.51	100		    0.00	    0.00	61913.13	18459.78	0.000	0.000
333.00	19627.09	    0.00	80372.91	    0.00	80372.91	0.000	1.206	1.026	14478.51	100		    0.00	    0.00	61913.13	18459.78	0.000	0.000
334.00	19627.09	    0.00	80372.91	    0.00	80372.91	0.000	1.206	1.026	14478.51	100		    0.00	    0.00	61913.13	18459.78	0.000	0.000
335.00	19627.09	    0.00	80372.91	    0.00	80372.91	0.000	1.206	1.026	14478.51	100		    0.00	    0.00	61913.13	18459.78	0.000	0.000
336.00	19627.09	    0.00	80372.91	    0.00	80372.91	0.000	1.206	1.026	14478.51	100		    0.00	    0.00	61913.13	18459.78	0.000	0.000
337.00	19627.09	    0.00	80372.91	    0.00	80372.91	0.000	1.206	1.026	14478.51	100		    0.00	    0.00	61913.13	18459.78	0.000	0.000
338.00	19627.09	    0.00	80372.91	    0.00	80372.91	0.000	1.206	1.026	14478.51	100		    0.00	    0.00	61913.13	18459.78	0.000	0.000
339.00	19627.09	    0.00	80372.91	    0.00	80372.91	0.000	1.206	1.026	14478.51	100		    0.00	    0.00	61913.13	18459.78	0.000	0.000
340.00	19627.09	    0.00	80372.91	    0.00	80372.91	0.000	1.206	1.026	14478.51	100		    0.00	    0.00	61913.13	18459.78	0.000	0.000
341.00	19627.09	    0.00	80372.91	    0.00	80372.91	0.000	1.206	1.026	14478.51	100		    0.00	    0.00	61913.13	18459.78	0.000	0.000
342.00	19627.09	    0.00	80372.91	    0.00	80372.91	0.000	1.206	1.026	14478.51	100		    0.00	    0.00	61913.13	18459.78	0.000	0.000
343.00	19627.09	    0.00	80372.91	    0.00	80372.91	0.000	1.206	1.026	14478.51	100		    0.00	    0.00	61913.13	18459.78	0.000	0.000
344.00	19627.09	    0.00	80372.91	    0.00	80372.91	0.000	1.206	1.026	14478.51	100		    0.00	    0.00	61913.13	18459.78	0.000	0.000
345.00	19627.09	    0.00	80372.91	    0.00	80372.91	0.000	1.206	1.026	14478.51	100		    0.00	    0.00	61913.13	18459.78	0.000	0.000
346.00	19627.09	    0.00	80372.91	    0.00	80372.91	0.000	1.206	1.026	14478.51	100		    0.00	    0.00	61913.13	18459.78	0.000	0.000
347.00	19627.09	    0.00	80372.91	    0.00	80372.91	0.000	1.206	1.026	14478.51	100		    0.00	    0.00	61913.13	18459.78	0.000	0.000
348.00	19627.09	    0.00	80372.91	    0.00	80372.91	0.000	1.206	1.026	14478.51	100		    0.00	    0.00	61913.13	18459.78	0.000	0.000
349.00	19627.09	    0.00	80372.91	    0.00	80372.91	0.000	1.206	1.026	14478.51	100		    0.00	    0.00	61913.13	18459.78	0.000	0.000
350.00	19627.09	    0.00	80372.91	    0.00	80372.91	0.000	1.206	1.026	14478.51	100		    0.00	    0.00	61913.13	18459.78	0.000	0.000
351.00	19627.09	    0.00	80372.91	    0.00	80372.91	0.000	1.206	1.026	14478.51	100		    0.00	    0.00	61913.13	18459.78	0.000	0.000
352.00	19627.09	    0.00	80372.91	    0.00	80372.91	0.000	1.206	1.026	14478.51	100		    0.00	    0.00	61913.13	18459.78	0.000	0.000
353.00	19627.09	    0.00	80372.91	    0.00	80372.91	0.000	1.206	1.026	14478.51	100		    0.00	    0.00	61913.13	18459.78	0.000	0.000
354.00	19627.09	    0.00	80372.91	    0.00	80372.91	0.000	1.206	1.026	14478.51	100		    0.00	    0.00	61913.13	18459.78	0.000	0.000
355.00	19627.09	    0.00	80372.91	    0.00	80372.91	0.000	1.206	1.026	14478.51	100		    0.00	    0.00	61913.13	18459.78	0.000	0.000
356.00	19627.09	    0.00	80372.91	    0.00	80372.91	0.000	1.206	1.026	14478.51	100		    0.00	    0.00	61913.13	18459.78	0.000	0.000
357.00	19627.09	    0.00	80372.91	    0.00	80372.91	0.000	1.206	1.026	14478.51	100		    0.00	    0.00	61913.13	18459.78	0.000	0.000
358.00	19627.09	    0.00	80372.91	    0.00	80372.91	0.000	1.206	1.026	14478.51	100		    0.00	    0.00	61913.13	18459.78	0.000	0.000
359.00	19627.09	    0.00	80372.91	    0.00	80372.91	0.000	1.206	1.026	14478.51	100		    0.00	    0.00	61913.13	18459.78	0.000	0.000
360.00	19627.09	    0.00	80372.91	    0.00	80372.91	0.000	1.206	1.026	14478.51	100		    0.00	    0.00	61913.13	18459.78	0.000	0.000
361.00	19627.09	    0.00	80372.91	    0.00	80372.91	0.000	1.206	1.026	14478.51	100		    0.00	    0.00	61913.13	18459.78	0.000	0.000
362.00	19627.09	    0.00	80372.91	    0.00	80372.91	0.000	1.206	1.026	14478.51	100		    0.00	    0.00	61913.13	18459.78	0.000	0.000
363.00	19627.09	    0.00	80372.91	    0.00	80372.91	0.000	1.206	1.026	14478.51	100		    0.00	    0.00	61913.13	18459.78	0.000	0.000
364.00	19627.09	    0.00	80372.91	    0.00	80372.91	0.000	1.206	1.026	14478.51	100		    0.00	    0.00	61913.13	18459.78	0.000	0.000
365.00	19627.09	    0.00	80372.91	    0.00	80372.91	0.000	1.206	1.026	14478.51	100		    0.00	    0.00	61913.13	18459.78	0.000	0.000
366.00	19627.09	    0.00	80372.91	    0.00	80372.91	0.000	1.206	1.026	14478.51	100		    0.00	    0.00	61913.13	18459.78	0.000	0.000
367.00	19627.09	    0.00	80372.91	    0.00	80372.91	0.000	1.206	1.026	14478.51	100		    0.00	    0.00	61913.13	18459.78	0.000	0.000
368.00	19627.09	    0.00	80372.91	    0.00	80372.91	0.000	1.206	1.026	14478.51	100		    0.00	    0.00	61913.13	18459.78	0.000	0.000
369.00	19627.09	    0.00	80372.91	    0.00	80372.91	0.000	1.206	1.026	14478.51	100		    0.00	    0.00	61913.13	18459.78	0.000	0.000
370.00	19627.09	    0.00	80372.91	    0.00	80372.91	0.000	1.206	1.026	14478.51	100		    0.00	    0.00	61913.13	18459.78	0.000	0.000
371.00	19627.09	    0.00	80372.91	    0.00	80372.91	0.000	1.206	1.026	14478.51	100		    0.00	    0.00	61913.13	18459.78	0.000	0.000
372.00	19627.09	    0.00	80372.91	    0.00	80372.91	0.000	1.206	1.026	14478.51	100		    0.00	    0.00	61913.13	18459.78	0.000	0.000
373.00	19627.09	    0.00	80372.91	    0.00	80372.91	0.000	1.206	1.026	14478.51	100		    0.00	    0.00	61913.13	18459.78	0.000	0.000
374.00	19627.09	    0.00	80372.91	    0.00	80372.91	0.000	1.206	1.026	14478.51	100		    0.00	    0.00	61913.13	18459.78	0.000	0.000
375.00	19627.09	    0.00	80372.91	    0.00	80372.91	0.000	1.206	1.026	14478.51	100		    0.00	    0.00	61913.13	18459.78	0.000	0.000
376.00	19627.09	    0.00	80372.91	    0.00	80372.91	0.000	1.206	1.026	14478.51	100		    0.00	    0.00	61913.13	18459.78	0.000	0.000
377.00	19627.09	    0.00	80372.91	    0.00	80372.91	0.000	1.206	1.026	14478.51	100		    0.00	    0.00	61913.13	18459.78	0.000	0.000
378.00	19627.09	    0.00	80372.91	    0.00	80372.91	0.000	1.206	1.026	14478.51	100		    0.00	    0.00	61913.13	18459.78	0.000	0.000
379.00	19627.09	    0.00	80372.91	    0.00	80372.91	0.000	1.206	1.026	14478.51	100		    0.00	    0.00	61913.13	18459.78	0.000	0.000
380.00	19627.09	    0.00	80372.91	    0.00	80372.91	0.000	1.206	1.026	14478.51	100		    0.00	    0.00	61913.13	18459.78	0.000	0.000
381.00	19627.09	    0.00	80372.91	    0.00	80372.91	0.000	1.206	1.026	14478.51	100		    0.00	    0.00	61913.13	18459.78	0.000	0.000
382.00	19627.09	    0.00	80372.91	    0.00	80372.91	0.000	1.206	1.026	14478.51	100		    0.00	    0.00	61913.13	18459.78	0.000	0.000
383.00	19627.09	    0.00	80372.91	    0.00	80372.91	0.000	1.206	1.026	14478.51	100		    0.00	    0.00	61913.13	18459.78	0.000	0.000
384.00	19627.09	    0.00	80372.91	    0.00	80372.91	0.000	1.206	1.026	14478.51	100		    0.00	    0.00	61913.13	18459.78	0.000	0.000
385.00	19627.09	    0.00	80372.91	    0.00	80372.91	0.000	1.206	1.026	14478.51	100		    0.00	    0.00	61913.13	18459.78	0.000	0.000
386.00	19627.09	    0.00	80372.91	    0.00	80372.91	0.000	1.206	1.026	14478.51	100		    0.00	    0.00	61913.13	18459.78	0.000	0.000
387.00	19627.09	    0.00	80372.91	    0.00	80372.91	0.000	1.206	1.026	14478.51	100		    0.00	    0.00	61913.13	18459.78	0.000	0.000
388.00	19627.09	    0.00	80372.91	    0.00	80372.91	0.000	1.206	1.026	14478.51	100		    0.00	    0.00	61913.13	18459.78	0.000	0.000
389.00	19627.09	    0.00	80372.91	    0.00	80372.91	0.000	1.206	1.026	14478.51	100		    0.00	    0.00	61913.13	18459.78	0.000	0.000
390.00	19627.09	    0.00	80372.91	    0.00	80372.91	0.000	1.206	1.026	14478.51	100		    0.00	    0.00	61913.13	18459.78	0.000	0.000
391.00	19627.09	    0.00	80372.91	    0.00	80372.91	0.000	1.206	1.026	14478.51	100		    0.00	    0.00	61913.13	18459.78	0.000	0.000
392.00	19627.09	    0.00	80372.91	    0.00	80372.91	0.000	1.206	1.026	14478.51	100		    0.00	    0.00	61913.13	18459.78	0.000	0.000
393.00	19627.09	    0.00	80372.91	    0.00	80372.91	0.000	1.206	1.026	14478.51	100		    0.00	    0.00	61913.13	18459.78	0.000	0.000
394.00	19627.09	    0.00	80372.91	    0.00	80372.91	0.000	1.206	1.026	14478.51	100		    0.00	    0.00	61913.13	18459.78	0.000	0.000
395.00	19627.09	    0.00	80372.91	    0.00	80372.91	0.000	1.206	1.026	14478.51	100		    0.00	    0.00	61913.13	18459.78	0.000	0.000
396.00	19627.09	    0.00	80372.91	    0.00	80372.91	0.000	1.206	1.026	14478.51	100		    0.00	    0.00	61913.13	18459.78	0.000	0.000
397.00	19627.09	    0.00	80372.91	    0.00	80372.91	0.000	1.206	1.026	14478.51	100		    0.00	    0.00	61913.13	18459.78	0.000	0.000
398.00	19627.09	    0.00	80372.91	    0.00	80372.91	0.000	1.206	1.026	14478.51	100		    0.00	    0.00	61913.13	18459.78	0.000	0.000
399.00	19627.09	    0.00	80372.91	    0.00	80372.91	0.000	1.206	1.026	14478.51	100		    0.00	    0.00	61913.13	18459.78	0.000	0.000
400.00	19627.09	    0.00	80372.91	    0.00	80372.91	0.000	1.206	1.026	14478.51	100		    0.00	    0.00	61913.13	18459.78	0.000	0.000
401.00	19627.09	    0.00	80372.91	    0.00	80372.91	0.000	1.206	1.026	14478.51	100		    0.00	    0.00	61913.13	18459.78	0.000	0.000
402.00	19627.09	    0.00	80372.91	    0.00	80372.91	0.000	1.206	1.026	14478.51	100		    0.00	    0.00	61913.13	18459.78	0.000	0.000
403.00	19627.09	    0.00	80372.91	    0.00	80372.91	0.000	1.206	1.026	14478.51	100		    0.00	    0.00	61913.13	18459.78	0.000	0.000
404.00	19627.09	    0.00	80372.91	    0.00	80372.91	0.000	1.206	1.026	14478.51	100		    0.00	    0.00	61913.13	18459.78	0.000	0.000
405.00	19627.09	    0.00	80372.91	    0.00	80372.91	0.000	1.206	1.026	14478.51	100		    0.00	    0.00	61913.13	18459.78	0.000	0.000
406.00	19627.09	    0.00	80372.91	    0.00	80372.91	0.000	1.206	1.026	14478.51	100		    0.00	    0.00	61913.13	18459.78	0.000	0.000
407.00	19627.09	    0.00	80372.91	    0.00	80372.91	0.000	1.206	1.026	14478.51	100		    0.00	    0.00	61913.13	18459.78	0.000	0.000
408.00	19627.09	    0.00	80372.91	    0.00	80372.91	0.000	1.206	1.026	14478.51	100		    0.00	    0.00	61913.13	18459.78	0.000	0.000
409.00	19627.09	    0.00	80372.91	    0.00	80372.91	0.000	1.206	1.026	14478.51	100		    0.00	    0.00	61913.13	18459.78	0.000	0.000
410.00	19627.09	    0.00	80372.91	    0.00	80372.91	0.000	1.206	1.026	14478.51	100		    0.00	    0.00	61913.13	18459.78	0.000	0.000
411.00	19627.09	    0.00	80372.91	    0.00	80372.91	0.000	1.206	1.026	14478.51	100		    0.00	    0.00	61913.13	18459.78	0.000	0.000
412.00	19627.09	    0.00	80372.91	    0.00	80372.91	0.000	1.206	1.026	14478.51	100		    0.00	    0.00	61913.13	18459.78	0.000	0.000
413.00	19627.09	    0.00	80372.91	    0.00	80372.91	0.000	1.206	1.026	14478.51	100		    0.00	    0.00	61913.13	18459.78	0.000	0.000
414.00	19627.09	    0.00	80372.91	    0.00	80372.91	0.000	1.206	1.026	14478.51	100		    0.00	    0.00	61913.13	18459.78	0.000	0.000
415.00	19627.09	    0.00	80372.91	    0.00	80372.91	0.000	1.206	1.026	14478.51	100		    0.00	    0.00	61913.13	18459.78	0.000	0.000
416.00	19627.09	    0.00	80372.91	    0.00	80372.91	0.000	1.206	1.026	14478.51	100		    0.00	    0.00	61913.13	18459.78	0.000	0.000
417.00	19627.09	    0.00	80372.91	    0.00	80372.91	0.000	1.206	1.026	14478.51	100		    0.00	    0.00	61913.13	18459.78	0.000	0.000
418.00	19627.09	    0.00	80372.91	    0.00	80372.91	0.000	1.206	1.026	14478.51	100		    0.00	    0.00	61913.13	18459.78	0.000	0.000
419.00	19627.09	    0.00	80372.91	    0.00	80372.91	0.000	1.206	1.026	14478.51	100		    0.00	    0.00	61913.13	18459.78	0.000	0.000
420.00	19627.09	    0.00	80372.91	    0.00	80372.91	0.000	1.206	1.026	14478.51	100		    0.00	    0.00	61913.13	18459.78	0.000	0.000
421.00	19627.09	    0.00	80372.91	    0.00	80372.91	0.000	1.206	1.026	14478.51	100		    0.00	    0.00	61913.13	18459.78	0.000	0.000
422.00	19627.09	    0.00	80372.91	    0.00	80372.91	0.000	1.206	1.026	14478.51	100		    0.00	    0.00	61913.13	18459.78	0.000	0.000
423.00	19627.09	    0.00	80372.91	    0.00	80372.91	0.000	1.206	1.026	14478.51	100		    0.00	    0.00	61913.13	18459.78	0.000	0.000
424.00	19627.09	    0.00	80372.91	    0.00	80372.91	0.000	1.206	1.026	14478.51	100		    0.00	    0.00	61913.13	18459.78	0.000	0.000
425.00	19627.09	    0.00	80372.91	    0.00	80372.91	0.000	1.206	1.026	14478.51	100		    0.00	    0.00	61913.13	18459.78	0.000	0.000
426.00	19627.09	    0.00	80372.91	    0.00	80372.91	0.000	1.206	1.026	14478.51	100		    0.00	    0.00	61913.13	18459.78	0.000	0.000
427.00	19627.09	    0.00	80372.91	    0.00	80372.91	0.000	1.206	1.026	14478.51	100		    0.00	    0.00	61913.13	18459.78	0.000	0.000
428.00	19627.09	    0.00	80372.91	    0.00	80372.91	0.000	1.206	1.026	14478.51	100		    0.00	    0.00	61913.13	18459.78	0.000	0.000
429.00	19627.09	    0.00	80372.91	    0.00	80372.91	0.000	1.206	1.026	14478.51	100		    0.00	    0.00	61913.13	18459.78	0.000	0.000
430.00	19627.09	    0.00	80372.91	    0.00	80372.91	0.000	1.206	1.026	14478.51	100		    0.00	    0.00	61913.13	18459.78	0.000	0.000
431.00	19627.09	    0.00	80372.91	    0.00	80372.91	0.000	1.206	1.026	14478.51	100		    0.00	    0.00	61913.13	18459.78	0.000	0.000
432.00	19627.09	    0.00	80372.91	    0.00	80372.91	0.000	1.206	1.026	14478.51	100		    0.00	    0.00	61913.13	18459.78	0.000	0.000
433.00	19627.09	    0.00	80372.91	    0.00	80372.91	0.000	1.206	1.026	14478.51	100		    0.00	    0.00	61913.13	18459.78	0.000	0.000
434.00	19627.09	    0.00	80372.91	    0.00	80372.91	0.000	1.206	1.026	14478.51	100		    0.00	    0.00	61913.13	18459.78	0.000	0.000
435.00	19627.09	    0.00	80372.91	    0.00	80372.91	0.000	1.206	1.026	14478.51	100		    0.00	    0.00	61913.13	18459.78	0.000	0.000
436.00	19627.09	    0.00	80372.91	    0.00	80372.91	0.000	1.206	1.026	14478.51	100		    0.00	    0.00	61913.13	18459.78	0.000	0.000
437.00	19627.09	    0.00	80372.91	    0.00	80372.91	0.000	1.206	1.026	14478.51	100		    0.00	    0.00	61913.13	18459.78	0.000	0.000
438.00	19627.09	    0.00	80372.91	    0.00	80372.91	0.000	1.206	1.026	14478.51	100		    0.00	    0.00	61913.13	18459.78	0.000	0.000
439.00	19627.09	    0.00	80372.91	    0.00	80372.91	0.000	1.206	1.026	14478.51	100		    0.00	    0.00	61913.13	18459.78	0.000	0.000
440.00	19627.09	    0.00	80372.91	    0.00	80372.91	0.000	1.206	1.026	14478.51	100		    0.00	    0.00	61913.13	18459.78	0.000	0.000
441.00	19627.09	    0.00	80372.91	    0.00	80372.91	0.000	1.206	1.026	14478.51	100		    0.00	    0.00	61913.13	18459.78	0.000	0.000
442.00	19627.09	    0.00	80372.91	    0.00	80372.91	0.000	1.206	1.026	14478.51	100		    0.00	    0.00	61913.13	18459.78	0.000	0.000
443.00	19627.09	    0.00	80372.91	    0.00	80372.91	0.000	1.206	1.026	14478.51	100		    0.00	    0.00	61913.13	18459.78	0.000	0.000
444.00	19627.09	    0.00	80372.91	    0.00	80372.91	0.000	1.206	1.026	14478.51	100		    0.00	    0.00	61913.13	18459.78	0.000	0.000
445.00	19627.09	    0.00	80372.91	    0.00	80372.91	0.000	1.206	1.026	14478.51	100		    0.00	    0.00	61913.13	18459.78	0.000	0.000
446.00	19627.09	    0.00	80372.91	    0.00	80372.91	0.000	1.206	1.026	14478.51	100		    0.00	    0.00	61913.13	18459.78	0.000	0.000
447.00	19627.09	    0.00	80372.91	    0.00	80372.91	0.000	1.206	1.026	14478.51	100		    0.00	    0.00	61913.13	18459.78	0.000	0.000
448.00	19627.09	    0.00	80372.91	    0.00	80372.91	0.000	1.206	1.026	14478.51	100		    0.00	    0.00	61913.13	18459.78	0.000	0.000
449.00	19627.09	    0.00	80372.91	    0.00	80372.91	0.000	1.206	1.026	14478.51	100		    0.00	    0.00	61913.13	18459.78	0.000	0.000
450.00	19627.09	    0.00	80372.91	    0.00	80372.91	0.000	1.206	1.026	14478.51	100		    0.00	    0.00	61913.13	18459.78	0.000	0.000
451.00	19627.09	    0.00	80372.91	    0.00	80372.91	0.000	1.206	1.026	14478.51	100		    0.00	    0.00	61913.13	18459.78	0.000	0.000
452.00	19627.09	    0.00	80372.91	    0.00	80372.91	0.000	1.206	1.026	14478.51	100		    0.00	    0.00	61913.13	18459.78	0.000	0.000
453.00	19627.09	    0.00	80372.91	    0.00	80372.91	0.000	1.206	1.026	14478.51	100		    0.00	    0.00	61913.13	18459.78	0.000	0.000
454.00	19627.09	    0.00	80372.91	    0.00	80372.91	0.000	1.206	1.026	14478.51	100		    0.00	    0.00	61913.13	18459.78	0.000	0.000
455.00	19627.09	    0.00	80372.91	    0.00	80372.91	0.000	1.206	1.026	14478.51	100		    0.00	    0.00	61913.13	18459.78	0.000	0.000
456.00	19627.09	    0.00	80372.91	    0.00	80372.91	0.000	1.206	1.026	14478.51	100		    0.00	    0.00	61913.13	18459.78	0.000	0.000
457.00	19627.09	    0.00	80372.91	    0.00	80372.91	0.000	1.206	1.026	14478.51	100		    0.00	    0.00	61913.13	18459.78	0.000	0.000
458.00	19627.09	    0.00	80372.91	    0.00	80372.91	0.000	1.206	1.026	14478.51	100		    0.00	    0.00	61913.13	18459.78	0.000	0.000
459.00	19627.09	    0.00	80372.91	    0.00	80372.91	0.000	1.206	1.026	14478.51	100		    0.00	    0.00	61913.13	18459.78	0.000	0.000
460.00	19627.09	    0.00	80372.91	    0.00	80372.91	0.000	1.206	1.026	14478.51	100		    0.00	    0.00	61913.13	18459.78	0.000	0.000
461.00	19627.09	    0.00	80372.91	    0.00	80372.91	0.000	1.206	1.026	14478.51	100		    0.00	    0.00	61913.13	18459.78	0.000	0.000
462.00	19627.09	    0.00	80372.91	    0.00	80372.91	0.000	1.206	1.026	14478.51	100		    0.00	    0.00	61913.13	18459.78	0.000	0.000
463.00	19627.09	    0.00	80372.91	    0.00	80372.91	0.000	1.206	1.026	14478.51	100		    0.00	    0.00	61913.13	18459.78	0.000	0.000
464.00	19627.09	    0.00	80372.91	    0.00	80372.91	0.000	1.206	1.026	14478.51	100		    0.00	    0.00	61913.13	18459.78	0.000	0.000
465.00	19627.09	    0.00	80372.91	    0.00	80372.91	0.000	1.206	1.026	14478.51	100		    0.00	    0.00	61913.13	18459.78	0.000	0.000
466.00	19627.09	    0.00	80372.91	    0.00	80372.91	0.000	1.206	1.026	14478.51	100		    0.00	    0.00	61913.13	18459.78	0.000	0.000
467.00	19627.09	    0.00	80372.91	    0.00	80372.91	0.000	1.206	1.026	14478.51	100		    0.00	    0.00	61913.13	18459.78	0.000	0.000
468.00	19627.09	    0.00	80372.91	    0.00	80372.91	0.000	1.206	1.026	14478.51	100		    0.00	    0.00	61913.13	18459.78	0.000	0.000
469.00	19627.09	    0.00	80372.91	    0.00	80372.91	0.000	1.206	1.026	14478.51	100		    0.00	    0.00	61913.13	18459.78	0.000	0.000
470.00	19627.09	    0.00	80372.91	    0.00	80372.91	0.000	1.206	1.026	14478.51	100		    0.00	    0.00	61913.13	18459.78	0.000	0.000
471.00	19627.09	    0.00	80372.91	    0.00	80372.91	0.000	1.206	1.026	14478.51	100		    0.00	    0.00	61913.13	18459.78	0.000	0.000
472.00	19627.09	    0.00	80372.91	    0.00	80372.91	0.000	1.206	1.026	14478.51	100		    0.00	    0.00	61913.13	18459.78	0.000	0.000
473.00	19627.09	    0.00	80372.91	    0.00	80372.91	0.000	1.206	1.026	14478.51	100		    0.00	    0.00	61913.13	18459.78	0.000	0.000
474.00	19627.09	    0.00	80372.91	    0.00	80372.91	0.000	1.206	1.026	14478.51	100		    0.00	    0.00	61913.13	18459.78	0.000	0.000
475.00	19627.09	    0.00	80372.91	    0.00	80372.91	0.000	1.206	1.026	14478.51	100		    0.00	    0.00	61913.13	18459.78	0.000	0.000
476.00	19627.09	    0.00	80372.91	    0.00	80372.91	0.000	1.206	1.026	14478.51	100		    0.00	    0.00	61913.13	18459.78	0.000	0.000
477.00	19627.09	    0.00	80372.91	    0.00	80372.91	0.000	1.206	1.026	14478.51	100		    0.00	    0.00	61913.13	18459.78	0.000	0.000
478.00	19627.09	    0.00	80372.91	    0.00	80372.91	0.000	1.206	1.026	14478.51	100		    0.00	    0.00	61913.13	18459.78	0.000	0.000
479.00	19627.09	    0.00	80372.91	    0.00	80372.91	0.000	1.206	1.026	14478.51	100		    0.00	    0.00	61913.13	18459.78	0.000	0.000
480.00	19627.09	    0.00	80372.91	    0.00	80372.91	0.000	1.206	1.026	14478.51	100		    0.00	    0.00	61913.13	18459.78	0.000	0.000
481.00	19627.09	    0.00	80372.91	    0.00	80372.91	0.000	1.206	1.026	14478.51	100		    0.00	    0.00	61913.13	18459.78	0.000	0.000
482.00	19627.09	    0.00	80372.91	    0.00	80372.91	0.000	1.206	1.026	14478.51	100		    0.00	    0.00	61913.13	18459.78	0.000	0.000
483.00	19627.09	    0.00	80372.91	    0.00	80372.91	0.000	1.206	1.026	14478.51	100		    0.00	    0.00	61913.13	18459.78	0.000	0.000
484.00	19627.09	    0.00	80372.91	    0.00	80372.91	0.000	1.206	1.026	14478.51	100		    0.00	    0.00	61913.13	18459.78	0.000	0.000
485.00	19627.09	    0.00	80372.91	    0.00	80372.91	0.000	1.206	1.026	14478.51	100		    0.00	    0.00	61913.13	18459.78	0.000	0.000
486.00	19627.09	    0.00	80372.91	    0.00	80372.91	0.000	1.206	1.026	14478.51	100		    0.00	    0.00	61913.13	18459.78	0.000	0.000
487.00	19627.09	    0.00	80372.91	    0.00	80372.91	0.000	1.206	1.026	14478.51	100		    0.00	    0.00	61913.13	18459.78	0.000	0.000
488.00	19627.09	    0.00	80372.91	    0.00	80372.91	0.000	1.206	1.026	14478.51	100		    0.00	    0.00	61913.13	18459.78	0.000	0.000
489.00	19627.09	    0.00	80372.91	    0.00	80372.91	0.000	1.206	1.026	14478.51	100		    0.00	    0.00	61913.13	18459.78	0.000	0.000
490.00	19627.09	    0.00	80372.91	    0.00	80372.91	0.000	1.206	1.026	14478.51	100		    0.00	    0.00	61913.13	18459.78	0.000	0.000
491.00	19627.09	    0.00	80372.91	    0.00	80372.91	0.000	1.206	1.026	14478.51	100		    0.00	    0.00	61913.13	18459.78	0.000	0.000
492.00	19627.09	    0.00	80372.91	    0.00	80372.91	0.000	1.206	1.026	14478.51	100		    0.00	    0.00	61913.13	18459.78	0.000	0.000
493.00	19627.09	    0.00	80372.91	    0.00	80372.91	0.000	1.206	1.026	14478.51	100		    0.00	    0.00	61913.13	18459.78	0.000	0.000
494.00	19627.09	    0.00	80372.91	    0.00	80372.91	0.000	1.206	1.026	14478.51	100		    0.00	    0.00	61913.13	18459.78	0.000	0.000
495.00	19627.09	    0.00	80372.91	    0.00	80372.91	0.000	1.206	1.026	14478.51	100		    0.00	    0.00	61913.13	18459.78	0.000	0.000
496.00	19627.09	    0.00	80372.91	    0.00	80372.91	0.000	1.206	1.026	14478.51	100		    0.00	    0.00	61913.13	18459.78	0.000	0.000
497.00	19627.09	    0.00	80372.91	    0.00	80372.91	0.000	1.206	1.026	14478.51	100		    0.00	    0.00	61913.13	18459.78	0.000	0.000
498.00	19627.09	    0.00	80372.91	    0.00	80372.91	0.000	1.206	1.026	14478.51	100		    0.00	    0.00	61913.13	18459.78	0.000	0.000
499.00	19627.09	    0.00	80372.91	    0.00	80372.91	0.000	1.206	1.026	14478.51	100		    0.00	    0.00	61913.13	18459.78	0.000	0.000
500.00	19627.09	    0.00	80372.91	    0.00	80372.91	0.000	1.206	1.026	14478.51	100		    0.00	    0.00	61913.13	18459.78	0.000	0.000
