0.00	99950.00	   50.00	    0.00	    0.00	   50.00	0.000	2.575	2.575	    0.00	 22		    0.00	    0.00	   23.00	   27.00	0.000	0.000
1.00	99949.84	   50.16	    0.00	    0.16	   50.16	0.000	2.662	2.661	    0.04	 79		    0.06	    0.10	   23.06	   27.10	0.385	0.615
2.00	99942.05	   57.45	    0.50	    7.82	   57.95	0.827	2.632	2.631	    0.06	100		    5.64	    2.18	   28.69	   29.26	0.721	0.279
3.00	99910.41	   86.07	    3.52	   31.64	   89.59	0.388	2.466	2.465	    0.12	100		   22.31	    9.33	   51.00	   38.59	0.705	0.295
4.00	99855.01	  132.31	   12.68	   55.40	  144.99	0.417	2.343	2.341	    0.24	100		   39.16	   16.24	   90.16	   54.83	0.707	0.293
5.00	99788.42	  178.09	   33.49	   66.59	  211.58	0.364	2.285	2.283	    0.44	100		   46.76	   19.83	  136.92	   74.66	0.702	0.298
6.00	99704.14	  229.98	   65.88	   84.28	  295.86	0.276	2.250	2.248	    0.76	100		   60.23	   24.05	  197.15	   98.71	0.715	0.285
7.00	99592.47	  298.58	  108.95	  111.67	  407.53	0.258	2.228	2.224	    1.47	100		   80.65	   31.02	  277.80	  129.73	0.722	0.278
8.00	99447.22	  386.84	  165.94	  145.25	  552.78	0.260	2.210	2.206	    2.49	100		  105.35	   39.90	  383.15	  169.63	0.725	0.275
9.00	99258.83	  501.21	  239.96	  188.39	  741.17	0.259	2.197	2.191	    4.41	100		  136.82	   51.57	  519.97	  221.20	0.726	0.274
10.00	99012.57	  651.22	  336.21	  246.26	  987.43	0.260	2.181	2.173	    7.31	100		  177.77	   68.49	  697.74	  289.69	0.722	0.278
11.00	98695.23	  845.91	  458.86	  317.34	 1304.77	0.262	2.171	2.162	   12.17	100		  231.18	   86.16	  928.92	  375.85	0.728	0.272
12.00	98279.22	 1102.58	  618.20	  416.01	 1720.78	0.263	2.163	2.151	   20.44	100		  302.60	  113.41	 1231.52	  489.26	0.727	0.273
13.00	97745.48	 1422.98	  831.54	  533.74	 2254.52	0.260	2.155	2.139	   34.81	100		  387.02	  146.72	 1618.54	  635.98	0.725	0.275
14.00	97058.79	 1833.51	 1107.70	  686.69	 2941.21	0.254	2.147	2.127	   58.78	100		  499.63	  187.06	 2118.17	  823.04	0.728	0.272
15.00	96171.45	 2370.44	 1458.11	  887.34	 3828.55	0.255	2.138	2.112	   96.98	100		  642.67	  244.67	 2760.84	 1067.71	0.724	0.276
16.00	95049.28	 3029.47	 1921.25	 1122.17	 4950.72	0.251	2.125	2.093	  157.88	100		  817.89	  304.28	 3578.73	 1371.99	0.729	0.271
17.00	93611.30	 3875.48	 2513.22	 1437.98	 6388.70	0.246	2.110	2.070	  255.29	100		 1045.17	  392.81	 4623.90	 1764.80	0.727	0.273
18.00	91799.05	 4918.74	 3282.21	 1812.25	 8200.95	0.242	2.093	2.043	  406.36	100		 1321.49	  490.76	 5945.39	 2255.56	0.729	0.271
19.00	89533.64	 6191.02	 4275.34	 2265.41	10466.36	0.234	2.072	2.011	  637.92	100		 1655.11	  610.30	 7600.50	 2865.86	0.731	0.269
20.00	86741.22	 7711.57	 5547.21	 2792.42	13258.78	0.225	2.047	1.974	  977.31	100		 2041.40	  751.02	 9641.90	 3616.88	0.731	0.269
21.00	83333.89	 9504.96	 7161.15	 3407.33	16666.11	0.214	2.016	1.929	 1458.28	100		 2493.98	  913.35	12135.88	 4530.23	0.732	0.268
22.00	79267.90	11516.88	 9215.22	 4065.99	20732.10	0.201	1.980	1.878	 2115.54	100		 2982.67	 1083.32	15118.55	 5613.55	0.734	0.266
23.00	74514.02	13698.63	11787.35	 4753.88	25485.98	0.183	1.937	1.821	 2963.29	100		 3497.74	 1256.14	18616.29	 6869.69	0.736	0.264
24.00	69114.06	15902.91	14983.03	 5399.96	30885.94	0.161	1.889	1.760	 4000.71	100		 3990.63	 1409.33	22606.92	 8279.02	0.739	0.261
25.00	63141.32	17975.37	18883.31	 5972.74	36858.68	0.136	1.836	1.695	 5184.26	100		 4432.79	 1539.95	27039.71	 9818.97	0.742	0.258
26.00	56827.72	19622.71	23549.57	 6313.60	43172.28	0.105	1.780	1.631	 6439.82	100		 4702.91	 1610.69	31742.62	11429.66	0.745	0.255
27.00	50310.86	20727.19	28961.95	 6516.86	49689.14	0.071	1.721	1.567	 7675.52	100		 4883.67	 1633.19	36626.29	13062.85	0.749	0.251
28.00	43998.87	20882.84	35118.29	 6311.99	56001.13	0.031	1.664	1.508	 8775.72	100		 4760.30	 1551.69	41386.59	14614.54	0.754	0.246
29.00	38070.56	20186.06	41743.38	 5928.31	61929.44	-0.013	1.610	1.454	 9685.77	100		 4507.23	 1421.08	45893.82	16035.62	0.760	0.240
30.00	32763.54	18586.26	48650.20	 5307.02	67236.46	-0.058	1.561	1.407	10380.31	100		 4069.67	 1237.35	49963.49	17272.97	0.767	0.233
31.00	28208.78	16322.32	55468.90	 4554.76	71791.22	-0.106	1.519	1.368	10866.54	100		 3525.41	 1029.35	53488.90	18302.32	0.774	0.226
32.00	24439.54	13707.59	61852.87	 3769.24	75560.46	-0.152	1.484	1.336	11192.18	100		 2938.32	  830.92	56427.22	19133.24	0.780	0.220
33.00	21413.64	11058.82	67527.54	 3025.90	78586.36	-0.195	1.455	1.310	11392.46	100		 2382.71	  643.19	58809.93	19776.43	0.787	0.213
34.00	19056.46	 8599.78	72343.76	 2357.18	80943.54	-0.233	1.433	1.290	11514.06	100		 1870.44	  486.74	60680.37	20263.17	0.794	0.206
35.00	17256.32	 6497.13	76246.55	 1800.14	82743.68	-0.266	1.415	1.276	11583.09	100		 1436.45	  363.69	62116.82	20626.86	0.798	0.202
36.00	15899.26	 4814.44	79286.30	 1357.06	84100.74	-0.290	1.402	1.264	11620.85	100		 1092.81	  264.25	63209.63	20891.11	0.805	0.195
37.00	14893.02	 3509.91	81597.07	 1006.24	85106.98	-0.308	1.393	1.256	11641.47	100		  814.25	  191.99	64023.88	21083.10	0.809	0.191
38.00	14148.99	 2537.84	83313.17	  744.03	85851.01	-0.320	1.385	1.250	11652.78	100		  604.76	  139.27	64628.64	21222.37	0.813	0.187
39.00	13609.56	 1816.10	84574.34	  539.43	86390.44	-0.329	1.380	1.245	11658.67	100		  438.99	  100.44	65067.63	21322.81	0.814	0.186
40.00	13211.78	 1305.49	85482.73	  397.78	86788.22	-0.332	1.376	1.242	11661.82	100		  324.54	   73.24	65392.17	21396.05	0.816	0.184
41.00	12926.25	  929.45	86144.30	  285.53	87073.75	-0.335	1.373	1.239	11663.41	100		  234.74	   50.79	65626.91	21446.84	0.822	0.178
42.00	12719.63	  666.09	86614.28	  206.62	87280.37	-0.336	1.371	1.238	11664.29	100		  169.34	   37.28	65796.25	21484.12	0.820	0.180
43.00	12571.03	  479.10	86949.87	  148.60	87428.97	-0.331	1.370	1.236	11664.71	100		  122.07	   26.53	65918.32	21510.65	0.821	0.179
44.00	12462.38	  344.67	87192.95	  108.65	87537.62	-0.329	1.369	1.236	11664.89	100		   89.48	   19.17	66007.80	21529.82	0.824	0.176
45.00	12384.37	  247.07	87368.56	   78.01	87615.63	-0.331	1.368	1.235	11664.98	100		   63.92	   14.09	66071.72	21543.91	0.819	0.181
46.00	12327.36	  176.62	87496.02	   57.01	87672.64	-0.334	1.367	1.234	11665.01	100		   47.28	    9.73	66119.00	21553.64	0.829	0.171
47.00	12287.52	  125.08	87587.40	   39.84	87712.48	-0.340	1.367	1.234	11665.07	100		   32.88	    6.96	66151.88	21560.60	0.825	0.175
48.00	12257.99	   91.75	87650.26	   29.53	87742.01	-0.327	1.367	1.234	11665.07	100		   24.47	    5.06	66176.35	21565.66	0.829	0.171
49.00	12237.20	   65.35	87697.45	   20.79	87762.80	-0.325	1.367	1.234	11665.08	100		   16.80	    3.99	66193.15	21569.65	0.808	0.192
50.00	12222.01	   47.21	87730.78	   15.19	87777.99	-0.332	1.366	1.234	11665.08	100		   12.47	    2.72	66205.62	21572.37	0.821	0.179
51.00	12211.16	   34.30	87754.54	   10.85	87788.84	-0.322	1.366	1.233	11665.08	100		    8.96	    1.89	66214.58	21574.26	0.826	0.174
52.00	12203.07	   25.15	87771.78	    8.09	87796.93	-0.315	1.366	1.233	11665.08	100		    6.76	    1.33	66221.34	21575.59	0.836	0.164
53.00	12197.16	   18.16	87784.68	    5.91	87802.84	-0.318	1.366	1.233	11665.08	100		    4.86	    1.05	66226.20	21576.64	0.822	0.178
54.00	12193.24	   12.60	87794.16	    3.92	87806.76	-0.346	1.366	1.233	11665.08	100		    3.13	    0.79	66229.33	21577.43	0.798	0.202
55.00	12190.15	    9.44	87800.41	    3.09	87809.85	-0.327	1.366	1.233	11665.08	100		    2.61	    0.48	66231.94	21577.91	0.845	0.155
56.00	12188.17	    6.24	87805.59	    1.98	87811.83	-0.351	1.366	1.233	11665.08	100		    1.65	    0.33	66233.59	21578.24	0.833	0.167
57.00	12186.79	    4.39	87808.82	    1.38	87813.21	-0.383	1.366	1.233	11665.08	100		    1.05	    0.33	66234.64	21578.57	0.761	0.239
58.00	12185.63	    3.41	87810.96	    1.16	87814.37	-0.302	1.366	1.233	11665.08	100		    1.00	    0.16	66235.64	21578.73	0.862	0.138
59.00	12184.93	    2.33	87812.74	    0.70	87815.07	-0.317	1.366	1.233	11665.08	100		    0.56	    0.14	66236.20	21578.87	0.800	0.200
60.00	12184.24	    1.87	87813.89	    0.69	87815.76	-0.300	1.366	1.233	11665.08	100		    0.59	    0.10	66236.79	21578.97	0.855	0.145
61.00	12183.84	    1.27	87814.89	    0.40	87816.16	-0.303	1.366	1.233	11665.08	100		    0.34	    0.06	66237.13	21579.03	0.850	0.150
62.00	12183.62	    0.83	87815.55	    0.22	87816.38	-0.406	1.366	1.233	11665.08	100		    0.16	    0.06	66237.29	21579.09	0.727	0.273
63.00	12183.37	    0.63	87816.00	    0.25	87816.63	-0.351	1.366	1.233	11665.08	100		    0.21	    0.04	66237.50	21579.13	0.840	0.160
64.00	12183.31	    0.24	87816.45	    0.06	87816.69	-0.620	1.366	1.233	11665.08	100		    0.03	    0.03	66237.53	21579.16	0.500	0.500
65.00	12183.28	    0.18	87816.54	    0.03	87816.72	-0.626	1.366	1.233	11665.08	100		    0.02	    0.01	66237.55	21579.17	0.667	0.333
66.00	12183.21	    0.20	87816.59	    0.07	87816.79	-0.091	1.366	1.233	11665.08	100		    0.06	    0.01	66237.61	21579.18	0.857	0.143
67.00	12183.17	    0.13	87816.70	    0.04	87816.83	-0.163	1.366	1.233	11665.08	100		    0.03	    0.01	66237.64	21579.19	0.750	0.250
68.00	12183.16	    0.08	87816.76	    0.01	87816.84	-0.458	1.366	1.233	11665.08	100		    0.01	    0.00	66237.65	21579.19	1.000	0.000
69.00	12183.13	    0.07	87816.80	    0.03	87816.87	-0.310	1.366	1.233	11665.08	100		    0.03	    0.00	66237.68	21579.19	1.000	0.000
70.00	12183.12	    0.02	87816.86	    0.01	87816.88	-0.693	1.366	1.233	11665.08	100		    0.01	    0.00	66237.69	21579.19	1.000	0.000
71.00	12183.12	    0.00	87816.88	    0.00	87816.88	-0.973	1.366	1.233	11665.08	100		    0.00	    0.00	66237.69	21579.19	0.000	0.000
72.00	12183.12	    0.00	87816.88	    0.00	87816.88	-0.347	1.366	1.233	11665.08	100		    0.00	    0.00	66237.69	21579.19	0.000	0.000
73.00	12183.12	    0.00	87816.88	    0.00	87816.88	0.000	1.366	1.233	11665.08	100		    0.00	    0.00	66237.69	21579.19	0.000	0.000
74.00	12183.12	    0.00	87816.88	    0.00	87816.88	0.000	1.366	1.233	11665.08	100		    0.00	    0.00	66237.69	21579.19	0.000	0.000
75.00	12183.12	    0.00	87816.88	    0.00	87816.88	0.000	1.366	1.233	11665.08	100		    0.00	    0.00	66237.69	21579.19	0.000	0.000
76.00	12183.12	    0.00	87816.88	    0.00	87816.88	0.000	1.366	1.233	11665.08	100		    0.00	    0.00	66237.69	21579.19	0.000	0.000
77.00	12183.12	    0.00	87816.88	    0.00	87816.88	0.000	1.366	1.233	11665.08	100		    0.00	    0.00	66237.69	21579.19	0.000	0.000
78.00	12183.12	    0.00	87816.88	    0.00	87816.88	0.000	1.366	1.233	11665.08	100		    0.00	    0.00	66237.69	21579.19	0.000	0.000
79.00	12183.12	    0.00	87816.88	    0.00	87816.88	0.000	1.366	1.233	11665.08	100		    0.00	    0.00	66237.69	21579.19	0.000	0.000
80.00	12183.12	    0.00	87816.88	    0.00	87816.88	0.000	1.366	1.233	11665.08	100		    0.00	    0.00	66237.69	21579.19	0.000	0.000
81.00	12183.12	    0.00	87816.88	    0.00	87816.88	0.000	1.366	1.233	11665.08	100		    0.00	    0.00	66237.69	21579.19	0.000	0.000
82.00	12183.12	    0.00	87816.88	    0.00	87816.88	0.000	1.366	1.233	11665.08	100		    0.00	    0.00	66237.69	21579.19	0.000	0.000
83.00	12183.12	    0.00	87816.88	    0.00	87816.88	0.000	1.366	1.233	11665.08	100		    0.00	    0.00	66237.69	21579.19	0.000	0.000
84.00	12183.12	    0.00	87816.88	    0.00	87816.88	0.000	1.366	1.233	11665.08	100		    0.00	    0.00	66237.69	21579.19	0.000	0.000
85.00	12183.12	    0.00	87816.88	    0.00	87816.88	0.000	1.366	1.233	11665.08	100		    0.00	    0.00	66237.69	21579.19	0.000	0.000
86.00	12183.12	    0.00	87816.88	    0.00	87816.88	0.000	1.366	1.233	11665.08	100		    0.00	    0.00	66237.69	21579.19	0.000	0.000
87.00	12183.12	    0.00	87816.88	    0.00	87816.88	0.000	1.366	1.233	11665.08	100		    0.00	    0.00	66237.69	21579.19	0.000	0.000
88.00	12183.12	    0.00	87816.88	    0.00	87816.88	0.000	1.366	1.233	11665.08	100		    0.00	    0.00	66237.69	21579.19	0.000	0.000
89.00	12183.12	    0.00	87816.88	    0.00	87816.88	0.000	1.366	1.233	11665.08	100		    0.00	    0.00	66237.69	21579.19	0.000	0.000
90.00	12183.12	    0.00	87816.88	    0.00	87816.88	0.000	1.366	1.233	11665.08	100		    0.00	    0.00	66237.69	21579.19	0.000	0.000
91.00	12183.12	    0.00	87816.88	    0.00	87816.88	0.000	1.366	1.233	11665.08	100		    0.00	    0.00	66237.69	21579.19	0.000	0.000
92.00	12183.12	    0.00	87816.88	    0.00	87816.88	0.000	1.366	1.233	11665.08	100		    0.00	    0.00	66237.69	21579.19	0.000	0.000
93.00	12183.12	    0.00	87816.88	    0.00	87816.88	0.000	1.366	1.233	11665.08	100		    0.00	    0.00	66237.69	21579.19	0.000	0.000
94.00	12183.12	    0.00	87816.88	    0.00	87816.88	0.000	1.366	1.233	11665.08	100		    0.00	    0.00	66237.69	21579.19	0.000	0.000
95.00	12183.12	    0.00	87816.88	    0.00	87816.88	0.000	1.366	1.233	11665.08	100		    0.00	    0.00	66237.69	21579.19	0.000	0.000
96.00	12183.12	    0.00	87816.88	    0.00	87816.88	0.000	1.366	1.233	11665.08	100		    0.00	    0.00	66237.69	21579.19	0.000	0.000
97.00	12183.12	    0.00	87816.88	    0.00	87816.88	0.000	1.366	1.233	11665.08	100		    0.00	    0.00	66237.69	21579.19	0.000	0.000
98.00	12183.12	    0.00	87816.88	    0.00	87816.88	0.000	1.366	1.233	11665.08	100		    0.00	    0.00	66237.69	21579.19	0.000	0.000
99.00	12183.12	    0.00	87816.88	    0.00	87816.88	0.000	1.366	1.233	11665.08	100		    0.00	    0.00	66237.69	21579.19	0.000	0.000
100.00	12183.12	    0.00	87816.88	    0.00	87816.88	0.000	1.366	1.233	11665.08	100		    0.00	    0.00	66237.69	21579.19	0.000	0.000
101.00	12183.12	    0.00	87816.88	    0.00	87816.88	0.000	1.366	1.233	11665.08	100		    0.00	    0.00	66237.69	21579.19	0.000	0.000
102.00	12183.12	    0.00	87816.88	    0.00	87816.88	0.000	1.366	1.233	11665.08	100		    0.00	    0.00	66237.69	21579.19	0.000	0.000
103.00	12183.12	    0.00	87816.88	    0.00	87816.88	0.000	1.366	1.233	11665.08	100		    0.00	    0.00	66237.69	21579.19	0.000	0.000
104.00	12183.12	    0.00	87816.88	    0.00	87816.88	0.000	1.366	1.233	11665.08	100		    0.00	    0.00	66237.69	21579.19	0.000	0.000
105.00	12183.12	    0.00	87816.88	    0.00	87816.88	0.000	1.366	1.233	11665.08	100		    0.00	    0.00	66237.69	21579.19	0.000	0.000
106.00	12183.12	    0.00	87816.88	    0.00	87816.88	0.000	1.366	1.233	11665.08	100		    0.00	    0.00	66237.69	21579.19	0.000	0.000
107.00	12183.12	    0.00	87816.88	    0.00	87816.88	0.000	1.366	1.233	11665.08	100		    0.00	    0.00	66237.69	21579.19	0.000	0.000
108.00	12183.12	    0.00	87816.88	    0.00	87816.88	0.000	1.366	1.233	11665.08	100		    0.00	    0.00	66237.69	21579.19	0.000	0.000
109.00	12183.12	    0.00	87816.88	    0.00	87816.88	0.000	1.366	1.233	11665.08	100		    0.00	    0.00	66237.69	21579.19	0.000	0.000
110.00	12183.12	    0.00	87816.88	    0.00	87816.88	0.000	1.366	1.233	11665.08	100		    0.00	    0.00	66237.69	21579.19	0.000	0.000
111.00	12183.12	    0.00	87816.88	    0.00	87816.88	0.000	1.366	1.233	11665.08	100		    0.00	    0.00	66237.69	21579.19	0.000	0.000
112.00	12183.12	    0.00	87816.88	    0.00	87816.88	0.000	1.366	1.233	11665.08	100		    0.00	    0.00	66237.69	21579.19	0.000	0.000
113.00	12183.12	    0.00	87816.88	    0.00	87816.88	0.000	1.366	1.233	11665.08	100		    0.00	    0.00	66237.69	21579.19	0.000	0.000
114.00	12183.12	    0.00	87816.88	    0.00	87816.88	0.000	1.366	1.233	11665.08	100		    0.00	    0.00	66237.69	21579.19	0.000	0.000
115.00	12183.12	    0.00	87816.88	    0.00	87816.88	0.000	1.366	1.233	11665.08	100		    0.00	    0.00	66237.69	21579.19	0.000	0.000
116.00	12183.12	    0.00	87816.88	    0.00	87816.88	0.000	1.366	1.233	11665.08	100		    0.00	    0.00	66237.69	21579.19	0.000	0.000
117.00	12183.12	    0.00	87816.88	    0.00	87816.88	0.000	1.366	1.233	11665.08	100		    0.00	    0.00	66237.69	21579.19	0.000	0.000
118.00	12183.12	    0.00	87816.88	    0.00	87816.88	0.000	1.366	1.233	11665.08	100		    0.00	    0.00	66237.69	21579.19	0.000	0.000
119.00	12183.12	    0.00	87816.88	    0.00	87816.88	0.000	1.366	1.233	11665.08	100		    0.00	    0.00	66237.69	21579.19	0.000	0.000
120.00	12183.12	    0.00	87816.88	    0.00	87816.88	0.000	1.366	1.233	11665.08	100		    0.00	    0.00	66237.69	21579.19	0.000	0.000
121.00	12183.12	    0.00	87816.88	    0.00	87816.88	0.000	1.366	1.233	11665.08	100		    0.00	    0.00	66237.69	21579.19	0.000	0.000
122.00	12183.12	    0.00	87816.88	    0.00	87816.88	0.000	1.366	1.233	11665.08	100		    0.00	    0.00	66237.69	21579.19	0.000	0.000
123.00	12183.12	    0.00	87816.88	    0.00	87816.88	0.000	1.366	1.233	11665.08	100		    0.00	    0.00	66237.69	21579.19	0.000	0.000
124.00	12183.12	    0.00	87816.88	    0.00	87816.88	0.000	1.366	1.233	11665.08	100		    0.00	    0.00	66237.69	21579.19	0.000	0.000
125.00	12183.12	    0.00	87816.88	    0.00	87816.88	0.000	1.366	1.233	11665.08	100		    0.00	    0.00	66237.69	21579.19	0.000	0.000
126.00	12183.12	    0.00	87816.88	    0.00	87816.88	0.000	1.366	1.233	11665.08	100		    0.00	    0.00	66237.69	21579.19	0.000	0.000
127.00	12183.12	    0.00	87816.88	    0.00	87816.88	0.000	1.366	1.233	11665.08	100		    0.00	    0.00	66237.69	21579.19	0.000	0.000
128.00	12183.12	    0.00	87816.88	    0.00	87816.88	0.000	1.366	1.233	11665.08	100		    0.00	    0.00	66237.69	21579.19	0.000	0.000
129.00	12183.12	    0.00	87816.88	    0.00	87816.88	0.000	1.366	1.233	11665.08	100		    0.00	    0.00	66237.69	21579.19	0.000	0.000
130.00	12183.12	    0.00	87816.88	    0.00	87816.88	0.000	1.366	1.233	11665.08	100		    0.00	    0.00	66237.69	21579.19	0.000	0.000
131.00	12183.12	    0.00	87816.88	    0.00	87816.88	0.000	1.366	1.233	11665.08	100		    0.00	    0.00	66237.69	21579.19	0.000	0.000
132.00	12183.12	    0.00	87816.88	    0.00	87816.88	0.000	1.366	1.233	11665.08	100		    0.00	    0.00	66237.69	21579.19	0.000	0.000
133.00	12183.12	    0.00	87816.88	    0.00	87816.88	0.000	1.366	1.233	11665.08	100		    0.00	    0.00	66237.69	21579.19	0.000	0.000
134.00	12183.12	    0.00	87816.88	    0.00	87816.88	0.000	1.366	1.233	11665.08	100		    0.00	    0.00	66237.69	21579.19	0.000	0.000
135.00	12183.12	    0.00	87816.88	    0.00	87816.88	0.000	1.366	1.233	11665.08	100		    0.00	    0.00	66237.69	21579.19	0.000	0.000
136.00	12183.12	    0.00	87816.88	    0.00	87816.88	0.000	1.366	1.233	11665.08	100		    0.00	    0.00	66237.69	21579.19	0.000	0.000
137.00	12183.12	    0.00	87816.88	    0.00	87816.88	0.000	1.366	1.233	11665.08	100		    0.00	    0.00	66237.69	21579.19	0.000	0.000
138.00	12183.12	    0.00	87816.88	    0.00	87816.88	0.000	1.366	1.233	11665.08	100		    0.00	    0.00	66237.69	21579.19	0.000	0.000
139.00	12183.12	    0.00	87816.88	    0.00	87816.88	0.000	1.366	1.233	11665.08	100		    0.00	    0.00	66237.69	21579.19	0.000	0.000
140.00	12183.12	    0.00	87816.88	    0.00	87816.88	0.000	1.366	1.233	11665.08	100		    0.00	    0.00	66237.69	21579.19	0.000	0.000
141.00	12183.12	    0.00	87816.88	    0.00	87816.88	0.000	1.366	1.233	11665.08	100		    0.00	    0.00	66237.69	21579.19	0.000	0.000
142.00	12183.12	    0.00	87816.88	    0.00	87816.88	0.000	1.366	1.233	11665.08	100		    0.00	    0.00	66237.69	21579.19	0.000	0.000
143.00	12183.12	    0.00	87816.88	    0.00	87816.88	0.000	1.366	1.233	11665.08	100		    0.00	    0.00	66237.69	21579.19	0.000	0.000
144.00	12183.12	    0.00	87816.88	    0.00	87816.88	0.000	1.366	1.233	11665.08	100		    0.00	    0.00	66237.69	21579.19	0.000	0.000
145.00	12183.12	    0.00	87816.88	    0.00	87816.88	0.000	1.366	1.233	11665.08	100		    0.00	    0.00	66237.69	21579.19	0.000	0.000
146.00	12183.12	    0.00	87816.88	    0.00	87816.88	0.000	1.366	1.233	11665.08	100		    0.00	    0.00	66237.69	21579.19	0.000	0.000
147.00	12183.12	    0.00	87816.88	    0.00	87816.88	0.000	1.366	1.233	11665.08	100		    0.00	    0.00	66237.69	21579.19	0.000	0.000
148.00	12183.12	    0.00	87816.88	    0.00	87816.88	0.000	1.366	1.233	11665.08	100		    0.00	    0.00	66237.69	21579.19	0.000	0.000
149.00	12183.12	    0.00	87816.88	    0.00	87816.88	0.000	1.366	1.233	11665.08	100		    0.00	    0.00	66237.69	21579.19	0.000	0.000
150.00	12183.12	    0.00	87816.88	    0.00	87816.88	0.000	1.366	1.233	11665.08	100		    0.00	    0.00	66237.69	21579.19	0.000	0.000
151.00	12183.12	    0.00	87816.88	    0.00	87816.88	0.000	1.366	1.233	11665.08	100		    0.00	    0.00	66237.69	21579.19	0.000	0.000
152.00	12183.12	    0.00	87816.88	    0.00	87816.88	0.000	1.366	1.233	11665.08	100		    0.00	    0.00	66237.69	21579.19	0.000	0.000
153.00	12183.12	    0.00	87816.88	    0.00	87816.88	0.000	1.366	1.233	11665.08	100		    0.00	    0.00	66237.69	21579.19	0.000	0.000
154.00	12183.12	    0.00	87816.88	    0.00	87816.88	0.000	1.366	1.233	11665.08	100		    0.00	    0.00	66237.69	21579.19	0.000	0.000
155.00	12183.12	    0.00	87816.88	    0.00	87816.88	0.000	1.366	1.233	11665.08	100		    0.00	    0.00	66237.69	21579.19	0.000	0.000
156.00	12183.12	    0.00	87816.88	    0.00	87816.88	0.000	1.366	1.233	11665.08	100		    0.00	    0.00	66237.69	21579.19	0.000	0.000
157.00	12183.12	    0.00	87816.88	    0.00	87816.88	0.000	1.366	1.233	11665.08	100		    0.00	    0.00	66237.69	21579.19	0.000	0.000
158.00	12183.12	    0.00	87816.88	    0.00	87816.88	0.000	1.366	1.233	11665.08	100		    0.00	    0.00	66237.69	21579.19	0.000	0.000
159.00	12183.12	    0.00	87816.88	    0.00	87816.88	0.000	1.366	1.233	11665.08	100		    0.00	    0.00	66237.69	21579.19	0.000	0.000
160.00	12183.12	    0.00	87816.88	    0.00	87816.88	0.000	1.366	1.233	11665.08	100		    0.00	    0.00	66237.69	21579.19	0.000	0.000
161.00	12183.12	    0.00	87816.88	    0.00	87816.88	0.000	1.366	1.233	11665.08	100		    0.00	    0.00	66237.69	21579.19	0.000	0.000
162.00	12183.12	    0.00	87816.88	    0.00	87816.88	0.000	1.366	1.233	11665.08	100		    0.00	    0.00	66237.69	21579.19	0.000	0.000
163.00	12183.12	    0.00	87816.88	    0.00	87816.88	0.000	1.366	1.233	11665.08	100		    0.00	    0.00	66237.69	21579.19	0.000	0.000
164.00	12183.12	    0.00	87816.88	    0.00	87816.88	0.000	1.366	1.233	11665.08	100		    0.00	    0.00	66237.69	21579.19	0.000	0.000
165.00	12183.12	    0.00	87816.88	    0.00	87816.88	0.000	1.366	1.233	11665.08	100		    0.00	    0.00	66237.69	21579.19	0.000	0.000
166.00	12183.12	    0.00	87816.88	    0.00	87816.88	0.000	1.366	1.233	11665.08	100		    0.00	    0.00	66237.69	21579.19	0.000	0.000
167.00	12183.12	    0.00	87816.88	    0.00	87816.88	0.000	1.366	1.233	11665.08	100		    0.00	    0.00	66237.69	21579.19	0.000	0.000
168.00	12183.12	    0.00	87816.88	    0.00	87816.88	0.000	1.366	1.233	11665.08	100		    0.00	    0.00	66237.69	21579.19	0.000	0.000
169.00	12183.12	    0.00	87816.88	    0.00	87816.88	0.000	1.366	1.233	11665.08	100		    0.00	    0.00	66237.69	21579.19	0.000	0.000
170.00	12183.12	    0.00	87816.88	    0.00	87816.88	0.000	1.366	1.233	11665.08	100		    0.00	    0.00	66237.69	21579.19	0.000	0.000
171.00	12183.12	    0.00	87816.88	    0.00	87816.88	0.000	1.366	1.233	11665.08	100		    0.00	    0.00	66237.69	21579.19	0.000	0.000
172.00	12183.12	    0.00	87816.88	    0.00	87816.88	0.000	1.366	1.233	11665.08	100		    0.00	    0.00	66237.69	21579.19	0.000	0.000
173.00	12183.12	    0.00	87816.88	    0.00	87816.88	0.000	1.366	1.233	11665.08	100		    0.00	    0.00	66237.69	21579.19	0.000	0.000
174.00	12183.12	    0.00	87816.88	    0.00	87816.88	0.000	1.366	1.233	11665.08	100		    0.00	    0.00	66237.69	21579.19	0.000	0.000
175.00	12183.12	    0.00	87816.88	    0.00	87816.88	0.000	1.366	1.233	11665.08	100		    0.00	    0.00	66237.69	21579.19	0.000	0.000
176.00	12183.12	    0.00	87816.88	    0.00	87816.88	0.000	1.366	1.233	11665.08	100		    0.00	    0.00	66237.69	21579.19	0.000	0.000
177.00	12183.12	    0.00	87816.88	    0.00	87816.88	0.000	1.366	1.233	11665.08	100		    0.00	    0.00	66237.69	21579.19	0.000	0.000
178.00	12183.12	    0.00	87816.88	    0.00	87816.88	0.000	1.366	1.233	11665.08	100		    0.00	    0.00	66237.69	21579.19	0.000	0.000
179.00	12183.12	    0.00	87816.88	    0.00	87816.88	0.000	1.366	1.233	11665.08	100		    0.00	    0.00	66237.69	21579.19	0.000	0.000
180.00	12183.12	    0.00	87816.88	    0.00	87816.88	0.000	1.366	1.233	11665.08	100		    0.00	    0.00	66237.69	21579.19	0.000	0.000
181.00	12183.12	    0.00	87816.88	    0.00	87816.88	0.000	1.366	1.233	11665.08	100		    0.00	    0.00	66237.69	21579.19	0.000	0.000
182.00	12183.12	    0.00	87816.88	    0.00	87816.88	0.000	1.366	1.233	11665.08	100		    0.00	    0.00	66237.69	21579.19	0.000	0.000
183.00	12183.12	    0.00	87816.88	    0.00	87816.88	0.000	1.366	1.233	11665.08	100		    0.00	    0.00	66237.69	21579.19	0.000	0.000
184.00	12183.12	    0.00	87816.88	    0.00	87816.88	0.000	1.366	1.233	11665.08	100		    0.00	    0.00	66237.69	21579.19	0.000	0.000
185.00	12183.12	    0.00	87816.88	    0.00	87816.88	0.000	1.366	1.233	11665.08	100		    0.00	    0.00	66237.69	21579.19	0.000	0.000
186.00	12183.12	    0.00	87816.88	    0.00	87816.88	0.000	1.366	1.233	11665.08	100		    0.00	    0.00	66237.69	21579.19	0.000	0.000
187.00	12183.12	    0.00	87816.88	    0.00	87816.88	0.000	1.366	1.233	11665.08	100		    0.00	    0.00	66237.69	21579.19	0.000	0.000
188.00	12183.12	    0.00	87816.88	    0.00	87816.88	0.000	1.366	1.233	11665.08	100		    0.00	    0.00	66237.69	21579.19	0.000	0.000
189.00	12183.12	    0.00	87816.88	    0.00	87816.88	0.000	1.366	1.233	11665.08	100		    0.00	    0.00	66237.69	21579.19	0.000	0.000
190.00	12183.12	    0.00	87816.88	    0.00	87816.88	0.000	1.366	1.233	11665.08	100		    0.00	    0.00	66237.69	21579.19	0.000	0.000
191.00	12183.12	    0.00	87816.88	    0.00	87816.88	0.000	1.366	1.233	11665.08	100		    0.00	    0.00	66237.69	21579.19	0.000	0.000
192.00	12183.12	    0.00	87816.88	    0.00	87816.88	0.000	1.366	1.233	11665.08	100		    0.00	    0.00	66237.69	21579.19	0.000	0.000
193.00	12183.12	    0.00	87816.88	    0.00	87816.88	0.000	1.366	1.233	11665.08	100		    0.00	    0.00	66237.69	21579.19	0.000	0.000
194.00	12183.12	    0.00	87816.88	    0.00	87816.88	0.000	1.366	1.233	11665.08	100		    0.00	    0.00	66237.69	21579.19	0.000	0.000
195.00	12183.12	    0.00	87816.88	    0.00	87816.88	0.000	1.366	1.233	11665.08	100		    0.00	    0.00	66237.69	21579.19	0.000	0.000
196.00	12183.12	    0.00	87816.88	    0.00	87816.88	0.000	1.366	1.233	11665.08	100		    0.00	    0.00	66237.69	21579.19	0.000	0.000
197.00	12183.12	    0.00	87816.88	    0.00	87816.88	0.000	1.366	1.233	11665.08	100		    0.00	    0.00	66237.69	21579.19	0.000	0.000
198.00	12183.12	    0.00	87816.88	    0.00	87816.88	0.000	1.366	1.233	11665.08	100		    0.00	    0.00	66237.69	21579.19	0.000	0.000
199.00	12183.12	    0.00	87816.88	    0.00	87816.88	0.000	1.366	1.233	11665.08	100		    0.00	    0.00	66237.69	21579.19	0.000	0.000
200.00	12183.12	    0.00	87816.88	    0.00	87816.88	0.000	1.366	1.233	11665.08	100		    0.00	    0.00	66237.69	21579.19	0.000	0.000
201.00	12183.12	    0.00	87816.88	    0.00	87816.88	0.000	1.366	1.233	11665.08	100		    0.00	    0.00	66237.69	21579.19	0.000	0.000
202.00	12183.12	    0.00	87816.88	    0.00	87816.88	0.000	1.366	1.233	11665.08	100		    0.00	    0.00	66237.69	21579.19	0.000	0.000
203.00	12183.12	    0.00	87816.88	    0.00	87816.88	0.000	1.366	1.233	11665.08	100		    0.00	    0.00	66237.69	21579.19	0.000	0.000
204.00	12183.12	    0.00	87816.88	    0.00	87816.88	0.000	1.366	1.233	11665.08	100		    0.00	    0.00	66237.69	21579.19	0.000	0.000
205.00	12183.12	    0.00	87816.88	    0.00	87816.88	0.000	1.366	1.233	11665.08	100		    0.00	    0.00	66237.69	21579.19	0.000	0.000
206.00	12183.12	    0.00	87816.88	    0.00	87816.88	0.000	1.366	1.233	11665.08	100		    0.00	    0.00	66237.69	21579.19	0.000	0.000
207.00	12183.12	    0.00	87816.88	    0.00	87816.88	0.000	1.366	1.233	11665.08	100		    0.00	    0.00	66237.69	21579.19	0.000	0.000
208.00	12183.12	    0.00	87816.88	    0.00	87816.88	0.000	1.366	1.233	11665.08	100		    0.00	    0.00	66237.69	21579.19	0.000	0.000
209.00	12183.12	    0.00	87816.88	    0.00	87816.88	0.000	1.366	1.233	11665.08	100		    0.00	    0.00	66237.69	21579.19	0.000	0.000
210.00	12183.12	    0.00	87816.88	    0.00	87816.88	0.000	1.366	1.233	11665.08	100		    0.00	    0.00	66237.69	21579.19	0.000	0.000
211.00	12183.12	    0.00	87816.88	    0.00	87816.88	0.000	1.366	1.233	11665.08	100		    0.00	    0.00	66237.69	21579.19	0.000	0.000
212.00	12183.12	    0.00	87816.88	    0.00	87816.88	0.000	1.366	1.233	11665.08	100		    0.00	    0.00	66237.69	21579.19	0.000	0.000
213.00	12183.12	    0.00	87816.88	    0.00	87816.88	0.000	1.366	1.233	11665.08	100		    0.00	    0.00	66237.69	21579.19	0.000	0.000
214.00	12183.12	    0.00	87816.88	    0.00	87816.88	0.000	1.366	1.233	11665.08	100		    0.00	    0.00	66237.69	21579.19	0.000	0.000
215.00	12183.12	    0.00	87816.88	    0.00	87816.88	0.000	1.366	1.233	11665.08	100		    0.00	    0.00	66237.69	21579.19	0.000	0.000
216.00	12183.12	    0.00	87816.88	    0.00	87816.88	0.000	1.366	1.233	11665.08	100		    0.00	    0.00	66237.69	21579.19	0.000	0.000
217.00	12183.12	    0.00	87816.88	    0.00	87816.88	0.000	1.366	1.233	11665.08	100		    0.00	    0.00	66237.69	21579.19	0.000	0.000
218.00	12183.12	    0.00	87816.88	    0.00	87816.88	0.000	1.366	1.233	11665.08	100		    0.00	    0.00	66237.69	21579.19	0.000	0.000
219.00	12183.12	    0.00	87816.88	    0.00	87816.88	0.000	1.366	1.233	11665.08	100		    0.00	    0.00	66237.69	21579.19	0.000	0.000
220.00	12183.12	    0.00	87816.88	    0.00	87816.88	0.000	1.366	1.233	11665.08	100		    0.00	    0.00	66237.69	21579.19	0.000	0.000
221.00	12183.12	    0.00	87816.88	    0.00	87816.88	0.000	1.366	1.233	11665.08	100		    0.00	    0.00	66237.69	21579.19	0.000	0.000
222.00	12183.12	    0.00	87816.88	    0.00	87816.88	0.000	1.366	1.233	11665.08	100		    0.00	    0.00	66237.69	21579.19	0.000	0.000
223.00	12183.12	    0.00	87816.88	    0.00	87816.88	0.000	1.366	1.233	11665.08	100		    0.00	    0.00	66237.69	21579.19	0.000	0.000
224.00	12183.12	    0.00	87816.88	    0.00	87816.88	0.000	1.366	1.233	11665.08	100		    0.00	    0.00	66237.69	21579.19	0.000	0.000
225.00	12183.12	    0.00	87816.88	    0.00	87816.88	0.000	1.366	1.233	11665.08	100		    0.00	    0.00	66237.69	21579.19	0.000	0.000
226.00	12183.12	    0.00	87816.88	    0.00	87816.88	0.000	1.366	1.233	11665.08	100		    0.00	    0.00	66237.69	21579.19	0.000	0.000
227.00	12183.12	    0.00	87816.88	    0.00	87816.88	0.000	1.366	1.233	11665.08	100		    0.00	    0.00	66237.69	21579.19	0.000	0.000
228.00	12183.12	    0.00	87816.88	    0.00	87816.88	0.000	1.366	1.233	11665.08	100		    0.00	    0.00	66237.69	21579.19	0.000	0.000
229.00	12183.12	    0.00	87816.88	    0.00	87816.88	0.000	1.366	1.233	11665.08	100		    0.00	    0.00	66237.69	21579.19	0.000	0.000
230.00	12183.12	    0.00	87816.88	    0.00	87816.88	0.000	1.366	1.233	11665.08	100		    0.00	    0.00	66237.69	21579.19	0.000	0.000
231.00	12183.12	    0.00	87816.88	    0.00	87816.88	0.000	1.366	1.233	11665.08	100		    0.00	    0.00	66237.69	21579.19	0.000	0.000
232.00	12183.12	    0.00	87816.88	    0.00	87816.88	0.000	1.366	1.233	11665.08	100		    0.00	    0.00	66237.69	21579.19	0.000	0.000
233.00	12183.12	    0.00	87816.88	    0.00	87816.88	0.000	1.366	1.233	11665.08	100		    0.00	    0.00	66237.69	21579.19	0.000	0.000
234.00	12183.12	    0.00	87816.88	    0.00	87816.88	0.000	1.366	1.233	11665.08	100		    0.00	    0.00	66237.69	21579.19	0.000	0.000
235.00	12183.12	    0.00	87816.88	    0.00	87816.88	0.000	1.366	1.233	11665.08	100		    0.00	    0.00	66237.69	21579.19	0.000	0.000
236.00	12183.12	    0.00	87816.88	    0.00	87816.88	0.000	1.366	1.233	11665.08	100		    0.00	    0.00	66237.69	21579.19	0.000	0.000
237.00	12183.12	    0.00	87816.88	    0.00	87816.88	0.000	1.366	1.233	11665.08	100		    0.00	    0.00	66237.69	21579.19	0.000	0.000
238.00	12183.12	    0.00	87816.88	    0.00	87816.88	0.000	1.366	1.233	11665.08	100		    0.00	    0.00	66237.69	21579.19	0.000	0.000
239.00	12183.12	    0.00	87816.88	    0.00	87816.88	0.000	1.366	1.233	11665.08	100		    0.00	    0.00	66237.69	21579.19	0.000	0.000
240.00	12183.12	    0.00	87816.88	    0.00	87816.88	0.000	1.366	1.233	11665.08	100		    0.00	    0.00	66237.69	21579.19	0.000	0.000
241.00	12183.12	    0.00	87816.88	    0.00	87816.88	0.000	1.366	1.233	11665.08	100		    0.00	    0.00	66237.69	21579.19	0.000	0.000
242.00	12183.12	    0.00	87816.88	    0.00	87816.88	0.000	1.366	1.233	11665.08	100		    0.00	    0.00	66237.69	21579.19	0.000	0.000
243.00	12183.12	    0.00	87816.88	    0.00	87816.88	0.000	1.366	1.233	11665.08	100		    0.00	    0.00	66237.69	21579.19	0.000	0.000
244.00	12183.12	    0.00	87816.88	    0.00	87816.88	0.000	1.366	1.233	11665.08	100		    0.00	    0.00	66237.69	21579.19	0.000	0.000
245.00	12183.12	    0.00	87816.88	    0.00	87816.88	0.000	1.366	1.233	11665.08	100		    0.00	    0.00	66237.69	21579.19	0.000	0.000
246.00	12183.12	    0.00	87816.88	    0.00	87816.88	0.000	1.366	1.233	11665.08	100		    0.00	    0.00	66237.69	21579.19	0.000	0.000
247.00	12183.12	    0.00	87816.88	    0.00	87816.88	0.000	1.366	1.233	11665.08	100		    0.00	    0.00	66237.69	21579.19	0.000	0.000
248.00	12183.12	    0.00	87816.88	    0.00	87816.88	0.000	1.366	1.233	11665.08	100		    0.00	    0.00	66237.69	21579.19	0.000	0.000
249.00	12183.12	    0.00	87816.88	    0.00	87816.88	0.000	1.366	1.233	11665.08	100		    0.00	    0.00	66237.69	21579.19	0.000	0.000
250.00	12183.12	    0.00	87816.88	    0.00	87816.88	0.000	1.366	1.233	11665.08	100		    0.00	    0.00	66237.69	21579.19	0.000	0.000
251.00	12183.12	    0.00	87816.88	    0.00	87816.88	0.000	1.366	1.233	11665.08	100		    0.00	    0.00	66237.69	21579.19	0.000	0.000
252.00	12183.12	    0.00	87816.88	    0.00	87816.88	0.000	1.366	1.233	11665.08	100		    0.00	    0.00	66237.69	21579.19	0.000	0.000
253.00	12183.12	    0.00	87816.88	    0.00	87816.88	0.000	1.366	1.233	11665.08	100		    0.00	    0.00	66237.69	21579.19	0.000	0.000
254.00	12183.12	    0.00	87816.88	    0.00	87816.88	0.000	1.366	1.233	11665.08	100		    0.00	    0.00	66237.69	21579.19	0.000	0.000
255.00	12183.12	    0.00	87816.88	    0.00	87816.88	0.000	1.366	1.233	11665.08	100		    0.00	    0.00	66237.69	21579.19	0.000	0.000
256.00	12183.12	    0.00	87816.88	    0.00	87816.88	0.000	1.366	1.233	11665.08	100		    0.00	    0.00	66237.69	21579.19	0.000	0.000
257.00	12183.12	    0.00	87816.88	    0.00	87816.88	0.000	1.366	1.233	11665.08	100		    0.00	    0.00	66237.69	21579.19	0.000	0.000
258.00	12183.12	    0.00	87816.88	    0.00	87816.88	0.000	1.366	1.233	11665.08	100		    0.00	    0.00	66237.69	21579.19	0.000	0.000
259.00	12183.12	    0.00	87816.88	    0.00	87816.88	0.000	1.366	1.233	11665.08	100		    0.00	    0.00	66237.69	21579.19	0.000	0.000
260.00	12183.12	    0.00	87816.88	    0.00	87816.88	0.000	1.366	1.233	11665.08	100		    0.00	    0.00	66237.69	21579.19	0.000	0.000
261.00	12183.12	    0.00	87816.88	    0.00	87816.88	0.000	1.366	1.233	11665.08	100		    0.00	    0.00	66237.69	21579.19	0.000	0.000
262.00	12183.12	    0.00	87816.88	    0.00	87816.88	0.000	1.366	1.233	11665.08	100		    0.00	    0.00	66237.69	21579.19	0.000	0.000
263.00	12183.12	    0.00	87816.88	    0.00	87816.88	0.000	1.366	1.233	11665.08	100		    0.00	    0.00	66237.69	21579.19	0.000	0.000
264.00	12183.12	    0.00	87816.88	    0.00	87816.88	0.000	1.366	1.233	11665.08	100		    0.00	    0.00	66237.69	21579.19	0.000	0.000
265.00	12183.12	    0.00	87816.88	    0.00	87816.88	0.000	1.366	1.233	11665.08	100		    0.00	    0.00	66237.69	21579.19	0.000	0.000
266.00	12183.12	    0.00	87816.88	    0.00	87816.88	0.000	1.366	1.233	11665.08	100		    0.00	    0.00	66237.69	21579.19	0.000	0.000
267.00	12183.12	    0.00	87816.88	    0.00	87816.88	0.000	1.366	1.233	11665.08	100		    0.00	    0.00	66237.69	21579.19	0.000	0.000
268.00	12183.12	    0.00	87816.88	    0.00	87816.88	0.000	1.366	1.233	11665.08	100		    0.00	    0.00	66237.69	21579.19	0.000	0.000
269.00	12183.12	    0.00	87816.88	    0.00	87816.88	0.000	1.366	1.233	11665.08	100		    0.00	    0.00	66237.69	21579.19	0.000	0.000
270.00	12183.12	    0.00	87816.88	    0.00	87816.88	0.000	1.366	1.233	11665.08	100		    0.00	    0.00	66237.69	21579.19	0.000	0.000
271.00	12183.12	    0.00	87816.88	    0.00	87816.88	0.000	1.366	1.233	11665.08	100		    0.00	    0.00	66237.69	21579.19	0.000	0.000
272.00	12183.12	    0.00	87816.88	    0.00	87816.88	0.000	1.366	1.233	11665.08	100		    0.00	    0.00	66237.69	21579.19	0.000	0.000
273.00	12183.12	    0.00	87816.88	    0.00	87816.88	0.000	1.366	1.233	11665.08	100		    0.00	    0.00	66237.69	21579.19	0.000	0.000
274.00	12183.12	    0.00	87816.88	    0.00	87816.88	0.000	1.366	1.233	11665.08	100		    0.00	    0.00	66237.69	21579.19	0.000	0.000
275.00	12183.12	    0.00	87816.88	    0.00	87816.88	0.000	1.366	1.233	11665.08	100		    0.00	    0.00	66237.69	21579.19	0.000	0.000
276.00	12183.12	    0.00	87816.88	    0.00	87816.88	0.000	1.366	1.233	11665.08	100		    0.00	    0.00	66237.69	21579.19	0.000	0.000
277.00	12183.12	    0.00	87816.88	    0.00	87816.88	0.000	1.366	1.233	11665.08	100		    0.00	    0.00	66237.69	21579.19	0.000	0.000
278.00	12183.12	    0.00	87816.88	    0.00	87816.88	0.000	1.366	1.233	11665.08	100		    0.00	    0.00	66237.69	21579.19	0.000	0.000
279.00	12183.12	    0.00	87816.88	    0.00	87816.88	0.000	1.366	1.233	11665.08	100		    0.00	    0.00	66237.69	21579.19	0.000	0.000
280.00	12183.12	    0.00	87816.88	    0.00	87816.88	0.000	1.366	1.233	11665.08	100		    0.00	    0.00	66237.69	21579.19	0.000	0.000
281.00	12183.12	    0.00	87816.88	    0.00	87816.88	0.000	1.366	1.233	11665.08	100		    0.00	    0.00	66237.69	21579.19	0.000	0.000
282.00	12183.12	    0.00	87816.88	    0.00	87816.88	0.000	1.366	1.233	11665.08	100		    0.00	    0.00	66237.69	21579.19	0.000	0.000
283.00	12183.12	    0.00	87816.88	    0.00	87816.88	0.000	1.366	1.233	11665.08	100		    0.00	    0.00	66237.69	21579.19	0.000	0.000
284.00	12183.12	    0.00	87816.88	    0.00	87816.88	0.000	1.366	1.233	11665.08	100		    0.00	    0.00	66237.69	21579.19	0.000	0.000
285.00	12183.12	    0.00	87816.88	    0.00	87816.88	0.000	1.366	1.233	11665.08	100		    0.00	    0.00	66237.69	21579.19	0.000	0.000
286.00	12183.12	    0.00	87816.88	    0.00	87816.88	0.000	1.366	1.233	11665.08	100		    0.00	    0.00	66237.69	21579.19	0.000	0.000
287.00	12183.12	    0.00	87816.88	    0.00	87816.88	0.000	1.366	1.233	11665.08	100		    0.00	    0.00	66237.69	21579.19	0.000	0.000
288.00	12183.12	    0.00	87816.88	    0.00	87816.88	0.000	1.366	1.233	11665.08	100		    0.00	    0.00	66237.69	21579.19	0.000	0.000
289.00	12183.12	    0.00	87816.88	    0.00	87816.88	0.000	1.366	1.233	11665.08	100		    0.00	    0.00	66237.69	21579.19	0.000	0.000
290.00	12183.12	    0.00	87816.88	    0.00	87816.88	0.000	1.366	1.233	11665.08	100		    0.00	    0.00	66237.69	21579.19	0.000	0.000
291.00	12183.12	    0.00	87816.88	    0.00	87816.88	0.000	1.366	1.233	11665.08	100		    0.00	    0.00	66237.69	21579.19	0.000	0.000
292.00	12183.12	    0.00	87816.88	    0.00	87816.88	0.000	1.366	1.233	11665.08	100		    0.00	    0.00	66237.69	21579.19	0.000	0.000
293.00	12183.12	    0.00	87816.88	    0.00	87816.88	0.000	1.366	1.233	11665.08	100		    0.00	    0.00	66237.69	21579.19	0.000	0.000
294.00	12183.12	    0.00	87816.88	    0.00	87816.88	0.000	1.366	1.233	11665.08	100		    0.00	    0.00	66237.69	21579.19	0.000	0.000
295.00	12183.12	    0.00	87816.88	    0.00	87816.88	0.000	1.366	1.233	11665.08	100		    0.00	    0.00	66237.69	21579.19	0.000	0.000
296.00	12183.12	    0.00	87816.88	    0.00	87816.88	0.000	1.366	1.233	11665.08	100		    0.00	    0.00	66237.69	21579.19	0.000	0.000
297.00	12183.12	    0.00	87816.88	    0.00	87816.88	0.000	1.366	1.233	11665.08	100		    0.00	    0.00	66237.69	21579.19	0.000	0.000
298.00	12183.12	    0.00	87816.88	    0.00	87816.88	0.000	1.366	1.233	11665.08	100		    0.00	    0.00	66237.69	21579.19	0.000	0.000
299.00	12183.12	    0.00	87816.88	    0.00	87816.88	0.000	1.366	1.233	11665.08	100		    0.00	    0.00	66237.69	21579.19	0.000	0.000
300.00	12183.12	    0.00	87816.88	    0.00	87816.88	0.000	1.366	1.233	11665.08	100		    0.00	    0.00	66237.69	21579.19	0.000	0.000
301.00	12183.12	    0.00	87816.88	    0.00	87816.88	0.000	1.366	1.233	11665.08	100		    0.00	    0.00	66237.69	21579.19	0.000	0.000
302.00	12183.12	    0.00	87816.88	    0.00	87816.88	0.000	1.366	1.233	11665.08	100		    0.00	    0.00	66237.69	21579.19	0.000	0.000
303.00	12183.12	    0.00	87816.88	    0.00	87816.88	0.000	1.366	1.233	11665.08	100		    0.00	    0.00	66237.69	21579.19	0.000	0.000
304.00	12183.12	    0.00	87816.88	    0.00	87816.88	0.000	1.366	1.233	11665.08	100		    0.00	    0.00	66237.69	21579.19	0.000	0.000
305.00	12183.12	    0.00	87816.88	    0.00	87816.88	0.000	1.366	1.233	11665.08	100		    0.00	    0.00	66237.69	21579.19	0.000	0.000
306.00	12183.12	    0.00	87816.88	    0.00	87816.88	0.000	1.366	1.233	11665.08	100		    0.00	    0.00	66237.69	21579.19	0.000	0.000
307.00	12183.12	    0.00	87816.88	    0.00	87816.88	0.000	1.366	1.233	11665.08	100		    0.00	    0.00	66237.69	21579.19	0.000	0.000
308.00	12183.12	    0.00	87816.88	    0.00	87816.88	0.000	1.366	1.233	11665.08	100		    0.00	    0.00	66237.69	21579.19	0.000	0.000
309.00	12183.12	    0.00	87816.88	    0.00	87816.88	0.000	1.366	1.233	11665.08	100		    0.00	    0.00	66237.69	21579.19	0.000	0.000
310.00	12183.12	    0.00	87816.88	    0.00	87816.88	0.000	1.366	1.233	11665.08	100		    0.00	    0.00	66237.69	21579.19	0.000	0.000
311.00	12183.12	    0.00	87816.88	    0.00	87816.88	0.000	1.366	1.233	11665.08	100		    0.00	    0.00	66237.69	21579.19	0.000	0.000
312.00	12183.12	    0.00	87816.88	    0.00	87816.88	0.000	1.366	1.233	11665.08	100		    0.00	    0.00	66237.69	21579.19	0.000	0.000
313.00	12183.12	    0.00	87816.88	    0.00	87816.88	0.000	1.366	1.233	11665.08	100		    0.00	    0.00	66237.69	21579.19	0.000	0.000
314.00	12183.12	    0.00	87816.88	    0.00	87816.88	0.000	1.366	1.233	11665.08	100		    0.00	    0.00	66237.69	21579.19	0.000	0.000
315.00	12183.12	    0.00	87816.88	    0.00	87816.88	0.000	1.366	1.233	11665.08	100		    0.00	    0.00	66237.69	21579.19	0.000	0.000
316.00	12183.12	    0.00	87816.88	    0.00	87816.88	0.000	1.366	1.233	11665.08	100		    0.00	    0.00	66237.69	21579.19	0.000	0.000
317.00	12183.12	    0.00	87816.88	    0.00	87816.88	0.000	1.366	1.233	11665.08	100		    0.00	    0.00	66237.69	21579.19	0.000	0.000
318.00	12183.12	    0.00	87816.88	    0.00	87816.88	0.000	1.366	1.233	11665.08	100		    0.00	    0.00	66237.69	21579.19	0.000	0.000
319.00	12183.12	    0.00	87816.88	    0.00	87816.88	0.000	1.366	1.233	11665.08	100		    0.00	    0.00	66237.69	21579.19	0.000	0.000
320.00	12183.12	    0.00	87816.88	    0.00	87816.88	0.000	1.366	1.233	11665.08	100		    0.00	    0.00	66237.69	21579.19	0.000	0.000
321.00	12183.12	    0.00	87816.88	    0.00	87816.88	0.000	1.366	1.233	11665.08	100		    0.00	    0.00	66237.69	21579.19	0.000	0.000
322.00	12183.12	    0.00	87816.88	    0.00	87816.88	0.000	1.366	1.233	11665.08	100		    0.00	    0.00	66237.69	21579.19	0.000	0.000
323.00	12183.12	    0.00	87816.88	    0.00	87816.88	0.000	1.366	1.233	11665.08	100		    0.00	    0.00	66237.69	21579.19	0.000	0.000
324.00	12183.12	    0.00	87816.88	    0.00	87816.88	0.000	1.366	1.233	11665.08	100		    0.00	    0.00	66237.69	21579.19	0.000	0.000
325.00	12183.12	    0.00	87816.88	    0.00	87816.88	0.000	1.366	1.233	11665.08	100		    0.00	    0.00	66237.69	21579.19	0.000	0.000
326.00	12183.12	    0.00	87816.88	    0.00	87816.88	0.000	1.366	1.233	11665.08	100		    0.00	    0.00	66237.69	21579.19	0.000	0.000
327.00	12183.12	    0.00	87816.88	    0.00	87816.88	0.000	1.366	1.233	11665.08	100		    0.00	    0.00	66237.69	21579.19	0.000	0.000
328.00	12183.12	    0.00	87816.88	    0.00	87816.88	0.000	1.366	1.233	11665.08	100		    0.00	    0.00	66237.69	21579.19	0.000	0.000
329.00	12183.12	    0.00	87816.88	    0.00	87816.88	0.000	1.366	1.233	11665.08	100		    0.00	    0.00	66237.69	21579.19	0.000	0.000
330.00	12183.12	    0.00	87816.88	    0.00	87816.88	0.000	1.366	1.233	11665.08	100		    0.00	    0.00	66237.69	21579.19	0.000	0.000
331.00	12183.12	    0.00	87816.88	    0.00	87816.88	0.000	1.366	1.233	11665.08	100		    0.00	    0.00	66237.69	21579.19	0.000	0.000
332.00	12183.12	    0.00	87816.88	    0.00	87816.88	0.000	1.366	1.233	11665.08	100		    0.00	    0.00	66237.69	21579.19	0.000	0.000
333.00	12183.12	    0.00	87816.88	    0.00	87816.88	0.000	1.366	1.233	11665.08	100		    0.00	    0.00	66237.69	21579.19	0.000	0.000
334.00	12183.12	    0.00	87816.88	    0.00	87816.88	0.000	1.366	1.233	11665.08	100		    0.00	    0.00	66237.69	21579.19	0.000	0.000
335.00	12183.12	    0.00	87816.88	    0.00	87816.88	0.000	1.366	1.233	11665.08	100		    0.00	    0.00	66237.69	21579.19	0.000	0.000
336.00	12183.12	    0.00	87816.88	    0.00	87816.88	0.000	1.366	1.233	11665.08	100		    0.00	    0.00	66237.69	21579.19	0.000	0.000
337.00	12183.12	    0.00	87816.88	    0.00	87816.88	0.000	1.366	1.233	11665.08	100		    0.00	    0.00	66237.69	21579.19	0.000	0.000
338.00	12183.12	    0.00	87816.88	    0.00	87816.88	0.000	1.366	1.233	11665.08	100		    0.00	    0.00	66237.69	21579.19	0.000	0.000
339.00	12183.12	    0.00	87816.88	    0.00	87816.88	0.000	1.366	1.233	11665.08	100		    0.00	    0.00	66237.69	21579.19	0.000	0.000
340.00	12183.12	    0.00	87816.88	    0.00	87816.88	0.000	1.366	1.233	11665.08	100		    0.00	    0.00	66237.69	21579.19	0.000	0.000
341.00	12183.12	    0.00	87816.88	    0.00	87816.88	0.000	1.366	1.233	11665.08	100		    0.00	    0.00	66237.69	21579.19	0.000	0.000
342.00	12183.12	    0.00	87816.88	    0.00	87816.88	0.000	1.366	1.233	11665.08	100		    0.00	    0.00	66237.69	21579.19	0.000	0.000
343.00	12183.12	    0.00	87816.88	    0.00	87816.88	0.000	1.366	1.233	11665.08	100		    0.00	    0.00	66237.69	21579.19	0.000	0.000
344.00	12183.12	    0.00	87816.88	    0.00	87816.88	0.000	1.366	1.233	11665.08	100		    0.00	    0.00	66237.69	21579.19	0.000	0.000
345.00	12183.12	    0.00	87816.88	    0.00	87816.88	0.000	1.366	1.233	11665.08	100		    0.00	    0.00	66237.69	21579.19	0.000	0.000
346.00	12183.12	    0.00	87816.88	    0.00	87816.88	0.000	1.366	1.233	11665.08	100		    0.00	    0.00	66237.69	21579.19	0.000	0.000
347.00	12183.12	    0.00	87816.88	    0.00	87816.88	0.000	1.366	1.233	11665.08	100		    0.00	    0.00	66237.69	21579.19	0.000	0.000
348.00	12183.12	    0.00	87816.88	    0.00	87816.88	0.000	1.366	1.233	11665.08	100		    0.00	    0.00	66237.69	21579.19	0.000	0.000
349.00	12183.12	    0.00	87816.88	    0.00	87816.88	0.000	1.366	1.233	11665.08	100		    0.00	    0.00	66237.69	21579.19	0.000	0.000
350.00	12183.12	    0.00	87816.88	    0.00	87816.88	0.000	1.366	1.233	11665.08	100		    0.00	    0.00	66237.69	21579.19	0.000	0.000
351.00	12183.12	    0.00	87816.88	    0.00	87816.88	0.000	1.366	1.233	11665.08	100		    0.00	    0.00	66237.69	21579.19	0.000	0.000
352.00	12183.12	    0.00	87816.88	    0.00	87816.88	0.000	1.366	1.233	11665.08	100		    0.00	    0.00	66237.69	21579.19	0.000	0.000
353.00	12183.12	    0.00	87816.88	    0.00	87816.88	0.000	1.366	1.233	11665.08	100		    0.00	    0.00	66237.69	21579.19	0.000	0.000
354.00	12183.12	    0.00	87816.88	    0.00	87816.88	0.000	1.366	1.233	11665.08	100		    0.00	    0.00	66237.69	21579.19	0.000	0.000
355.00	12183.12	    0.00	87816.88	    0.00	87816.88	0.000	1.366	1.233	11665.08	100		    0.00	    0.00	66237.69	21579.19	0.000	0.000
356.00	12183.12	    0.00	87816.88	    0.00	87816.88	0.000	1.366	1.233	11665.08	100		    0.00	    0.00	66237.69	21579.19	0.000	0.000
357.00	12183.12	    0.00	87816.88	    0.00	87816.88	0.000	1.366	1.233	11665.08	100		    0.00	    0.00	66237.69	21579.19	0.000	0.000
358.00	12183.12	    0.00	87816.88	    0.00	87816.88	0.000	1.366	1.233	11665.08	100		    0.00	    0.00	66237.69	21579.19	0.000	0.000
359.00	12183.12	    0.00	87816.88	    0.00	87816.88	0.000	1.366	1.233	11665.08	100		    0.00	    0.00	66237.69	21579.19	0.000	0.000
360.00	12183.12	    0.00	87816.88	    0.00	87816.88	0.000	1.366	1.233	11665.08	100		    0.00	    0.00	66237.69	21579.19	0.000	0.000
361.00	12183.12	    0.00	87816.88	    0.00	87816.88	0.000	1.366	1.233	11665.08	100		    0.00	    0.00	66237.69	21579.19	0.000	0.000
362.00	12183.12	    0.00	87816.88	    0.00	87816.88	0.000	1.366	1.233	11665.08	100		    0.00	    0.00	66237.69	21579.19	0.000	0.000
363.00	12183.12	    0.00	87816.88	    0.00	87816.88	0.000	1.366	1.233	11665.08	100		    0.00	    0.00	66237.69	21579.19	0.000	0.000
364.00	12183.12	    0.00	87816.88	    0.00	87816.88	0.000	1.366	1.233	11665.08	100		    0.00	    0.00	66237.69	21579.19	0.000	0.000
365.00	12183.12	    0.00	87816.88	    0.00	87816.88	0.000	1.366	1.233	11665.08	100		    0.00	    0.00	66237.69	21579.19	0.000	0.000
366.00	12183.12	    0.00	87816.88	    0.00	87816.88	0.000	1.366	1.233	11665.08	100		    0.00	    0.00	66237.69	21579.19	0.000	0.000
367.00	12183.12	    0.00	87816.88	    0.00	87816.88	0.000	1.366	1.233	11665.08	100		    0.00	    0.00	66237.69	21579.19	0.000	0.000
368.00	12183.12	    0.00	87816.88	    0.00	87816.88	0.000	1.366	1.233	11665.08	100		    0.00	    0.00	66237.69	21579.19	0.000	0.000
369.00	12183.12	    0.00	87816.88	    0.00	87816.88	0.000	1.366	1.233	11665.08	100		    0.00	    0.00	66237.69	21579.19	0.000	0.000
370.00	12183.12	    0.00	87816.88	    0.00	87816.88	0.000	1.366	1.233	11665.08	100		    0.00	    0.00	66237.69	21579.19	0.000	0.000
371.00	12183.12	    0.00	87816.88	    0.00	87816.88	0.000	1.366	1.233	11665.08	100		    0.00	    0.00	66237.69	21579.19	0.000	0.000
372.00	12183.12	    0.00	87816.88	    0.00	87816.88	0.000	1.366	1.233	11665.08	100		    0.00	    0.00	66237.69	21579.19	0.000	0.000
373.00	12183.12	    0.00	87816.88	    0.00	87816.88	0.000	1.366	1.233	11665.08	100		    0.00	    0.00	66237.69	21579.19	0.000	0.000
374.00	12183.12	    0.00	87816.88	    0.00	87816.88	0.000	1.366	1.233	11665.08	100		    0.00	    0.00	66237.69	21579.19	0.000	0.000
375.00	12183.12	    0.00	87816.88	    0.00	87816.88	0.000	1.366	1.233	11665.08	100		    0.00	    0.00	66237.69	21579.19	0.000	0.000
376.00	12183.12	    0.00	87816.88	    0.00	87816.88	0.000	1.366	1.233	11665.08	100		    0.00	    0.00	66237.69	21579.19	0.000	0.000
377.00	12183.12	    0.00	87816.88	    0.00	87816.88	0.000	1.366	1.233	11665.08	100		    0.00	    0.00	66237.69	21579.19	0.000	0.000
378.00	12183.12	    0.00	87816.88	    0.00	87816.88	0.000	1.366	1.233	11665.08	100		    0.00	    0.00	66237.69	21579.19	0.000	0.000
379.00	12183.12	    0.00	87816.88	    0.00	87816.88	0.000	1.366	1.233	11665.08	100		    0.00	    0.00	66237.69	21579.19	0.000	0.000
380.00	12183.12	    0.00	87816.88	    0.00	87816.88	0.000	1.366	1.233	11665.08	100		    0.00	    0.00	66237.69	21579.19	0.000	0.000
381.00	12183.12	    0.00	87816.88	    0.00	87816.88	0.000	1.366	1.233	11665.08	100		    0.00	    0.00	66237.69	21579.19	0.000	0.000
382.00	12183.12	    0.00	87816.88	    0.00	87816.88	0.000	1.366	1.233	11665.08	100		    0.00	    0.00	66237.69	21579.19	0.000	0.000
383.00	12183.12	    0.00	87816.88	    0.00	87816.88	0.000	1.366	1.233	11665.08	100		    0.00	    0.00	66237.69	21579.19	0.000	0.000
384.00	12183.12	    0.00	87816.88	    0.00	87816.88	0.000	1.366	1.233	11665.08	100		    0.00	    0.00	66237.69	21579.19	0.000	0.000
385.00	12183.12	    0.00	87816.88	    0.00	87816.88	0.000	1.366	1.233	11665.08	100		    0.00	    0.00	66237.69	21579.19	0.000	0.000
386.00	12183.12	    0.00	87816.88	    0.00	87816.88	0.000	1.366	1.233	11665.08	100		    0.00	    0.00	66237.69	21579.19	0.000	0.000
387.00	12183.12	    0.00	87816.88	    0.00	87816.88	0.000	1.366	1.233	11665.08	100		    0.00	    0.00	66237.69	21579.19	0.000	0.000
388.00	12183.12	    0.00	87816.88	    0.00	87816.88	0.000	1.366	1.233	11665.08	100		    0.00	    0.00	66237.69	21579.19	0.000	0.000
389.00	12183.12	    0.00	87816.88	    0.00	87816.88	0.000	1.366	1.233	11665.08	100		    0.00	    0.00	66237.69	21579.19	0.000	0.000
390.00	12183.12	    0.00	87816.88	    0.00	87816.88	0.000	1.366	1.233	11665.08	100		    0.00	    0.00	66237.69	21579.19	0.000	0.000
391.00	12183.12	    0.00	87816.88	    0.00	87816.88	0.000	1.366	1.233	11665.08	100		    0.00	    0.00	66237.69	21579.19	0.000	0.000
392.00	12183.12	    0.00	87816.88	    0.00	87816.88	0.000	1.366	1.233	11665.08	100		    0.00	    0.00	66237.69	21579.19	0.000	0.000
393.00	12183.12	    0.00	87816.88	    0.00	87816.88	0.000	1.366	1.233	11665.08	100		    0.00	    0.00	66237.69	21579.19	0.000	0.000
394.00	12183.12	    0.00	87816.88	    0.00	87816.88	0.000	1.366	1.233	11665.08	100		    0.00	    0.00	66237.69	21579.19	0.000	0.000
395.00	12183.12	    0.00	87816.88	    0.00	87816.88	0.000	1.366	1.233	11665.08	100		    0.00	    0.00	66237.69	21579.19	0.000	0.000
396.00	12183.12	    0.00	87816.88	    0.00	87816.88	0.000	1.366	1.233	11665.08	100		    0.00	    0.00	66237.69	21579.19	0.000	0.000
397.00	12183.12	    0.00	87816.88	    0.00	87816.88	0.000	1.366	1.233	11665.08	100		    0.00	    0.00	66237.69	21579.19	0.000	0.000
398.00	12183.12	    0.00	87816.88	    0.00	87816.88	0.000	1.366	1.233	11665.08	100		    0.00	    0.00	66237.69	21579.19	0.000	0.000
399.00	12183.12	    0.00	87816.88	    0.00	87816.88	0.000	1.366	1.233	11665.08	100		    0.00	    0.00	66237.69	21579.19	0.000	0.000
400.00	12183.12	    0.00	87816.88	    0.00	87816.88	0.000	1.366	1.233	11665.08	100		    0.00	    0.00	66237.69	21579.19	0.000	0.000
401.00	12183.12	    0.00	87816.88	    0.00	87816.88	0.000	1.366	1.233	11665.08	100		    0.00	    0.00	66237.69	21579.19	0.000	0.000
402.00	12183.12	    0.00	87816.88	    0.00	87816.88	0.000	1.366	1.233	11665.08	100		    0.00	    0.00	66237.69	21579.19	0.000	0.000
403.00	12183.12	    0.00	87816.88	    0.00	87816.88	0.000	1.366	1.233	11665.08	100		    0.00	    0.00	66237.69	21579.19	0.000	0.000
404.00	12183.12	    0.00	87816.88	    0.00	87816.88	0.000	1.366	1.233	11665.08	100		    0.00	    0.00	66237.69	21579.19	0.000	0.000
405.00	12183.12	    0.00	87816.88	    0.00	87816.88	0.000	1.366	1.233	11665.08	100		    0.00	    0.00	66237.69	21579.19	0.000	0.000
406.00	12183.12	    0.00	87816.88	    0.00	87816.88	0.000	1.366	1.233	11665.08	100		    0.00	    0.00	66237.69	21579.19	0.000	0.000
407.00	12183.12	    0.00	87816.88	    0.00	87816.88	0.000	1.366	1.233	11665.08	100		    0.00	    0.00	66237.69	21579.19	0.000	0.000
408.00	12183.12	    0.00	87816.88	    0.00	87816.88	0.000	1.366	1.233	11665.08	100		    0.00	    0.00	66237.69	21579.19	0.000	0.000
409.00	12183.12	    0.00	87816.88	    0.00	87816.88	0.000	1.366	1.233	11665.08	100		    0.00	    0.00	66237.69	21579.19	0.000	0.000
410.00	12183.12	    0.00	87816.88	    0.00	87816.88	0.000	1.366	1.233	11665.08	100		    0.00	    0.00	66237.69	21579.19	0.000	0.000
411.00	12183.12	    0.00	87816.88	    0.00	87816.88	0.000	1.366	1.233	11665.08	100		    0.00	    0.00	66237.69	21579.19	0.000	0.000
412.00	12183.12	    0.00	87816.88	    0.00	87816.88	0.000	1.366	1.233	11665.08	100		    0.00	    0.00	66237.69	21579.19	0.000	0.000
413.00	12183.12	    0.00	87816.88	    0.00	87816.88	0.000	1.366	1.233	11665.08	100		    0.00	    0.00	66237.69	21579.19	0.000	0.000
414.00	12183.12	    0.00	87816.88	    0.00	87816.88	0.000	1.366	1.233	11665.08	100		    0.00	    0.00	66237.69	21579.19	0.000	0.000
415.00	12183.12	    0.00	87816.88	    0.00	87816.88	0.000	1.366	1.233	11665.08	100		    0.00	    0.00	66237.69	21579.19	0.000	0.000
416.00	12183.12	    0.00	87816.88	    0.00	87816.88	0.000	1.366	1.233	11665.08	100		    0.00	    0.00	66237.69	21579.19	0.000	0.000
417.00	12183.12	    0.00	87816.88	    0.00	87816.88	0.000	1.366	1.233	11665.08	100		    0.00	    0.00	66237.69	21579.19	0.000	0.000
418.00	12183.12	    0.00	87816.88	    0.00	87816.88	0.000	1.366	1.233	11665.08	100		    0.00	    0.00	66237.69	21579.19	0.000	0.000
419.00	12183.12	    0.00	87816.88	    0.00	87816.88	0.000	1.366	1.233	11665.08	100		    0.00	    0.00	66237.69	21579.19	0.000	0.000
420.00	12183.12	    0.00	87816.88	    0.00	87816.88	0.000	1.366	1.233	11665.08	100		    0.00	    0.00	66237.69	21579.19	0.000	0.000
421.00	12183.12	    0.00	87816.88	    0.00	87816.88	0.000	1.366	1.233	11665.08	100		    0.00	    0.00	66237.69	21579.19	0.000	0.000
422.00	12183.12	    0.00	87816.88	    0.00	87816.88	0.000	1.366	1.233	11665.08	100		    0.00	    0.00	66237.69	21579.19	0.000	0.000
423.00	12183.12	    0.00	87816.88	    0.00	87816.88	0.000	1.366	1.233	11665.08	100		    0.00	    0.00	66237.69	21579.19	0.000	0.000
424.00	12183.12	    0.00	87816.88	    0.00	87816.88	0.000	1.366	1.233	11665.08	100		    0.00	    0.00	66237.69	21579.19	0.000	0.000
425.00	12183.12	    0.00	87816.88	    0.00	87816.88	0.000	1.366	1.233	11665.08	100		    0.00	    0.00	66237.69	21579.19	0.000	0.000
426.00	12183.12	    0.00	87816.88	    0.00	87816.88	0.000	1.366	1.233	11665.08	100		    0.00	    0.00	66237.69	21579.19	0.000	0.000
427.00	12183.12	    0.00	87816.88	    0.00	87816.88	0.000	1.366	1.233	11665.08	100		    0.00	    0.00	66237.69	21579.19	0.000	0.000
428.00	12183.12	    0.00	87816.88	    0.00	87816.88	0.000	1.366	1.233	11665.08	100		    0.00	    0.00	66237.69	21579.19	0.000	0.000
429.00	12183.12	    0.00	87816.88	    0.00	87816.88	0.000	1.366	1.233	11665.08	100		    0.00	    0.00	66237.69	21579.19	0.000	0.000
430.00	12183.12	    0.00	87816.88	    0.00	87816.88	0.000	1.366	1.233	11665.08	100		    0.00	    0.00	66237.69	21579.19	0.000	0.000
431.00	12183.12	    0.00	87816.88	    0.00	87816.88	0.000	1.366	1.233	11665.08	100		    0.00	    0.00	66237.69	21579.19	0.000	0.000
432.00	12183.12	    0.00	87816.88	    0.00	87816.88	0.000	1.366	1.233	11665.08	100		    0.00	    0.00	66237.69	21579.19	0.000	0.000
433.00	12183.12	    0.00	87816.88	    0.00	87816.88	0.000	1.366	1.233	11665.08	100		    0.00	    0.00	66237.69	21579.19	0.000	0.000
434.00	12183.12	    0.00	87816.88	    0.00	87816.88	0.000	1.366	1.233	11665.08	100		    0.00	    0.00	66237.69	21579.19	0.000	0.000
435.00	12183.12	    0.00	87816.88	    0.00	87816.88	0.000	1.366	1.233	11665.08	100		    0.00	    0.00	66237.69	21579.19	0.000	0.000
436.00	12183.12	    0.00	87816.88	    0.00	87816.88	0.000	1.366	1.233	11665.08	100		    0.00	    0.00	66237.69	21579.19	0.000	0.000
437.00	12183.12	    0.00	87816.88	    0.00	87816.88	0.000	1.366	1.233	11665.08	100		    0.00	    0.00	66237.69	21579.19	0.000	0.000
438.00	12183.12	    0.00	87816.88	    0.00	87816.88	0.000	1.366	1.233	11665.08	100		    0.00	    0.00	66237.69	21579.19	0.000	0.000
439.00	12183.12	    0.00	87816.88	    0.00	87816.88	0.000	1.366	1.233	11665.08	100		    0.00	    0.00	66237.69	21579.19	0.000	0.000
440.00	12183.12	    0.00	87816.88	    0.00	87816.88	0.000	1.366	1.233	11665.08	100		    0.00	    0.00	66237.69	21579.19	0.000	0.000
441.00	12183.12	    0.00	87816.88	    0.00	87816.88	0.000	1.366	1.233	11665.08	100		    0.00	    0.00	66237.69	21579.19	0.000	0.000
442.00	12183.12	    0.00	87816.88	    0.00	87816.88	0.000	1.366	1.233	11665.08	100		    0.00	    0.00	66237.69	21579.19	0.000	0.000
443.00	12183.12	    0.00	87816.88	    0.00	87816.88	0.000	1.366	1.233	11665.08	100		    0.00	    0.00	66237.69	21579.19	0.000	0.000
444.00	12183.12	    0.00	87816.88	    0.00	87816.88	0.000	1.366	1.233	11665.08	100		    0.00	    0.00	66237.69	21579.19	0.000	0.000
445.00	12183.12	    0.00	87816.88	    0.00	87816.88	0.000	1.366	1.233	11665.08	100		    0.00	    0.00	66237.69	21579.19	0.000	0.000
446.00	12183.12	    0.00	87816.88	    0.00	87816.88	0.000	1.366	1.233	11665.08	100		    0.00	    0.00	66237.69	21579.19	0.000	0.000
447.00	12183.12	    0.00	87816.88	    0.00	87816.88	0.000	1.366	1.233	11665.08	100		    0.00	    0.00	66237.69	21579.19	0.000	0.000
448.00	12183.12	    0.00	87816.88	    0.00	87816.88	0.000	1.366	1.233	11665.08	100		    0.00	    0.00	66237.69	21579.19	0.000	0.000
449.00	12183.12	    0.00	87816.88	    0.00	87816.88	0.000	1.366	1.233	11665.08	100		    0.00	    0.00	66237.69	21579.19	0.000	0.000
450.00	12183.12	    0.00	87816.88	    0.00	87816.88	0.000	1.366	1.233	11665.08	100		    0.00	    0.00	66237.69	21579.19	0.000	0.000
451.00	12183.12	    0.00	87816.88	    0.00	87816.88	0.000	1.366	1.233	11665.08	100		    0.00	    0.00	66237.69	21579.19	0.000	0.000
452.00	12183.12	    0.00	87816.88	    0.00	87816.88	0.000	1.366	1.233	11665.08	100		    0.00	    0.00	66237.69	21579.19	0.000	0.000
453.00	12183.12	    0.00	87816.88	    0.00	87816.88	0.000	1.366	1.233	11665.08	100		    0.00	    0.00	66237.69	21579.19	0.000	0.000
454.00	12183.12	    0.00	87816.88	    0.00	87816.88	0.000	1.366	1.233	11665.08	100		    0.00	    0.00	66237.69	21579.19	0.000	0.000
455.00	12183.12	    0.00	87816.88	    0.00	87816.88	0.000	1.366	1.233	11665.08	100		    0.00	    0.00	66237.69	21579.19	0.000	0.000
456.00	12183.12	    0.00	87816.88	    0.00	87816.88	0.000	1.366	1.233	11665.08	100		    0.00	    0.00	66237.69	21579.19	0.000	0.000
457.00	12183.12	    0.00	87816.88	    0.00	87816.88	0.000	1.366	1.233	11665.08	100		    0.00	    0.00	66237.69	21579.19	0.000	0.000
458.00	12183.12	    0.00	87816.88	    0.00	87816.88	0.000	1.366	1.233	11665.08	100		    0.00	    0.00	66237.69	21579.19	0.000	0.000
459.00	12183.12	    0.00	87816.88	    0.00	87816.88	0.000	1.366	1.233	11665.08	100		    0.00	    0.00	66237.69	21579.19	0.000	0.000
460.00	12183.12	    0.00	87816.88	    0.00	87816.88	0.000	1.366	1.233	11665.08	100		    0.00	    0.00	66237.69	21579.19	0.000	0.000
461.00	12183.12	    0.00	87816.88	    0.00	87816.88	0.000	1.366	1.233	11665.08	100		    0.00	    0.00	66237.69	21579.19	0.000	0.000
462.00	12183.12	    0.00	87816.88	    0.00	87816.88	0.000	1.366	1.233	11665.08	100		    0.00	    0.00	66237.69	21579.19	0.000	0.000
463.00	12183.12	    0.00	87816.88	    0.00	87816.88	0.000	1.366	1.233	11665.08	100		    0.00	    0.00	66237.69	21579.19	0.000	0.000
464.00	12183.12	    0.00	87816.88	    0.00	87816.88	0.000	1.366	1.233	11665.08	100		    0.00	    0.00	66237.69	21579.19	0.000	0.000
465.00	12183.12	    0.00	87816.88	    0.00	87816.88	0.000	1.366	1.233	11665.08	100		    0.00	    0.00	66237.69	21579.19	0.000	0.000
466.00	12183.12	    0.00	87816.88	    0.00	87816.88	0.000	1.366	1.233	11665.08	100		    0.00	    0.00	66237.69	21579.19	0.000	0.000
467.00	12183.12	    0.00	87816.88	    0.00	87816.88	0.000	1.366	1.233	11665.08	100		    0.00	    0.00	66237.69	21579.19	0.000	0.000
468.00	12183.12	    0.00	87816.88	    0.00	87816.88	0.000	1.366	1.233	11665.08	100		    0.00	    0.00	66237.69	21579.19	0.000	0.000
469.00	12183.12	    0.00	87816.88	    0.00	87816.88	0.000	1.366	1.233	11665.08	100		    0.00	    0.00	66237.69	21579.19	0.000	0.000
470.00	12183.12	    0.00	87816.88	    0.00	87816.88	0.000	1.366	1.233	11665.08	100		    0.00	    0.00	66237.69	21579.19	0.000	0.000
471.00	12183.12	    0.00	87816.88	    0.00	87816.88	0.000	1.366	1.233	11665.08	100		    0.00	    0.00	66237.69	21579.19	0.000	0.000
472.00	12183.12	    0.00	87816.88	    0.00	87816.88	0.000	1.366	1.233	11665.08	100		    0.00	    0.00	66237.69	21579.19	0.000	0.000
473.00	12183.12	    0.00	87816.88	    0.00	87816.88	0.000	1.366	1.233	11665.08	100		    0.00	    0.00	66237.69	21579.19	0.000	0.000
474.00	12183.12	    0.00	87816.88	    0.00	87816.88	0.000	1.366	1.233	11665.08	100		    0.00	    0.00	66237.69	21579.19	0.000	0.000
475.00	12183.12	    0.00	87816.88	    0.00	87816.88	0.000	1.366	1.233	11665.08	100		    0.00	    0.00	66237.69	21579.19	0.000	0.000
476.00	12183.12	    0.00	87816.88	    0.00	87816.88	0.000	1.366	1.233	11665.08	100		    0.00	    0.00	66237.69	21579.19	0.000	0.000
477.00	12183.12	    0.00	87816.88	    0.00	87816.88	0.000	1.366	1.233	11665.08	100		    0.00	    0.00	66237.69	21579.19	0.000	0.000
478.00	12183.12	    0.00	87816.88	    0.00	87816.88	0.000	1.366	1.233	11665.08	100		    0.00	    0.00	66237.69	21579.19	0.000	0.000
479.00	12183.12	    0.00	87816.88	    0.00	87816.88	0.000	1.366	1.233	11665.08	100		    0.00	    0.00	66237.69	21579.19	0.000	0.000
480.00	12183.12	    0.00	87816.88	    0.00	87816.88	0.000	1.366	1.233	11665.08	100		    0.00	    0.00	66237.69	21579.19	0.000	0.000
481.00	12183.12	    0.00	87816.88	    0.00	87816.88	0.000	1.366	1.233	11665.08	100		    0.00	    0.00	66237.69	21579.19	0.000	0.000
482.00	12183.12	    0.00	87816.88	    0.00	87816.88	0.000	1.366	1.233	11665.08	100		    0.00	    0.00	66237.69	21579.19	0.000	0.000
483.00	12183.12	    0.00	87816.88	    0.00	87816.88	0.000	1.366	1.233	11665.08	100		    0.00	    0.00	66237.69	21579.19	0.000	0.000
484.00	12183.12	    0.00	87816.88	    0.00	87816.88	0.000	1.366	1.233	11665.08	100		    0.00	    0.00	66237.69	21579.19	0.000	0.000
485.00	12183.12	    0.00	87816.88	    0.00	87816.88	0.000	1.366	1.233	11665.08	100		    0.00	    0.00	66237.69	21579.19	0.000	0.000
486.00	12183.12	    0.00	87816.88	    0.00	87816.88	0.000	1.366	1.233	11665.08	100		    0.00	    0.00	66237.69	21579.19	0.000	0.000
487.00	12183.12	    0.00	87816.88	    0.00	87816.88	0.000	1.366	1.233	11665.08	100		    0.00	    0.00	66237.69	21579.19	0.000	0.000
488.00	12183.12	    0.00	87816.88	    0.00	87816.88	0.000	1.366	1.233	11665.08	100		    0.00	    0.00	66237.69	21579.19	0.000	0.000
489.00	12183.12	    0.00	87816.88	    0.00	87816.88	0.000	1.366	1.233	11665.08	100		    0.00	    0.00	66237.69	21579.19	0.000	0.000
490.00	12183.12	    0.00	87816.88	    0.00	87816.88	0.000	1.366	1.233	11665.08	100		    0.00	    0.00	66237.69	21579.19	0.000	0.000
491.00	12183.12	    0.00	87816.88	    0.00	87816.88	0.000	1.366	1.233	11665.08	100		    0.00	    0.00	66237.69	21579.19	0.000	0.000
492.00	12183.12	    0.00	87816.88	    0.00	87816.88	0.000	1.366	1.233	11665.08	100		    0.00	    0.00	66237.69	21579.19	0.000	0.000
493.00	12183.12	    0.00	87816.88	    0.00	87816.88	0.000	1.366	1.233	11665.08	100		    0.00	    0.00	66237.69	21579.19	0.000	0.000
494.00	12183.12	    0.00	87816.88	    0.00	87816.88	0.000	1.366	1.233	11665.08	100		    0.00	    0.00	66237.69	21579.19	0.000	0.000
495.00	12183.12	    0.00	87816.88	    0.00	87816.88	0.000	1.366	1.233	11665.08	100		    0.00	    0.00	66237.69	21579.19	0.000	0.000
496.00	12183.12	    0.00	87816.88	    0.00	87816.88	0.000	1.366	1.233	11665.08	100		    0.00	    0.00	66237.69	21579.19	0.000	0.000
497.00	12183.12	    0.00	87816.88	    0.00	87816.88	0.000	1.366	1.233	11665.08	100		    0.00	    0.00	66237.69	21579.19	0.000	0.000
498.00	12183.12	    0.00	87816.88	    0.00	87816.88	0.000	1.366	1.233	11665.08	100		    0.00	    0.00	66237.69	21579.19	0.000	0.000
499.00	12183.12	    0.00	87816.88	    0.00	87816.88	0.000	1.366	1.233	11665.08	100		    0.00	    0.00	66237.69	21579.19	0.000	0.000
500.00	12183.12	    0.00	87816.88	    0.00	87816.88	0.000	1.366	1.233	11665.08	100		    0.00	    0.00	66237.69	21579.19	0.000	0.000
