0.00	99950.00	   50.00	    0.00	    0.00	   50.00	0.000	1.840	1.840	    0.00	  1		    0.00	    0.00	   23.00	   27.00	0.000	0.000
1.00	99949.95	   50.05	    0.00	    0.05	   50.05	0.000	1.913	1.912	    0.05	 22		    0.05	    0.00	   23.05	   27.00	1.000	0.000
2.00	99949.46	   50.43	    0.11	    0.53	   50.54	2.129	1.967	1.966	    0.06	 70		    0.46	    0.07	   23.47	   27.07	0.865	0.135
3.00	99945.15	   52.98	    1.87	    4.46	   54.85	0.781	2.012	2.010	    0.07	 99		    3.34	    1.12	   26.68	   28.17	0.749	0.251
4.00	99927.74	   65.62	    6.64	   17.46	   72.26	0.310	1.989	1.987	    0.11	100		   13.31	    4.15	   39.95	   32.31	0.762	0.238
5.00	99891.75	   92.94	   15.31	   35.99	  108.25	0.286	1.988	1.986	    0.25	100		   27.31	    8.68	   67.26	   40.99	0.759	0.241
6.00	99844.09	  124.11	   31.80	   47.66	  155.91	0.319	1.996	1.993	    0.40	100		   36.55	   11.11	  103.81	   52.10	0.767	0.233
7.00	99787.74	  156.09	   56.17	   56.35	  212.26	0.259	1.995	1.992	    0.62	100		   43.26	   13.09	  147.07	   65.19	0.768	0.232
8.00	99711.83	  201.70	   86.47	   75.91	  288.17	0.243	1.990	1.986	    1.10	100		   58.49	   17.42	  205.56	   82.61	0.771	0.229
9.00	99613.95	  260.38	  125.67	   97.88	  386.05	0.256	1.987	1.982	    1.94	100		   74.79	   23.09	  280.35	  105.70	0.764	0.236
10.00	99489.48	  334.28	  176.24	  124.47	  510.52	0.253	1.987	1.981	    3.04	100		   95.27	   29.20	  375.62	  134.90	0.765	0.235
11.00	99331.14	  428.36	  240.50	  158.34	  668.86	0.249	1.984	1.976	    5.14	100		  120.94	   37.40	  496.56	  172.30	0.764	0.236
12.00	99125.63	  551.64	  322.73	  205.51	  874.37	0.250	1.984	1.974	    8.58	100		  158.16	   47.35	  654.72	  219.65	0.770	0.230
13.00	98863.97	  706.28	  429.75	  261.66	 1136.03	0.250	1.982	1.969	   13.84	100		  201.63	   60.03	  856.35	  279.68	0.771	0.229
14.00	98531.27	  901.34	  567.39	  332.70	 1468.73	0.245	1.980	1.965	   22.51	100		  255.85	   76.85	 1112.20	  356.53	0.769	0.231
15.00	98105.63	 1153.94	  740.43	  425.64	 1894.37	0.245	1.977	1.957	   36.70	100		  326.62	   99.02	 1438.82	  455.55	0.767	0.233
16.00	97558.88	 1475.15	  965.97	  546.75	 2441.12	0.246	1.974	1.949	   59.69	100		  420.96	  125.79	 1859.78	  581.34	0.770	0.230
17.00	96868.10	 1877.69	 1254.21	  690.78	 3131.90	0.243	1.968	1.937	   96.54	100		  531.39	  159.39	 2391.17	  740.73	0.769	0.231
18.00	95989.95	 2387.42	 1622.63	  878.15	 4010.05	0.241	1.959	1.920	  156.49	100		  676.73	  201.42	 3067.90	  942.15	0.771	0.229
19.00	94885.95	 3015.64	 2098.41	 1104.00	 5114.05	0.237	1.948	1.900	  249.70	100		  848.42	  255.58	 3916.32	 1197.73	0.768	0.232
20.00	93501.22	 3796.65	 2702.13	 1384.73	 6498.78	0.232	1.934	1.873	  392.54	100		 1065.27	  319.46	 4981.59	 1517.19	0.769	0.231
21.00	91785.50	 4738.17	 3476.33	 1715.72	 8214.50	0.226	1.917	1.843	  609.69	100		 1320.76	  394.96	 6302.35	 1912.15	0.770	0.230
22.00	89672.92	 5874.30	 4452.78	 2112.58	10327.08	0.218	1.895	1.805	  927.53	100		 1625.05	  487.53	 7927.40	 2399.68	0.769	0.231
23.00	87100.93	 7207.90	 5691.17	 2571.99	12899.07	0.210	1.871	1.764	 1383.19	100		 1976.82	  595.17	 9904.22	 2994.85	0.769	0.231
24.00	84023.16	 8733.82	 7243.02	 3077.77	15976.84	0.198	1.840	1.715	 2006.00	100		 2370.13	  707.64	12274.35	 3702.49	0.770	0.230
25.00	80398.96	10418.75	 9182.29	 3624.20	19601.04	0.184	1.804	1.659	 2839.12	100		 2786.84	  837.36	15061.19	 4539.85	0.769	0.231
26.00	76224.32	12196.00	11579.68	 4174.64	23775.68	0.167	1.763	1.599	 3896.74	100		 3212.02	  962.62	18273.21	 5502.47	0.769	0.231
27.00	71519.03	13977.44	14503.53	 4705.29	28480.97	0.147	1.716	1.535	 5162.16	100		 3622.26	 1083.03	21895.47	 6585.50	0.770	0.230
28.00	66394.07	15574.19	18031.74	 5124.96	33605.93	0.122	1.666	1.470	 6581.88	100		 3947.42	 1177.54	25842.89	 7763.04	0.770	0.230
29.00	61007.98	16815.38	22176.64	 5386.09	38992.02	0.092	1.612	1.405	 8066.80	100		 4155.86	 1230.23	29998.75	 8993.27	0.772	0.228
30.00	55452.59	17633.81	26913.60	 5555.39	44547.41	0.062	1.557	1.343	 9538.89	100		 4282.90	 1272.49	34281.65	10265.76	0.771	0.229
31.00	50056.79	17686.53	32256.68	 5395.80	49943.21	0.025	1.504	1.286	10873.60	100		 4159.54	 1236.26	38441.19	11502.02	0.771	0.229
32.00	44936.76	17107.67	37955.57	 5120.03	55063.24	-0.015	1.453	1.235	12007.90	100		 3956.70	 1163.33	42397.89	12665.35	0.773	0.227
33.00	40280.44	15872.93	43846.63	 4656.32	59719.56	-0.054	1.407	1.191	12901.87	100		 3594.32	 1062.00	45992.21	13727.35	0.772	0.228
34.00	36203.81	14117.86	49678.33	 4076.63	63796.19	-0.096	1.367	1.154	13567.63	100		 3152.43	  924.20	49144.64	14651.55	0.773	0.227
35.00	32729.32	12094.02	55176.66	 3474.49	67270.68	-0.136	1.332	1.124	14033.68	100		 2684.05	  790.44	51828.69	15441.99	0.773	0.227
36.00	29858.09	 9997.18	60144.73	 2871.23	70141.91	-0.173	1.304	1.099	14339.92	100		 2221.22	  650.01	54049.91	16092.00	0.774	0.226
37.00	27554.01	 7993.33	64452.66	 2304.08	72445.99	-0.207	1.281	1.080	14534.85	100		 1783.44	  520.64	55833.35	16612.64	0.774	0.226
38.00	25727.30	 6251.99	68020.71	 1826.71	74272.70	-0.235	1.263	1.065	14657.32	100		 1415.21	  411.50	57248.56	17024.14	0.775	0.225
39.00	24306.63	 4789.11	70904.26	 1420.67	75693.37	-0.256	1.249	1.054	14729.40	100		 1103.63	  317.04	58352.19	17341.18	0.777	0.223
40.00	23217.74	 3617.55	73164.71	 1088.89	76782.26	-0.274	1.238	1.045	14772.58	100		  843.77	  245.12	59195.96	17586.30	0.775	0.225
41.00	22385.19	 2711.46	74903.35	  832.55	77614.81	-0.284	1.229	1.039	14797.94	100		  647.11	  185.44	59843.07	17771.74	0.777	0.223
42.00	21754.91	 2017.41	76227.68	  630.28	78245.09	-0.292	1.223	1.034	14812.41	100		  488.89	  141.39	60331.96	17913.13	0.776	0.224
43.00	21283.05	 1493.24	77223.71	  471.86	78716.95	-0.298	1.218	1.030	14820.64	100		  365.79	  106.07	60697.75	18019.20	0.775	0.225
44.00	20930.77	 1102.26	77966.97	  352.28	79069.23	-0.302	1.215	1.027	14824.68	100		  274.42	   77.86	60972.17	18097.06	0.779	0.221
45.00	20668.25	  811.66	78520.09	  262.52	79331.75	-0.305	1.212	1.025	14827.18	100		  204.51	   58.01	61176.68	18155.07	0.779	0.221
46.00	20473.00	  598.46	78928.54	  195.25	79527.00	-0.305	1.210	1.024	14828.32	100		  150.15	   45.10	61326.83	18200.17	0.769	0.231
47.00	20328.64	  440.61	79230.75	  144.36	79671.36	-0.305	1.209	1.023	14829.04	100		  112.30	   32.06	61439.13	18232.23	0.778	0.222
48.00	20221.84	  324.43	79453.73	  106.80	79778.16	-0.306	1.208	1.022	14829.48	100		   83.22	   23.58	61522.35	18255.81	0.779	0.221
49.00	20140.77	  242.65	79616.58	   81.07	79859.23	-0.298	1.207	1.021	14829.65	100		   62.46	   18.61	61584.81	18274.42	0.770	0.230
50.00	20081.38	  178.07	79740.55	   59.39	79918.62	-0.300	1.206	1.021	14829.70	100		   45.81	   13.58	61630.62	18288.00	0.771	0.229
51.00	20037.59	  131.42	79830.99	   43.79	79962.41	-0.307	1.206	1.021	14829.80	100		   33.95	    9.84	61664.57	18297.84	0.775	0.225
52.00	20004.67	   98.35	79896.98	   32.92	79995.33	-0.297	1.206	1.020	14829.85	100		   25.58	    7.34	61690.15	18305.18	0.777	0.223
53.00	19980.51	   72.20	79947.29	   24.16	80019.49	-0.299	1.205	1.020	14829.87	100		   18.27	    5.89	61708.42	18311.07	0.756	0.244
54.00	19962.44	   53.92	79983.64	   18.07	80037.56	-0.301	1.205	1.020	14829.88	100		   14.00	    4.07	61722.42	18315.14	0.775	0.225
55.00	19949.28	   39.33	80011.39	   13.16	80050.72	-0.304	1.205	1.020	14829.88	100		   10.13	    3.03	61732.55	18318.17	0.770	0.230
56.00	19939.37	   29.23	80031.40	    9.91	80060.63	-0.306	1.205	1.020	14829.88	100		    7.63	    2.28	61740.18	18320.45	0.770	0.230
57.00	19932.07	   21.62	80046.31	    7.30	80067.93	-0.299	1.205	1.020	14829.88	100		    5.86	    1.44	61746.04	18321.89	0.803	0.197
58.00	19927.11	   15.67	80057.22	    4.96	80072.89	-0.312	1.205	1.020	14829.88	100		    3.79	    1.17	61749.83	18323.06	0.764	0.236
59.00	19922.90	   12.17	80064.93	    4.21	80077.10	-0.287	1.205	1.020	14829.88	100		    3.20	    1.01	61753.03	18324.07	0.760	0.240
60.00	19920.07	    8.49	80071.44	    2.83	80079.93	-0.306	1.205	1.020	14829.88	100		    2.17	    0.66	61755.20	18324.73	0.767	0.233
61.00	19917.69	    6.52	80075.79	    2.38	80082.31	-0.312	1.205	1.020	14829.88	100		    1.88	    0.50	61757.08	18325.23	0.790	0.210
62.00	19916.30	    4.35	80079.35	    1.39	80083.70	-0.334	1.205	1.020	14829.88	100		    1.01	    0.38	61758.09	18325.61	0.727	0.273
63.00	19915.18	    3.30	80081.52	    1.12	80084.82	-0.340	1.205	1.020	14829.88	100		    0.84	    0.28	61758.93	18325.89	0.750	0.250
64.00	19914.49	    2.23	80083.28	    0.69	80085.51	-0.334	1.205	1.020	14829.88	100		    0.54	    0.15	61759.47	18326.04	0.783	0.217
65.00	19913.89	    1.79	80084.32	    0.60	80086.11	-0.306	1.205	1.020	14829.88	100		    0.48	    0.12	61759.95	18326.16	0.800	0.200
66.00	19913.48	    1.26	80085.26	    0.41	80086.52	-0.285	1.205	1.020	14829.88	100		    0.34	    0.07	61760.29	18326.23	0.829	0.171
67.00	19913.18	    0.97	80085.85	    0.30	80086.82	-0.306	1.205	1.020	14829.88	100		    0.25	    0.05	61760.54	18326.28	0.833	0.167
68.00	19912.86	    0.85	80086.29	    0.32	80087.14	-0.197	1.205	1.020	14829.88	100		    0.26	    0.06	61760.80	18326.34	0.812	0.188
69.00	19912.71	    0.46	80086.83	    0.15	80087.29	-0.373	1.205	1.020	14829.88	100		    0.12	    0.03	61760.92	18326.37	0.800	0.200
70.00	19912.57	    0.38	80087.05	    0.14	80087.43	-0.403	1.205	1.020	14829.88	100		    0.13	    0.01	61761.05	18326.38	0.929	0.071
71.00	19912.50	    0.24	80087.26	    0.07	80087.50	-0.325	1.205	1.020	14829.88	100		    0.05	    0.02	61761.10	18326.40	0.714	0.286
72.00	19912.44	    0.20	80087.36	    0.06	80087.56	-0.321	1.205	1.020	14829.88	100		    0.04	    0.02	61761.14	18326.42	0.667	0.333
73.00	19912.37	    0.17	80087.46	    0.07	80087.63	-0.172	1.205	1.020	14829.88	100		    0.06	    0.01	61761.20	18326.43	0.857	0.143
74.00	19912.34	    0.09	80087.57	    0.03	80087.66	-0.399	1.205	1.020	14829.88	100		    0.02	    0.01	61761.22	18326.44	0.667	0.333
75.00	19912.33	    0.05	80087.62	    0.01	80087.67	-0.612	1.205	1.020	14829.88	100		    0.00	    0.01	61761.22	18326.45	0.000	1.000
76.00	19912.30	    0.06	80087.64	    0.03	80087.70	-0.203	1.205	1.020	14829.88	100		    0.01	    0.02	61761.23	18326.47	0.333	0.667
77.00	19912.30	    0.00	80087.70	    0.00	80087.70	-0.805	1.205	1.020	14829.88	100		    0.00	    0.00	61761.23	18326.47	0.000	0.000
78.00	19912.30	    0.00	80087.70	    0.00	80087.70	-0.896	1.205	1.020	14829.88	100		    0.00	    0.00	61761.23	18326.47	0.000	0.000
79.00	19912.30	    0.00	80087.70	    0.00	80087.70	0.000	1.205	1.020	14829.88	100		    0.00	    0.00	61761.23	18326.47	0.000	0.000
80.00	19912.30	    0.00	80087.70	    0.00	80087.70	0.000	1.205	1.020	14829.88	100		    0.00	    0.00	61761.23	18326.47	0.000	0.000
81.00	19912.30	    0.00	80087.70	    0.00	80087.70	0.000	1.205	1.020	14829.88	100		    0.00	    0.00	61761.23	18326.47	0.000	0.000
82.00	19912.30	    0.00	80087.70	    0.00	80087.70	0.000	1.205	1.020	14829.88	100		    0.00	    0.00	61761.23	18326.47	0.000	0.000
83.00	19912.30	    0.00	80087.70	    0.00	80087.70	0.000	1.205	1.020	14829.88	100		    0.00	    0.00	61761.23	18326.47	0.000	0.000
84.00	19912.30	    0.00	80087.70	    0.00	80087.70	0.000	1.205	1.020	14829.88	100		    0.00	    0.00	61761.23	18326.47	0.000	0.000
85.00	19912.30	    0.00	80087.70	    0.00	80087.70	0.000	1.205	1.020	14829.88	100		    0.00	    0.00	61761.23	18326.47	0.000	0.000
86.00	19912.30	    0.00	80087.70	    0.00	80087.70	0.000	1.205	1.020	14829.88	100		    0.00	    0.00	61761.23	18326.47	0.000	0.000
87.00	19912.30	    0.00	80087.70	    0.00	80087.70	0.000	1.205	1.020	14829.88	100		    0.00	    0.00	61761.23	18326.47	0.000	0.000
88.00	19912.30	    0.00	80087.70	    0.00	80087.70	0.000	1.205	1.020	14829.88	100		    0.00	    0.00	61761.23	18326.47	0.000	0.000
89.00	19912.30	    0.00	80087.70	    0.00	80087.70	0.000	1.205	1.020	14829.88	100		    0.00	    0.00	61761.23	18326.47	0.000	0.000
90.00	19912.30	    0.00	80087.70	    0.00	80087.70	0.000	1.205	1.020	14829.88	100		    0.00	    0.00	61761.23	18326.47	0.000	0.000
91.00	19912.30	    0.00	80087.70	    0.00	80087.70	0.000	1.205	1.020	14829.88	100		    0.00	    0.00	61761.23	18326.47	0.000	0.000
92.00	19912.30	    0.00	80087.70	    0.00	80087.70	0.000	1.205	1.020	14829.88	100		    0.00	    0.00	61761.23	18326.47	0.000	0.000
93.00	19912.30	    0.00	80087.70	    0.00	80087.70	0.000	1.205	1.020	14829.88	100		    0.00	    0.00	61761.23	18326.47	0.000	0.000
94.00	19912.30	    0.00	80087.70	    0.00	80087.70	0.000	1.205	1.020	14829.88	100		    0.00	    0.00	61761.23	18326.47	0.000	0.000
95.00	19912.30	    0.00	80087.70	    0.00	80087.70	0.000	1.205	1.020	14829.88	100		    0.00	    0.00	61761.23	18326.47	0.000	0.000
96.00	19912.30	    0.00	80087.70	    0.00	80087.70	0.000	1.205	1.020	14829.88	100		    0.00	    0.00	61761.23	18326.47	0.000	0.000
97.00	19912.30	    0.00	80087.70	    0.00	80087.70	0.000	1.205	1.020	14829.88	100		    0.00	    0.00	61761.23	18326.47	0.000	0.000
98.00	19912.30	    0.00	80087.70	    0.00	80087.70	0.000	1.205	1.020	14829.88	100		    0.00	    0.00	61761.23	18326.47	0.000	0.000
99.00	19912.30	    0.00	80087.70	    0.00	80087.70	0.000	1.205	1.020	14829.88	100		    0.00	    0.00	61761.23	18326.47	0.000	0.000
100.00	19912.30	    0.00	80087.70	    0.00	80087.70	0.000	1.205	1.020	14829.88	100		    0.00	    0.00	61761.23	18326.47	0.000	0.000
101.00	19912.30	    0.00	80087.70	    0.00	80087.70	0.000	1.205	1.020	14829.88	100		    0.00	    0.00	61761.23	18326.47	0.000	0.000
102.00	19912.30	    0.00	80087.70	    0.00	80087.70	0.000	1.205	1.020	14829.88	100		    0.00	    0.00	61761.23	18326.47	0.000	0.000
103.00	19912.30	    0.00	80087.70	    0.00	80087.70	0.000	1.205	1.020	14829.88	100		    0.00	    0.00	61761.23	18326.47	0.000	0.000
104.00	19912.30	    0.00	80087.70	    0.00	80087.70	0.000	1.205	1.020	14829.88	100		    0.00	    0.00	61761.23	18326.47	0.000	0.000
105.00	19912.30	    0.00	80087.70	    0.00	80087.70	0.000	1.205	1.020	14829.88	100		    0.00	    0.00	61761.23	18326.47	0.000	0.000
106.00	19912.30	    0.00	80087.70	    0.00	80087.70	0.000	1.205	1.020	14829.88	100		    0.00	    0.00	61761.23	18326.47	0.000	0.000
107.00	19912.30	    0.00	80087.70	    0.00	80087.70	0.000	1.205	1.020	14829.88	100		    0.00	    0.00	61761.23	18326.47	0.000	0.000
108.00	19912.30	    0.00	80087.70	    0.00	80087.70	0.000	1.205	1.020	14829.88	100		    0.00	    0.00	61761.23	18326.47	0.000	0.000
109.00	19912.30	    0.00	80087.70	    0.00	80087.70	0.000	1.205	1.020	14829.88	100		    0.00	    0.00	61761.23	18326.47	0.000	0.000
110.00	19912.30	    0.00	80087.70	    0.00	80087.70	0.000	1.205	1.020	14829.88	100		    0.00	    0.00	61761.23	18326.47	0.000	0.000
111.00	19912.30	    0.00	80087.70	    0.00	80087.70	0.000	1.205	1.020	14829.88	100		    0.00	    0.00	61761.23	18326.47	0.000	0.000
112.00	19912.30	    0.00	80087.70	    0.00	80087.70	0.000	1.205	1.020	14829.88	100		    0.00	    0.00	61761.23	18326.47	0.000	0.000
113.00	19912.30	    0.00	80087.70	    0.00	80087.70	0.000	1.205	1.020	14829.88	100		    0.00	    0.00	61761.23	18326.47	0.000	0.000
114.00	19912.30	    0.00	80087.70	    0.00	80087.70	0.000	1.205	1.020	14829.88	100		    0.00	    0.00	61761.23	18326.47	0.000	0.000
115.00	19912.30	    0.00	80087.70	    0.00	80087.70	0.000	1.205	1.020	14829.88	100		    0.00	    0.00	61761.23	18326.47	0.000	0.000
116.00	19912.30	    0.00	80087.70	    0.00	80087.70	0.000	1.205	1.020	14829.88	100		    0.00	    0.00	61761.23	18326.47	0.000	0.000
117.00	19912.30	    0.00	80087.70	    0.00	80087.70	0.000	1.205	1.020	14829.88	100		    0.00	    0.00	61761.23	18326.47	0.000	0.000
118.00	19912.30	    0.00	80087.70	    0.00	80087.70	0.000	1.205	1.020	14829.88	100		    0.00	    0.00	61761.23	18326.47	0.000	0.000
119.00	19912.30	    0.00	80087.70	    0.00	80087.70	0.000	1.205	1.020	14829.88	100		    0.00	    0.00	61761.23	18326.47	0.000	0.000
120.00	19912.30	    0.00	80087.70	    0.00	80087.70	0.000	1.205	1.020	14829.88	100		    0.00	    0.00	61761.23	18326.47	0.000	0.000
121.00	19912.30	    0.00	80087.70	    0.00	80087.70	0.000	1.205	1.020	14829.88	100		    0.00	    0.00	61761.23	18326.47	0.000	0.000
122.00	19912.30	    0.00	80087.70	    0.00	80087.70	0.000	1.205	1.020	14829.88	100		    0.00	    0.00	61761.23	18326.47	0.000	0.000
123.00	19912.30	    0.00	80087.70	    0.00	80087.70	0.000	1.205	1.020	14829.88	100		    0.00	    0.00	61761.23	18326.47	0.000	0.000
124.00	19912.30	    0.00	80087.70	    0.00	80087.70	0.000	1.205	1.020	14829.88	100		    0.00	    0.00	61761.23	18326.47	0.000	0.000
125.00	19912.30	    0.00	80087.70	    0.00	80087.70	0.000	1.205	1.020	14829.88	100		    0.00	    0.00	61761.23	18326.47	0.000	0.000
126.00	19912.30	    0.00	80087.70	    0.00	80087.70	0.000	1.205	1.020	14829.88	100		    0.00	    0.00	61761.23	18326.47	0.000	0.000
127.00	19912.30	    0.00	80087.70	    0.00	80087.70	0.000	1.205	1.020	14829.88	100		    0.00	    0.00	61761.23	18326.47	0.000	0.000
128.00	19912.30	    0.00	80087.70	    0.00	80087.70	0.000	1.205	1.020	14829.88	100		    0.00	    0.00	61761.23	18326.47	0.000	0.000
129.00	19912.30	    0.00	80087.70	    0.00	80087.70	0.000	1.205	1.020	14829.88	100		    0.00	    0.00	61761.23	18326.47	0.000	0.000
130.00	19912.30	    0.00	80087.70	    0.00	80087.70	0.000	1.205	1.020	14829.88	100		    0.00	    0.00	61761.23	18326.47	0.000	0.000
131.00	19912.30	    0.00	80087.70	    0.00	80087.70	0.000	1.205	1.020	14829.88	100		    0.00	    0.00	61761.23	18326.47	0.000	0.000
132.00	19912.30	    0.00	80087.70	    0.00	80087.70	0.000	1.205	1.020	14829.88	100		    0.00	    0.00	61761.23	18326.47	0.000	0.000
133.00	19912.30	    0.00	80087.70	    0.00	80087.70	0.000	1.205	1.020	14829.88	100		    0.00	    0.00	61761.23	18326.47	0.000	0.000
134.00	19912.30	    0.00	80087.70	    0.00	80087.70	0.000	1.205	1.020	14829.88	100		    0.00	    0.00	61761.23	18326.47	0.000	0.000
135.00	19912.30	    0.00	80087.70	    0.00	80087.70	0.000	1.205	1.020	14829.88	100		    0.00	    0.00	61761.23	18326.47	0.000	0.000
136.00	19912.30	    0.00	80087.70	    0.00	80087.70	0.000	1.205	1.020	14829.88	100		    0.00	    0.00	61761.23	18326.47	0.000	0.000
137.00	19912.30	    0.00	80087.70	    0.00	80087.70	0.000	1.205	1.020	14829.88	100		    0.00	    0.00	61761.23	18326.47	0.000	0.000
138.00	19912.30	    0.00	80087.70	    0.00	80087.70	0.000	1.205	1.020	14829.88	100		    0.00	    0.00	61761.23	18326.47	0.000	0.000
139.00	19912.30	    0.00	80087.70	    0.00	80087.70	0.000	1.205	1.020	14829.88	100		    0.00	    0.00	61761.23	18326.47	0.000	0.000
140.00	19912.30	    0.00	80087.70	    0.00	80087.70	0.000	1.205	1.020	14829.88	100		    0.00	    0.00	61761.23	18326.47	0.000	0.000
141.00	19912.30	    0.00	80087.70	    0.00	80087.70	0.000	1.205	1.020	14829.88	100		    0.00	    0.00	61761.23	18326.47	0.000	0.000
142.00	19912.30	    0.00	80087.70	    0.00	80087.70	0.000	1.205	1.020	14829.88	100		    0.00	    0.00	61761.23	18326.47	0.000	0.000
143.00	19912.30	    0.00	80087.70	    0.00	80087.70	0.000	1.205	1.020	14829.88	100		    0.00	    0.00	61761.23	18326.47	0.000	0.000
144.00	19912.30	    0.00	80087.70	    0.00	80087.70	0.000	1.205	1.020	14829.88	100		    0.00	    0.00	61761.23	18326.47	0.000	0.000
145.00	19912.30	    0.00	80087.70	    0.00	80087.70	0.000	1.205	1.020	14829.88	100		    0.00	    0.00	61761.23	18326.47	0.000	0.000
146.00	19912.30	    0.00	80087.70	    0.00	80087.70	0.000	1.205	1.020	14829.88	100		    0.00	    0.00	61761.23	18326.47	0.000	0.000
147.00	19912.30	    0.00	80087.70	    0.00	80087.70	0.000	1.205	1.020	14829.88	100		    0.00	    0.00	61761.23	18326.47	0.000	0.000
148.00	19912.30	    0.00	80087.70	    0.00	80087.70	0.000	1.205	1.020	14829.88	100		    0.00	    0.00	61761.23	18326.47	0.000	0.000
149.00	19912.30	    0.00	80087.70	    0.00	80087.70	0.000	1.205	1.020	14829.88	100		    0.00	    0.00	61761.23	18326.47	0.000	0.000
150.00	19912.30	    0.00	80087.70	    0.00	80087.70	0.000	1.205	1.020	14829.88	100		    0.00	    0.00	61761.23	18326.47	0.000	0.000
151.00	19912.30	    0.00	80087.70	    0.00	80087.70	0.000	1.205	1.020	14829.88	100		    0.00	    0.00	61761.23	18326.47	0.000	0.000
152.00	19912.30	    0.00	80087.70	    0.00	80087.70	0.000	1.205	1.020	14829.88	100		    0.00	    0.00	61761.23	18326.47	0.000	0.000
153.00	19912.30	    0.00	80087.70	    0.00	80087.70	0.000	1.205	1.020	14829.88	100		    0.00	    0.00	61761.23	18326.47	0.000	0.000
154.00	19912.30	    0.00	80087.70	    0.00	80087.70	0.000	1.205	1.020	14829.88	100		    0.00	    0.00	61761.23	18326.47	0.000	0.000
155.00	19912.30	    0.00	80087.70	    0.00	80087.70	0.000	1.205	1.020	14829.88	100		    0.00	    0.00	61761.23	18326.47	0.000	0.000
156.00	19912.30	    0.00	80087.70	    0.00	80087.70	0.000	1.205	1.020	14829.88	100		    0.00	    0.00	61761.23	18326.47	0.000	0.000
157.00	19912.30	    0.00	80087.70	    0.00	80087.70	0.000	1.205	1.020	14829.88	100		    0.00	    0.00	61761.23	18326.47	0.000	0.000
158.00	19912.30	    0.00	80087.70	    0.00	80087.70	0.000	1.205	1.020	14829.88	100		    0.00	    0.00	61761.23	18326.47	0.000	0.000
159.00	19912.30	    0.00	80087.70	    0.00	80087.70	0.000	1.205	1.020	14829.88	100		    0.00	    0.00	61761.23	18326.47	0.000	0.000
160.00	19912.30	    0.00	80087.70	    0.00	80087.70	0.000	1.205	1.020	14829.88	100		    0.00	    0.00	61761.23	18326.47	0.000	0.000
161.00	19912.30	    0.00	80087.70	    0.00	80087.70	0.000	1.205	1.020	14829.88	100		    0.00	    0.00	61761.23	18326.47	0.000	0.000
162.00	19912.30	    0.00	80087.70	    0.00	80087.70	0.000	1.205	1.020	14829.88	100		    0.00	    0.00	61761.23	18326.47	0.000	0.000
163.00	19912.30	    0.00	80087.70	    0.00	80087.70	0.000	1.205	1.020	14829.88	100		    0.00	    0.00	61761.23	18326.47	0.000	0.000
164.00	19912.30	    0.00	80087.70	    0.00	80087.70	0.000	1.205	1.020	14829.88	100		    0.00	    0.00	61761.23	18326.47	0.000	0.000
165.00	19912.30	    0.00	80087.70	    0.00	80087.70	0.000	1.205	1.020	14829.88	100		    0.00	    0.00	61761.23	18326.47	0.000	0.000
166.00	19912.30	    0.00	80087.70	    0.00	80087.70	0.000	1.205	1.020	14829.88	100		    0.00	    0.00	61761.23	18326.47	0.000	0.000
167.00	19912.30	    0.00	80087.70	    0.00	80087.70	0.000	1.205	1.020	14829.88	100		    0.00	    0.00	61761.23	18326.47	0.000	0.000
168.00	19912.30	    0.00	80087.70	    0.00	80087.70	0.000	1.205	1.020	14829.88	100		    0.00	    0.00	61761.23	18326.47	0.000	0.000
169.00	19912.30	    0.00	80087.70	    0.00	80087.70	0.000	1.205	1.020	14829.88	100		    0.00	    0.00	61761.23	18326.47	0.000	0.000
170.00	19912.30	    0.00	80087.70	    0.00	80087.70	0.000	1.205	1.020	14829.88	100		    0.00	    0.00	61761.23	18326.47	0.000	0.000
171.00	19912.30	    0.00	80087.70	    0.00	80087.70	0.000	1.205	1.020	14829.88	100		    0.00	    0.00	61761.23	18326.47	0.000	0.000
172.00	19912.30	    0.00	80087.70	    0.00	80087.70	0.000	1.205	1.020	14829.88	100		    0.00	    0.00	61761.23	18326.47	0.000	0.000
173.00	19912.30	    0.00	80087.70	    0.00	80087.70	0.000	1.205	1.020	14829.88	100		    0.00	    0.00	61761.23	18326.47	0.000	0.000
174.00	19912.30	    0.00	80087.70	    0.00	80087.70	0.000	1.205	1.020	14829.88	100		    0.00	    0.00	61761.23	18326.47	0.000	0.000
175.00	19912.30	    0.00	80087.70	    0.00	80087.70	0.000	1.205	1.020	14829.88	100		    0.00	    0.00	61761.23	18326.47	0.000	0.000
176.00	19912.30	    0.00	80087.70	    0.00	80087.70	0.000	1.205	1.020	14829.88	100		    0.00	    0.00	61761.23	18326.47	0.000	0.000
177.00	19912.30	    0.00	80087.70	    0.00	80087.70	0.000	1.205	1.020	14829.88	100		    0.00	    0.00	61761.23	18326.47	0.000	0.000
178.00	19912.30	    0.00	80087.70	    0.00	80087.70	0.000	1.205	1.020	14829.88	100		    0.00	    0.00	61761.23	18326.47	0.000	0.000
179.00	19912.30	    0.00	80087.70	    0.00	80087.70	0.000	1.205	1.020	14829.88	100		    0.00	    0.00	61761.23	18326.47	0.000	0.000
180.00	19912.30	    0.00	80087.70	    0.00	80087.70	0.000	1.205	1.020	14829.88	100		    0.00	    0.00	61761.23	18326.47	0.000	0.000
181.00	19912.30	    0.00	80087.70	    0.00	80087.70	0.000	1.205	1.020	14829.88	100		    0.00	    0.00	61761.23	18326.47	0.000	0.000
182.00	19912.30	    0.00	80087.70	    0.00	80087.70	0.000	1.205	1.020	14829.88	100		    0.00	    0.00	61761.23	18326.47	0.000	0.000
183.00	19912.30	    0.00	80087.70	    0.00	80087.70	0.000	1.205	1.020	14829.88	100		    0.00	    0.00	61761.23	18326.47	0.000	0.000
184.00	19912.30	    0.00	80087.70	    0.00	80087.70	0.000	1.205	1.020	14829.88	100		    0.00	    0.00	61761.23	18326.47	0.000	0.000
185.00	19912.30	    0.00	80087.70	    0.00	80087.70	0.000	1.205	1.020	14829.88	100		    0.00	    0.00	61761.23	18326.47	0.000	0.000
186.00	19912.30	    0.00	80087.70	    0.00	80087.70	0.000	1.205	1.020	14829.88	100		    0.00	    0.00	61761.23	18326.47	0.000	0.000
187.00	19912.30	    0.00	80087.70	    0.00	80087.70	0.000	1.205	1.020	14829.88	100		    0.00	    0.00	61761.23	18326.47	0.000	0.000
188.00	19912.30	    0.00	80087.70	    0.00	80087.70	0.000	1.205	1.020	14829.88	100		    0.00	    0.00	61761.23	18326.47	0.000	0.000
189.00	19912.30	    0.00	80087.70	    0.00	80087.70	0.000	1.205	1.020	14829.88	100		    0.00	    0.00	61761.23	18326.47	0.000	0.000
190.00	19912.30	    0.00	80087.70	    0.00	80087.70	0.000	1.205	1.020	14829.88	100		    0.00	    0.00	61761.23	18326.47	0.000	0.000
191.00	19912.30	    0.00	80087.70	    0.00	80087.70	0.000	1.205	1.020	14829.88	100		    0.00	    0.00	61761.23	18326.47	0.000	0.000
192.00	19912.30	    0.00	80087.70	    0.00	80087.70	0.000	1.205	1.020	14829.88	100		    0.00	    0.00	61761.23	18326.47	0.000	0.000
193.00	19912.30	    0.00	80087.70	    0.00	80087.70	0.000	1.205	1.020	14829.88	100		    0.00	    0.00	61761.23	18326.47	0.000	0.000
194.00	19912.30	    0.00	80087.70	    0.00	80087.70	0.000	1.205	1.020	14829.88	100		    0.00	    0.00	61761.23	18326.47	0.000	0.000
195.00	19912.30	    0.00	80087.70	    0.00	80087.70	0.000	1.205	1.020	14829.88	100		    0.00	    0.00	61761.23	18326.47	0.000	0.000
196.00	19912.30	    0.00	80087.70	    0.00	80087.70	0.000	1.205	1.020	14829.88	100		    0.00	    0.00	61761.23	18326.47	0.000	0.000
197.00	19912.30	    0.00	80087.70	    0.00	80087.70	0.000	1.205	1.020	14829.88	100		    0.00	    0.00	61761.23	18326.47	0.000	0.000
198.00	19912.30	    0.00	80087.70	    0.00	80087.70	0.000	1.205	1.020	14829.88	100		    0.00	    0.00	61761.23	18326.47	0.000	0.000
199.00	19912.30	    0.00	80087.70	    0.00	80087.70	0.000	1.205	1.020	14829.88	100		    0.00	    0.00	61761.23	18326.47	0.000	0.000
200.00	19912.30	    0.00	80087.70	    0.00	80087.70	0.000	1.205	1.020	14829.88	100		    0.00	    0.00	61761.23	18326.47	0.000	0.000
201.00	19912.30	    0.00	80087.70	    0.00	80087.70	0.000	1.205	1.020	14829.88	100		    0.00	    0.00	61761.23	18326.47	0.000	0.000
202.00	19912.30	    0.00	80087.70	    0.00	80087.70	0.000	1.205	1.020	14829.88	100		    0.00	    0.00	61761.23	18326.47	0.000	0.000
203.00	19912.30	    0.00	80087.70	    0.00	80087.70	0.000	1.205	1.020	14829.88	100		    0.00	    0.00	61761.23	18326.47	0.000	0.000
204.00	19912.30	    0.00	80087.70	    0.00	80087.70	0.000	1.205	1.020	14829.88	100		    0.00	    0.00	61761.23	18326.47	0.000	0.000
205.00	19912.30	    0.00	80087.70	    0.00	80087.70	0.000	1.205	1.020	14829.88	100		    0.00	    0.00	61761.23	18326.47	0.000	0.000
206.00	19912.30	    0.00	80087.70	    0.00	80087.70	0.000	1.205	1.020	14829.88	100		    0.00	    0.00	61761.23	18326.47	0.000	0.000
207.00	19912.30	    0.00	80087.70	    0.00	80087.70	0.000	1.205	1.020	14829.88	100		    0.00	    0.00	61761.23	18326.47	0.000	0.000
208.00	19912.30	    0.00	80087.70	    0.00	80087.70	0.000	1.205	1.020	14829.88	100		    0.00	    0.00	61761.23	18326.47	0.000	0.000
209.00	19912.30	    0.00	80087.70	    0.00	80087.70	0.000	1.205	1.020	14829.88	100		    0.00	    0.00	61761.23	18326.47	0.000	0.000
210.00	19912.30	    0.00	80087.70	    0.00	80087.70	0.000	1.205	1.020	14829.88	100		    0.00	    0.00	61761.23	18326.47	0.000	0.000
211.00	19912.30	    0.00	80087.70	    0.00	80087.70	0.000	1.205	1.020	14829.88	100		    0.00	    0.00	61761.23	18326.47	0.000	0.000
212.00	19912.30	    0.00	80087.70	    0.00	80087.70	0.000	1.205	1.020	14829.88	100		    0.00	    0.00	61761.23	18326.47	0.000	0.000
213.00	19912.30	    0.00	80087.70	    0.00	80087.70	0.000	1.205	1.020	14829.88	100		    0.00	    0.00	61761.23	18326.47	0.000	0.000
214.00	19912.30	    0.00	80087.70	    0.00	80087.70	0.000	1.205	1.020	14829.88	100		    0.00	    0.00	61761.23	18326.47	0.000	0.000
215.00	19912.30	    0.00	80087.70	    0.00	80087.70	0.000	1.205	1.020	14829.88	100		    0.00	    0.00	61761.23	18326.47	0.000	0.000
216.00	19912.30	    0.00	80087.70	    0.00	80087.70	0.000	1.205	1.020	14829.88	100		    0.00	    0.00	61761.23	18326.47	0.000	0.000
217.00	19912.30	    0.00	80087.70	    0.00	80087.70	0.000	1.205	1.020	14829.88	100		    0.00	    0.00	61761.23	18326.47	0.000	0.000
218.00	19912.30	    0.00	80087.70	    0.00	80087.70	0.000	1.205	1.020	14829.88	100		    0.00	    0.00	61761.23	18326.47	0.000	0.000
219.00	19912.30	    0.00	80087.70	    0.00	80087.70	0.000	1.205	1.020	14829.88	100		    0.00	    0.00	61761.23	18326.47	0.000	0.000
220.00	19912.30	    0.00	80087.70	    0.00	80087.70	0.000	1.205	1.020	14829.88	100		    0.00	    0.00	61761.23	18326.47	0.000	0.000
221.00	19912.30	    0.00	80087.70	    0.00	80087.70	0.000	1.205	1.020	14829.88	100		    0.00	    0.00	61761.23	18326.47	0.000	0.000
222.00	19912.30	    0.00	80087.70	    0.00	80087.70	0.000	1.205	1.020	14829.88	100		    0.00	    0.00	61761.23	18326.47	0.000	0.000
223.00	19912.30	    0.00	80087.70	    0.00	80087.70	0.000	1.205	1.020	14829.88	100		    0.00	    0.00	61761.23	18326.47	0.000	0.000
224.00	19912.30	    0.00	80087.70	    0.00	80087.70	0.000	1.205	1.020	14829.88	100		    0.00	    0.00	61761.23	18326.47	0.000	0.000
225.00	19912.30	    0.00	80087.70	    0.00	80087.70	0.000	1.205	1.020	14829.88	100		    0.00	    0.00	61761.23	18326.47	0.000	0.000
226.00	19912.30	    0.00	80087.70	    0.00	80087.70	0.000	1.205	1.020	14829.88	100		    0.00	    0.00	61761.23	18326.47	0.000	0.000
227.00	19912.30	    0.00	80087.70	    0.00	80087.70	0.000	1.205	1.020	14829.88	100		    0.00	    0.00	61761.23	18326.47	0.000	0.000
228.00	19912.30	    0.00	80087.70	    0.00	80087.70	0.000	1.205	1.020	14829.88	100		    0.00	    0.00	61761.23	18326.47	0.000	0.000
229.00	19912.30	    0.00	80087.70	    0.00	80087.70	0.000	1.205	1.020	14829.88	100		    0.00	    0.00	61761.23	18326.47	0.000	0.000
230.00	19912.30	    0.00	80087.70	    0.00	80087.70	0.000	1.205	1.020	14829.88	100		    0.00	    0.00	61761.23	18326.47	0.000	0.000
231.00	19912.30	    0.00	80087.70	    0.00	80087.70	0.000	1.205	1.020	14829.88	100		    0.00	    0.00	61761.23	18326.47	0.000	0.000
232.00	19912.30	    0.00	80087.70	    0.00	80087.70	0.000	1.205	1.020	14829.88	100		    0.00	    0.00	61761.23	18326.47	0.000	0.000
233.00	19912.30	    0.00	80087.70	    0.00	80087.70	0.000	1.205	1.020	14829.88	100		    0.00	    0.00	61761.23	18326.47	0.000	0.000
234.00	19912.30	    0.00	80087.70	    0.00	80087.70	0.000	1.205	1.020	14829.88	100		    0.00	    0.00	61761.23	18326.47	0.000	0.000
235.00	19912.30	    0.00	80087.70	    0.00	80087.70	0.000	1.205	1.020	14829.88	100		    0.00	    0.00	61761.23	18326.47	0.000	0.000
236.00	19912.30	    0.00	80087.70	    0.00	80087.70	0.000	1.205	1.020	14829.88	100		    0.00	    0.00	61761.23	18326.47	0.000	0.000
237.00	19912.30	    0.00	80087.70	    0.00	80087.70	0.000	1.205	1.020	14829.88	100		    0.00	    0.00	61761.23	18326.47	0.000	0.000
238.00	19912.30	    0.00	80087.70	    0.00	80087.70	0.000	1.205	1.020	14829.88	100		    0.00	    0.00	61761.23	18326.47	0.000	0.000
239.00	19912.30	    0.00	80087.70	    0.00	80087.70	0.000	1.205	1.020	14829.88	100		    0.00	    0.00	61761.23	18326.47	0.000	0.000
240.00	19912.30	    0.00	80087.70	    0.00	80087.70	0.000	1.205	1.020	14829.88	100		    0.00	    0.00	61761.23	18326.47	0.000	0.000
241.00	19912.30	    0.00	80087.70	    0.00	80087.70	0.000	1.205	1.020	14829.88	100		    0.00	    0.00	61761.23	18326.47	0.000	0.000
242.00	19912.30	    0.00	80087.70	    0.00	80087.70	0.000	1.205	1.020	14829.88	100		    0.00	    0.00	61761.23	18326.47	0.000	0.000
243.00	19912.30	    0.00	80087.70	    0.00	80087.70	0.000	1.205	1.020	14829.88	100		    0.00	    0.00	61761.23	18326.47	0.000	0.000
244.00	19912.30	    0.00	80087.70	    0.00	80087.70	0.000	1.205	1.020	14829.88	100		    0.00	    0.00	61761.23	18326.47	0.000	0.000
245.00	19912.30	    0.00	80087.70	    0.00	80087.70	0.000	1.205	1.020	14829.88	100		    0.00	    0.00	61761.23	18326.47	0.000	0.000
246.00	19912.30	    0.00	80087.70	    0.00	80087.70	0.000	1.205	1.020	14829.88	100		    0.00	    0.00	61761.23	18326.47	0.000	0.000
247.00	19912.30	    0.00	80087.70	    0.00	80087.70	0.000	1.205	1.020	14829.88	100		    0.00	    0.00	61761.23	18326.47	0.000	0.000
248.00	19912.30	    0.00	80087.70	    0.00	80087.70	0.000	1.205	1.020	14829.88	100		    0.00	    0.00	61761.23	18326.47	0.000	0.000
249.00	19912.30	    0.00	80087.70	    0.00	80087.70	0.000	1.205	1.020	14829.88	100		    0.00	    0.00	61761.23	18326.47	0.000	0.000
250.00	19912.30	    0.00	80087.70	    0.00	80087.70	0.000	1.205	1.020	14829.88	100		    0.00	    0.00	61761.23	18326.47	0.000	0.000
251.00	19912.30	    0.00	80087.70	    0.00	80087.70	0.000	1.205	1.020	14829.88	100		    0.00	    0.00	61761.23	18326.47	0.000	0.000
252.00	19912.30	    0.00	80087.70	    0.00	80087.70	0.000	1.205	1.020	14829.88	100		    0.00	    0.00	61761.23	18326.47	0.000	0.000
253.00	19912.30	    0.00	80087.70	    0.00	80087.70	0.000	1.205	1.020	14829.88	100		    0.00	    0.00	61761.23	18326.47	0.000	0.000
254.00	19912.30	    0.00	80087.70	    0.00	80087.70	0.000	1.205	1.020	14829.88	100		    0.00	    0.00	61761.23	18326.47	0.000	0.000
255.00	19912.30	    0.00	80087.70	    0.00	80087.70	0.000	1.205	1.020	14829.88	100		    0.00	    0.00	61761.23	18326.47	0.000	0.000
256.00	19912.30	    0.00	80087.70	    0.00	80087.70	0.000	1.205	1.020	14829.88	100		    0.00	    0.00	61761.23	18326.47	0.000	0.000
257.00	19912.30	    0.00	80087.70	    0.00	80087.70	0.000	1.205	1.020	14829.88	100		    0.00	    0.00	61761.23	18326.47	0.000	0.000
258.00	19912.30	    0.00	80087.70	    0.00	80087.70	0.000	1.205	1.020	14829.88	100		    0.00	    0.00	61761.23	18326.47	0.000	0.000
259.00	19912.30	    0.00	80087.70	    0.00	80087.70	0.000	1.205	1.020	14829.88	100		    0.00	    0.00	61761.23	18326.47	0.000	0.000
260.00	19912.30	    0.00	80087.70	    0.00	80087.70	0.000	1.205	1.020	14829.88	100		    0.00	    0.00	61761.23	18326.47	0.000	0.000
261.00	19912.30	    0.00	80087.70	    0.00	80087.70	0.000	1.205	1.020	14829.88	100		    0.00	    0.00	61761.23	18326.47	0.000	0.000
262.00	19912.30	    0.00	80087.70	    0.00	80087.70	0.000	1.205	1.020	14829.88	100		    0.00	    0.00	61761.23	18326.47	0.000	0.000
263.00	19912.30	    0.00	80087.70	    0.00	80087.70	0.000	1.205	1.020	14829.88	100		    0.00	    0.00	61761.23	18326.47	0.000	0.000
264.00	19912.30	    0.00	80087.70	    0.00	80087.70	0.000	1.205	1.020	14829.88	100		    0.00	    0.00	61761.23	18326.47	0.000	0.000
265.00	19912.30	    0.00	80087.70	    0.00	80087.70	0.000	1.205	1.020	14829.88	100		    0.00	    0.00	61761.23	18326.47	0.000	0.000
266.00	19912.30	    0.00	80087.70	    0.00	80087.70	0.000	1.205	1.020	14829.88	100		    0.00	    0.00	61761.23	18326.47	0.000	0.000
267.00	19912.30	    0.00	80087.70	    0.00	80087.70	0.000	1.205	1.020	14829.88	100		    0.00	    0.00	61761.23	18326.47	0.000	0.000
268.00	19912.30	    0.00	80087.70	    0.00	80087.70	0.000	1.205	1.020	14829.88	100		    0.00	    0.00	61761.23	18326.47	0.000	0.000
269.00	19912.30	    0.00	80087.70	    0.00	80087.70	0.000	1.205	1.020	14829.88	100		    0.00	    0.00	61761.23	18326.47	0.000	0.000
270.00	19912.30	    0.00	80087.70	    0.00	80087.70	0.000	1.205	1.020	14829.88	100		    0.00	    0.00	61761.23	18326.47	0.000	0.000
271.00	19912.30	    0.00	80087.70	    0.00	80087.70	0.000	1.205	1.020	14829.88	100		    0.00	    0.00	61761.23	18326.47	0.000	0.000
272.00	19912.30	    0.00	80087.70	    0.00	80087.70	0.000	1.205	1.020	14829.88	100		    0.00	    0.00	61761.23	18326.47	0.000	0.000
273.00	19912.30	    0.00	80087.70	    0.00	80087.70	0.000	1.205	1.020	14829.88	100		    0.00	    0.00	61761.23	18326.47	0.000	0.000
274.00	19912.30	    0.00	80087.70	    0.00	80087.70	0.000	1.205	1.020	14829.88	100		    0.00	    0.00	61761.23	18326.47	0.000	0.000
275.00	19912.30	    0.00	80087.70	    0.00	80087.70	0.000	1.205	1.020	14829.88	100		    0.00	    0.00	61761.23	18326.47	0.000	0.000
276.00	19912.30	    0.00	80087.70	    0.00	80087.70	0.000	1.205	1.020	14829.88	100		    0.00	    0.00	61761.23	18326.47	0.000	0.000
277.00	19912.30	    0.00	80087.70	    0.00	80087.70	0.000	1.205	1.020	14829.88	100		    0.00	    0.00	61761.23	18326.47	0.000	0.000
278.00	19912.30	    0.00	80087.70	    0.00	80087.70	0.000	1.205	1.020	14829.88	100		    0.00	    0.00	61761.23	18326.47	0.000	0.000
279.00	19912.30	    0.00	80087.70	    0.00	80087.70	0.000	1.205	1.020	14829.88	100		    0.00	    0.00	61761.23	18326.47	0.000	0.000
280.00	19912.30	    0.00	80087.70	    0.00	80087.70	0.000	1.205	1.020	14829.88	100		    0.00	    0.00	61761.23	18326.47	0.000	0.000
281.00	19912.30	    0.00	80087.70	    0.00	80087.70	0.000	1.205	1.020	14829.88	100		    0.00	    0.00	61761.23	18326.47	0.000	0.000
282.00	19912.30	    0.00	80087.70	    0.00	80087.70	0.000	1.205	1.020	14829.88	100		    0.00	    0.00	61761.23	18326.47	0.000	0.000
283.00	19912.30	    0.00	80087.70	    0.00	80087.70	0.000	1.205	1.020	14829.88	100		    0.00	    0.00	61761.23	18326.47	0.000	0.000
284.00	19912.30	    0.00	80087.70	    0.00	80087.70	0.000	1.205	1.020	14829.88	100		    0.00	    0.00	61761.23	18326.47	0.000	0.000
285.00	19912.30	    0.00	80087.70	    0.00	80087.70	0.000	1.205	1.020	14829.88	100		    0.00	    0.00	61761.23	18326.47	0.000	0.000
286.00	19912.30	    0.00	80087.70	    0.00	80087.70	0.000	1.205	1.020	14829.88	100		    0.00	    0.00	61761.23	18326.47	0.000	0.000
287.00	19912.30	    0.00	80087.70	    0.00	80087.70	0.000	1.205	1.020	14829.88	100		    0.00	    0.00	61761.23	18326.47	0.000	0.000
288.00	19912.30	    0.00	80087.70	    0.00	80087.70	0.000	1.205	1.020	14829.88	100		    0.00	    0.00	61761.23	18326.47	0.000	0.000
289.00	19912.30	    0.00	80087.70	    0.00	80087.70	0.000	1.205	1.020	14829.88	100		    0.00	    0.00	61761.23	18326.47	0.000	0.000
290.00	19912.30	    0.00	80087.70	    0.00	80087.70	0.000	1.205	1.020	14829.88	100		    0.00	    0.00	61761.23	18326.47	0.000	0.000
291.00	19912.30	    0.00	80087.70	    0.00	80087.70	0.000	1.205	1.020	14829.88	100		    0.00	    0.00	61761.23	18326.47	0.000	0.000
292.00	19912.30	    0.00	80087.70	    0.00	80087.70	0.000	1.205	1.020	14829.88	100		    0.00	    0.00	61761.23	18326.47	0.000	0.000
293.00	19912.30	    0.00	80087.70	    0.00	80087.70	0.000	1.205	1.020	14829.88	100		    0.00	    0.00	61761.23	18326.47	0.000	0.000
294.00	19912.30	    0.00	80087.70	    0.00	80087.70	0.000	1.205	1.020	14829.88	100		    0.00	    0.00	61761.23	18326.47	0.000	0.000
295.00	19912.30	    0.00	80087.70	    0.00	80087.70	0.000	1.205	1.020	14829.88	100		    0.00	    0.00	61761.23	18326.47	0.000	0.000
296.00	19912.30	    0.00	80087.70	    0.00	80087.70	0.000	1.205	1.020	14829.88	100		    0.00	    0.00	61761.23	18326.47	0.000	0.000
297.00	19912.30	    0.00	80087.70	    0.00	80087.70	0.000	1.205	1.020	14829.88	100		    0.00	    0.00	61761.23	18326.47	0.000	0.000
298.00	19912.30	    0.00	80087.70	    0.00	80087.70	0.000	1.205	1.020	14829.88	100		    0.00	    0.00	61761.23	18326.47	0.000	0.000
299.00	19912.30	    0.00	80087.70	    0.00	80087.70	0.000	1.205	1.020	14829.88	100		    0.00	    0.00	61761.23	18326.47	0.000	0.000
300.00	19912.30	    0.00	80087.70	    0.00	80087.70	0.000	1.205	1.020	14829.88	100		    0.00	    0.00	61761.23	18326.47	0.000	0.000
301.00	19912.30	    0.00	80087.70	    0.00	80087.70	0.000	1.205	1.020	14829.88	100		    0.00	    0.00	61761.23	18326.47	0.000	0.000
302.00	19912.30	    0.00	80087.70	    0.00	80087.70	0.000	1.205	1.020	14829.88	100		    0.00	    0.00	61761.23	18326.47	0.000	0.000
303.00	19912.30	    0.00	80087.70	    0.00	80087.70	0.000	1.205	1.020	14829.88	100		    0.00	    0.00	61761.23	18326.47	0.000	0.000
304.00	19912.30	    0.00	80087.70	    0.00	80087.70	0.000	1.205	1.020	14829.88	100		    0.00	    0.00	61761.23	18326.47	0.000	0.000
305.00	19912.30	    0.00	80087.70	    0.00	80087.70	0.000	1.205	1.020	14829.88	100		    0.00	    0.00	61761.23	18326.47	0.000	0.000
306.00	19912.30	    0.00	80087.70	    0.00	80087.70	0.000	1.205	1.020	14829.88	100		    0.00	    0.00	61761.23	18326.47	0.000	0.000
307.00	19912.30	    0.00	80087.70	    0.00	80087.70	0.000	1.205	1.020	14829.88	100		    0.00	    0.00	61761.23	18326.47	0.000	0.000
308.00	19912.30	    0.00	80087.70	    0.00	80087.70	0.000	1.205	1.020	14829.88	100		    0.00	    0.00	61761.23	18326.47	0.000	0.000
309.00	19912.30	    0.00	80087.70	    0.00	80087.70	0.000	1.205	1.020	14829.88	100		    0.00	    0.00	61761.23	18326.47	0.000	0.000
310.00	19912.30	    0.00	80087.70	    0.00	80087.70	0.000	1.205	1.020	14829.88	100		    0.00	    0.00	61761.23	18326.47	0.000	0.000
311.00	19912.30	    0.00	80087.70	    0.00	80087.70	0.000	1.205	1.020	14829.88	100		    0.00	    0.00	61761.23	18326.47	0.000	0.000
312.00	19912.30	    0.00	80087.70	    0.00	80087.70	0.000	1.205	1.020	14829.88	100		    0.00	    0.00	61761.23	18326.47	0.000	0.000
313.00	19912.30	    0.00	80087.70	    0.00	80087.70	0.000	1.205	1.020	14829.88	100		    0.00	    0.00	61761.23	18326.47	0.000	0.000
314.00	19912.30	    0.00	80087.70	    0.00	80087.70	0.000	1.205	1.020	14829.88	100		    0.00	    0.00	61761.23	18326.47	0.000	0.000
315.00	19912.30	    0.00	80087.70	    0.00	80087.70	0.000	1.205	1.020	14829.88	100		    0.00	    0.00	61761.23	18326.47	0.000	0.000
316.00	19912.30	    0.00	80087.70	    0.00	80087.70	0.000	1.205	1.020	14829.88	100		    0.00	    0.00	61761.23	18326.47	0.000	0.000
317.00	19912.30	    0.00	80087.70	    0.00	80087.70	0.000	1.205	1.020	14829.88	100		    0.00	    0.00	61761.23	18326.47	0.000	0.000
318.00	19912.30	    0.00	80087.70	    0.00	80087.70	0.000	1.205	1.020	14829.88	100		    0.00	    0.00	61761.23	18326.47	0.000	0.000
319.00	19912.30	    0.00	80087.70	    0.00	80087.70	0.000	1.205	1.020	14829.88	100		    0.00	    0.00	61761.23	18326.47	0.000	0.000
320.00	19912.30	    0.00	80087.70	    0.00	80087.70	0.000	1.205	1.020	14829.88	100		    0.00	    0.00	61761.23	18326.47	0.000	0.000
321.00	19912.30	    0.00	80087.70	    0.00	80087.70	0.000	1.205	1.020	14829.88	100		    0.00	    0.00	61761.23	18326.47	0.000	0.000
322.00	19912.30	    0.00	80087.70	    0.00	80087.70	0.000	1.205	1.020	14829.88	100		    0.00	    0.00	61761.23	18326.47	0.000	0.000
323.00	19912.30	    0.00	80087.70	    0.00	80087.70	0.000	1.205	1.020	14829.88	100		    0.00	    0.00	61761.23	18326.47	0.000	0.000
324.00	19912.30	    0.00	80087.70	    0.00	80087.70	0.000	1.205	1.020	14829.88	100		    0.00	    0.00	61761.23	18326.47	0.000	0.000
325.00	19912.30	    0.00	80087.70	    0.00	80087.70	0.000	1.205	1.020	14829.88	100		    0.00	    0.00	61761.23	18326.47	0.000	0.000
326.00	19912.30	    0.00	80087.70	    0.00	80087.70	0.000	1.205	1.020	14829.88	100		    0.00	    0.00	61761.23	18326.47	0.000	0.000
327.00	19912.30	    0.00	80087.70	    0.00	80087.70	0.000	1.205	1.020	14829.88	100		    0.00	    0.00	61761.23	18326.47	0.000	0.000
328.00	19912.30	    0.00	80087.70	    0.00	80087.70	0.000	1.205	1.020	14829.88	100		    0.00	    0.00	61761.23	18326.47	0.000	0.000
329.00	19912.30	    0.00	80087.70	    0.00	80087.70	0.000	1.205	1.020	14829.88	100		    0.00	    0.00	61761.23	18326.47	0.000	0.000
330.00	19912.30	    0.00	80087.70	    0.00	80087.70	0.000	1.205	1.020	14829.88	100		    0.00	    0.00	61761.23	18326.47	0.000	0.000
331.00	19912.30	    0.00	80087.70	    0.00	80087.70	0.000	1.205	1.020	14829.88	100		    0.00	    0.00	61761.23	18326.47	0.000	0.000
332.00	19912.30	    0.00	80087.70	    0.00	80087.70	0.000	1.205	1.020	14829.88	100		    0.00	    0.00	61761.23	18326.47	0.000	0.000
333.00	19912.30	    0.00	80087.70	    0.00	80087.70	0.000	1.205	1.020	14829.88	100		    0.00	    0.00	61761.23	18326.47	0.000	0.000
334.00	19912.30	    0.00	80087.70	    0.00	80087.70	0.000	1.205	1.020	14829.88	100		    0.00	    0.00	61761.23	18326.47	0.000	0.000
335.00	19912.30	    0.00	80087.70	    0.00	80087.70	0.000	1.205	1.020	14829.88	100		    0.00	    0.00	61761.23	18326.47	0.000	0.000
336.00	19912.30	    0.00	80087.70	    0.00	80087.70	0.000	1.205	1.020	14829.88	100		    0.00	    0.00	61761.23	18326.47	0.000	0.000
337.00	19912.30	    0.00	80087.70	    0.00	80087.70	0.000	1.205	1.020	14829.88	100		    0.00	    0.00	61761.23	18326.47	0.000	0.000
338.00	19912.30	    0.00	80087.70	    0.00	80087.70	0.000	1.205	1.020	14829.88	100		    0.00	    0.00	61761.23	18326.47	0.000	0.000
339.00	19912.30	    0.00	80087.70	    0.00	80087.70	0.000	1.205	1.020	14829.88	100		    0.00	    0.00	61761.23	18326.47	0.000	0.000
340.00	19912.30	    0.00	80087.70	    0.00	80087.70	0.000	1.205	1.020	14829.88	100		    0.00	    0.00	61761.23	18326.47	0.000	0.000
341.00	19912.30	    0.00	80087.70	    0.00	80087.70	0.000	1.205	1.020	14829.88	100		    0.00	    0.00	61761.23	18326.47	0.000	0.000
342.00	19912.30	    0.00	80087.70	    0.00	80087.70	0.000	1.205	1.020	14829.88	100		    0.00	    0.00	61761.23	18326.47	0.000	0.000
343.00	19912.30	    0.00	80087.70	    0.00	80087.70	0.000	1.205	1.020	14829.88	100		    0.00	    0.00	61761.23	18326.47	0.000	0.000
344.00	19912.30	    0.00	80087.70	    0.00	80087.70	0.000	1.205	1.020	14829.88	100		    0.00	    0.00	61761.23	18326.47	0.000	0.000
345.00	19912.30	    0.00	80087.70	    0.00	80087.70	0.000	1.205	1.020	14829.88	100		    0.00	    0.00	61761.23	18326.47	0.000	0.000
346.00	19912.30	    0.00	80087.70	    0.00	80087.70	0.000	1.205	1.020	14829.88	100		    0.00	    0.00	61761.23	18326.47	0.000	0.000
347.00	19912.30	    0.00	80087.70	    0.00	80087.70	0.000	1.205	1.020	14829.88	100		    0.00	    0.00	61761.23	18326.47	0.000	0.000
348.00	19912.30	    0.00	80087.70	    0.00	80087.70	0.000	1.205	1.020	14829.88	100		    0.00	    0.00	61761.23	18326.47	0.000	0.000
349.00	19912.30	    0.00	80087.70	    0.00	80087.70	0.000	1.205	1.020	14829.88	100		    0.00	    0.00	61761.23	18326.47	0.000	0.000
350.00	19912.30	    0.00	80087.70	    0.00	80087.70	0.000	1.205	1.020	14829.88	100		    0.00	    0.00	61761.23	18326.47	0.000	0.000
351.00	19912.30	    0.00	80087.70	    0.00	80087.70	0.000	1.205	1.020	14829.88	100		    0.00	    0.00	61761.23	18326.47	0.000	0.000
352.00	19912.30	    0.00	80087.70	    0.00	80087.70	0.000	1.205	1.020	14829.88	100		    0.00	    0.00	61761.23	18326.47	0.000	0.000
353.00	19912.30	    0.00	80087.70	    0.00	80087.70	0.000	1.205	1.020	14829.88	100		    0.00	    0.00	61761.23	18326.47	0.000	0.000
354.00	19912.30	    0.00	80087.70	    0.00	80087.70	0.000	1.205	1.020	14829.88	100		    0.00	    0.00	61761.23	18326.47	0.000	0.000
355.00	19912.30	    0.00	80087.70	    0.00	80087.70	0.000	1.205	1.020	14829.88	100		    0.00	    0.00	61761.23	18326.47	0.000	0.000
356.00	19912.30	    0.00	80087.70	    0.00	80087.70	0.000	1.205	1.020	14829.88	100		    0.00	    0.00	61761.23	18326.47	0.000	0.000
357.00	19912.30	    0.00	80087.70	    0.00	80087.70	0.000	1.205	1.020	14829.88	100		    0.00	    0.00	61761.23	18326.47	0.000	0.000
358.00	19912.30	    0.00	80087.70	    0.00	80087.70	0.000	1.205	1.020	14829.88	100		    0.00	    0.00	61761.23	18326.47	0.000	0.000
359.00	19912.30	    0.00	80087.70	    0.00	80087.70	0.000	1.205	1.020	14829.88	100		    0.00	    0.00	61761.23	18326.47	0.000	0.000
360.00	19912.30	    0.00	80087.70	    0.00	80087.70	0.000	1.205	1.020	14829.88	100		    0.00	    0.00	61761.23	18326.47	0.000	0.000
361.00	19912.30	    0.00	80087.70	    0.00	80087.70	0.000	1.205	1.020	14829.88	100		    0.00	    0.00	61761.23	18326.47	0.000	0.000
362.00	19912.30	    0.00	80087.70	    0.00	80087.70	0.000	1.205	1.020	14829.88	100		    0.00	    0.00	61761.23	18326.47	0.000	0.000
363.00	19912.30	    0.00	80087.70	    0.00	80087.70	0.000	1.205	1.020	14829.88	100		    0.00	    0.00	61761.23	18326.47	0.000	0.000
364.00	19912.30	    0.00	80087.70	    0.00	80087.70	0.000	1.205	1.020	14829.88	100		    0.00	    0.00	61761.23	18326.47	0.000	0.000
365.00	19912.30	    0.00	80087.70	    0.00	80087.70	0.000	1.205	1.020	14829.88	100		    0.00	    0.00	61761.23	18326.47	0.000	0.000
366.00	19912.30	    0.00	80087.70	    0.00	80087.70	0.000	1.205	1.020	14829.88	100		    0.00	    0.00	61761.23	18326.47	0.000	0.000
367.00	19912.30	    0.00	80087.70	    0.00	80087.70	0.000	1.205	1.020	14829.88	100		    0.00	    0.00	61761.23	18326.47	0.000	0.000
368.00	19912.30	    0.00	80087.70	    0.00	80087.70	0.000	1.205	1.020	14829.88	100		    0.00	    0.00	61761.23	18326.47	0.000	0.000
369.00	19912.30	    0.00	80087.70	    0.00	80087.70	0.000	1.205	1.020	14829.88	100		    0.00	    0.00	61761.23	18326.47	0.000	0.000
370.00	19912.30	    0.00	80087.70	    0.00	80087.70	0.000	1.205	1.020	14829.88	100		    0.00	    0.00	61761.23	18326.47	0.000	0.000
371.00	19912.30	    0.00	80087.70	    0.00	80087.70	0.000	1.205	1.020	14829.88	100		    0.00	    0.00	61761.23	18326.47	0.000	0.000
372.00	19912.30	    0.00	80087.70	    0.00	80087.70	0.000	1.205	1.020	14829.88	100		    0.00	    0.00	61761.23	18326.47	0.000	0.000
373.00	19912.30	    0.00	80087.70	    0.00	80087.70	0.000	1.205	1.020	14829.88	100		    0.00	    0.00	61761.23	18326.47	0.000	0.000
374.00	19912.30	    0.00	80087.70	    0.00	80087.70	0.000	1.205	1.020	14829.88	100		    0.00	    0.00	61761.23	18326.47	0.000	0.000
375.00	19912.30	    0.00	80087.70	    0.00	80087.70	0.000	1.205	1.020	14829.88	100		    0.00	    0.00	61761.23	18326.47	0.000	0.000
376.00	19912.30	    0.00	80087.70	    0.00	80087.70	0.000	1.205	1.020	14829.88	100		    0.00	    0.00	61761.23	18326.47	0.000	0.000
377.00	19912.30	    0.00	80087.70	    0.00	80087.70	0.000	1.205	1.020	14829.88	100		    0.00	    0.00	61761.23	18326.47	0.000	0.000
378.00	19912.30	    0.00	80087.70	    0.00	80087.70	0.000	1.205	1.020	14829.88	100		    0.00	    0.00	61761.23	18326.47	0.000	0.000
379.00	19912.30	    0.00	80087.70	    0.00	80087.70	0.000	1.205	1.020	14829.88	100		    0.00	    0.00	61761.23	18326.47	0.000	0.000
380.00	19912.30	    0.00	80087.70	    0.00	80087.70	0.000	1.205	1.020	14829.88	100		    0.00	    0.00	61761.23	18326.47	0.000	0.000
381.00	19912.30	    0.00	80087.70	    0.00	80087.70	0.000	1.205	1.020	14829.88	100		    0.00	    0.00	61761.23	18326.47	0.000	0.000
382.00	19912.30	    0.00	80087.70	    0.00	80087.70	0.000	1.205	1.020	14829.88	100		    0.00	    0.00	61761.23	18326.47	0.000	0.000
383.00	19912.30	    0.00	80087.70	    0.00	80087.70	0.000	1.205	1.020	14829.88	100		    0.00	    0.00	61761.23	18326.47	0.000	0.000
384.00	19912.30	    0.00	80087.70	    0.00	80087.70	0.000	1.205	1.020	14829.88	100		    0.00	    0.00	61761.23	18326.47	0.000	0.000
385.00	19912.30	    0.00	80087.70	    0.00	80087.70	0.000	1.205	1.020	14829.88	100		    0.00	    0.00	61761.23	18326.47	0.000	0.000
386.00	19912.30	    0.00	80087.70	    0.00	80087.70	0.000	1.205	1.020	14829.88	100		    0.00	    0.00	61761.23	18326.47	0.000	0.000
387.00	19912.30	    0.00	80087.70	    0.00	80087.70	0.000	1.205	1.020	14829.88	100		    0.00	    0.00	61761.23	18326.47	0.000	0.000
388.00	19912.30	    0.00	80087.70	    0.00	80087.70	0.000	1.205	1.020	14829.88	100		    0.00	    0.00	61761.23	18326.47	0.000	0.000
389.00	19912.30	    0.00	80087.70	    0.00	80087.70	0.000	1.205	1.020	14829.88	100		    0.00	    0.00	61761.23	18326.47	0.000	0.000
390.00	19912.30	    0.00	80087.70	    0.00	80087.70	0.000	1.205	1.020	14829.88	100		    0.00	    0.00	61761.23	18326.47	0.000	0.000
391.00	19912.30	    0.00	80087.70	    0.00	80087.70	0.000	1.205	1.020	14829.88	100		    0.00	    0.00	61761.23	18326.47	0.000	0.000
392.00	19912.30	    0.00	80087.70	    0.00	80087.70	0.000	1.205	1.020	14829.88	100		    0.00	    0.00	61761.23	18326.47	0.000	0.000
393.00	19912.30	    0.00	80087.70	    0.00	80087.70	0.000	1.205	1.020	14829.88	100		    0.00	    0.00	61761.23	18326.47	0.000	0.000
394.00	19912.30	    0.00	80087.70	    0.00	80087.70	0.000	1.205	1.020	14829.88	100		    0.00	    0.00	61761.23	18326.47	0.000	0.000
395.00	19912.30	    0.00	80087.70	    0.00	80087.70	0.000	1.205	1.020	14829.88	100		    0.00	    0.00	61761.23	18326.47	0.000	0.000
396.00	19912.30	    0.00	80087.70	    0.00	80087.70	0.000	1.205	1.020	14829.88	100		    0.00	    0.00	61761.23	18326.47	0.000	0.000
397.00	19912.30	    0.00	80087.70	    0.00	80087.70	0.000	1.205	1.020	14829.88	100		    0.00	    0.00	61761.23	18326.47	0.000	0.000
398.00	19912.30	    0.00	80087.70	    0.00	80087.70	0.000	1.205	1.020	14829.88	100		    0.00	    0.00	61761.23	18326.47	0.000	0.000
399.00	19912.30	    0.00	80087.70	    0.00	80087.70	0.000	1.205	1.020	14829.88	100		    0.00	    0.00	61761.23	18326.47	0.000	0.000
400.00	19912.30	    0.00	80087.70	    0.00	80087.70	0.000	1.205	1.020	14829.88	100		    0.00	    0.00	61761.23	18326.47	0.000	0.000
401.00	19912.30	    0.00	80087.70	    0.00	80087.70	0.000	1.205	1.020	14829.88	100		    0.00	    0.00	61761.23	18326.47	0.000	0.000
402.00	19912.30	    0.00	80087.70	    0.00	80087.70	0.000	1.205	1.020	14829.88	100		    0.00	    0.00	61761.23	18326.47	0.000	0.000
403.00	19912.30	    0.00	80087.70	    0.00	80087.70	0.000	1.205	1.020	14829.88	100		    0.00	    0.00	61761.23	18326.47	0.000	0.000
404.00	19912.30	    0.00	80087.70	    0.00	80087.70	0.000	1.205	1.020	14829.88	100		    0.00	    0.00	61761.23	18326.47	0.000	0.000
405.00	19912.30	    0.00	80087.70	    0.00	80087.70	0.000	1.205	1.020	14829.88	100		    0.00	    0.00	61761.23	18326.47	0.000	0.000
406.00	19912.30	    0.00	80087.70	    0.00	80087.70	0.000	1.205	1.020	14829.88	100		    0.00	    0.00	61761.23	18326.47	0.000	0.000
407.00	19912.30	    0.00	80087.70	    0.00	80087.70	0.000	1.205	1.020	14829.88	100		    0.00	    0.00	61761.23	18326.47	0.000	0.000
408.00	19912.30	    0.00	80087.70	    0.00	80087.70	0.000	1.205	1.020	14829.88	100		    0.00	    0.00	61761.23	18326.47	0.000	0.000
409.00	19912.30	    0.00	80087.70	    0.00	80087.70	0.000	1.205	1.020	14829.88	100		    0.00	    0.00	61761.23	18326.47	0.000	0.000
410.00	19912.30	    0.00	80087.70	    0.00	80087.70	0.000	1.205	1.020	14829.88	100		    0.00	    0.00	61761.23	18326.47	0.000	0.000
411.00	19912.30	    0.00	80087.70	    0.00	80087.70	0.000	1.205	1.020	14829.88	100		    0.00	    0.00	61761.23	18326.47	0.000	0.000
412.00	19912.30	    0.00	80087.70	    0.00	80087.70	0.000	1.205	1.020	14829.88	100		    0.00	    0.00	61761.23	18326.47	0.000	0.000
413.00	19912.30	    0.00	80087.70	    0.00	80087.70	0.000	1.205	1.020	14829.88	100		    0.00	    0.00	61761.23	18326.47	0.000	0.000
414.00	19912.30	    0.00	80087.70	    0.00	80087.70	0.000	1.205	1.020	14829.88	100		    0.00	    0.00	61761.23	18326.47	0.000	0.000
415.00	19912.30	    0.00	80087.70	    0.00	80087.70	0.000	1.205	1.020	14829.88	100		    0.00	    0.00	61761.23	18326.47	0.000	0.000
416.00	19912.30	    0.00	80087.70	    0.00	80087.70	0.000	1.205	1.020	14829.88	100		    0.00	    0.00	61761.23	18326.47	0.000	0.000
417.00	19912.30	    0.00	80087.70	    0.00	80087.70	0.000	1.205	1.020	14829.88	100		    0.00	    0.00	61761.23	18326.47	0.000	0.000
418.00	19912.30	    0.00	80087.70	    0.00	80087.70	0.000	1.205	1.020	14829.88	100		    0.00	    0.00	61761.23	18326.47	0.000	0.000
419.00	19912.30	    0.00	80087.70	    0.00	80087.70	0.000	1.205	1.020	14829.88	100		    0.00	    0.00	61761.23	18326.47	0.000	0.000
420.00	19912.30	    0.00	80087.70	    0.00	80087.70	0.000	1.205	1.020	14829.88	100		    0.00	    0.00	61761.23	18326.47	0.000	0.000
421.00	19912.30	    0.00	80087.70	    0.00	80087.70	0.000	1.205	1.020	14829.88	100		    0.00	    0.00	61761.23	18326.47	0.000	0.000
422.00	19912.30	    0.00	80087.70	    0.00	80087.70	0.000	1.205	1.020	14829.88	100		    0.00	    0.00	61761.23	18326.47	0.000	0.000
423.00	19912.30	    0.00	80087.70	    0.00	80087.70	0.000	1.205	1.020	14829.88	100		    0.00	    0.00	61761.23	18326.47	0.000	0.000
424.00	19912.30	    0.00	80087.70	    0.00	80087.70	0.000	1.205	1.020	14829.88	100		    0.00	    0.00	61761.23	18326.47	0.000	0.000
425.00	19912.30	    0.00	80087.70	    0.00	80087.70	0.000	1.205	1.020	14829.88	100		    0.00	    0.00	61761.23	18326.47	0.000	0.000
426.00	19912.30	    0.00	80087.70	    0.00	80087.70	0.000	1.205	1.020	14829.88	100		    0.00	    0.00	61761.23	18326.47	0.000	0.000
427.00	19912.30	    0.00	80087.70	    0.00	80087.70	0.000	1.205	1.020	14829.88	100		    0.00	    0.00	61761.23	18326.47	0.000	0.000
428.00	19912.30	    0.00	80087.70	    0.00	80087.70	0.000	1.205	1.020	14829.88	100		    0.00	    0.00	61761.23	18326.47	0.000	0.000
429.00	19912.30	    0.00	80087.70	    0.00	80087.70	0.000	1.205	1.020	14829.88	100		    0.00	    0.00	61761.23	18326.47	0.000	0.000
430.00	19912.30	    0.00	80087.70	    0.00	80087.70	0.000	1.205	1.020	14829.88	100		    0.00	    0.00	61761.23	18326.47	0.000	0.000
431.00	19912.30	    0.00	80087.70	    0.00	80087.70	0.000	1.205	1.020	14829.88	100		    0.00	    0.00	61761.23	18326.47	0.000	0.000
432.00	19912.30	    0.00	80087.70	    0.00	80087.70	0.000	1.205	1.020	14829.88	100		    0.00	    0.00	61761.23	18326.47	0.000	0.000
433.00	19912.30	    0.00	80087.70	    0.00	80087.70	0.000	1.205	1.020	14829.88	100		    0.00	    0.00	61761.23	18326.47	0.000	0.000
434.00	19912.30	    0.00	80087.70	    0.00	80087.70	0.000	1.205	1.020	14829.88	100		    0.00	    0.00	61761.23	18326.47	0.000	0.000
435.00	19912.30	    0.00	80087.70	    0.00	80087.70	0.000	1.205	1.020	14829.88	100		    0.00	    0.00	61761.23	18326.47	0.000	0.000
436.00	19912.30	    0.00	80087.70	    0.00	80087.70	0.000	1.205	1.020	14829.88	100		    0.00	    0.00	61761.23	18326.47	0.000	0.000
437.00	19912.30	    0.00	80087.70	    0.00	80087.70	0.000	1.205	1.020	14829.88	100		    0.00	    0.00	61761.23	18326.47	0.000	0.000
438.00	19912.30	    0.00	80087.70	    0.00	80087.70	0.000	1.205	1.020	14829.88	100		    0.00	    0.00	61761.23	18326.47	0.000	0.000
439.00	19912.30	    0.00	80087.70	    0.00	80087.70	0.000	1.205	1.020	14829.88	100		    0.00	    0.00	61761.23	18326.47	0.000	0.000
440.00	19912.30	    0.00	80087.70	    0.00	80087.70	0.000	1.205	1.020	14829.88	100		    0.00	    0.00	61761.23	18326.47	0.000	0.000
441.00	19912.30	    0.00	80087.70	    0.00	80087.70	0.000	1.205	1.020	14829.88	100		    0.00	    0.00	61761.23	18326.47	0.000	0.000
442.00	19912.30	    0.00	80087.70	    0.00	80087.70	0.000	1.205	1.020	14829.88	100		    0.00	    0.00	61761.23	18326.47	0.000	0.000
443.00	19912.30	    0.00	80087.70	    0.00	80087.70	0.000	1.205	1.020	14829.88	100		    0.00	    0.00	61761.23	18326.47	0.000	0.000
444.00	19912.30	    0.00	80087.70	    0.00	80087.70	0.000	1.205	1.020	14829.88	100		    0.00	    0.00	61761.23	18326.47	0.000	0.000
445.00	19912.30	    0.00	80087.70	    0.00	80087.70	0.000	1.205	1.020	14829.88	100		    0.00	    0.00	61761.23	18326.47	0.000	0.000
446.00	19912.30	    0.00	80087.70	    0.00	80087.70	0.000	1.205	1.020	14829.88	100		    0.00	    0.00	61761.23	18326.47	0.000	0.000
447.00	19912.30	    0.00	80087.70	    0.00	80087.70	0.000	1.205	1.020	14829.88	100		    0.00	    0.00	61761.23	18326.47	0.000	0.000
448.00	19912.30	    0.00	80087.70	    0.00	80087.70	0.000	1.205	1.020	14829.88	100		    0.00	    0.00	61761.23	18326.47	0.000	0.000
449.00	19912.30	    0.00	80087.70	    0.00	80087.70	0.000	1.205	1.020	14829.88	100		    0.00	    0.00	61761.23	18326.47	0.000	0.000
450.00	19912.30	    0.00	80087.70	    0.00	80087.70	0.000	1.205	1.020	14829.88	100		    0.00	    0.00	61761.23	18326.47	0.000	0.000
451.00	19912.30	    0.00	80087.70	    0.00	80087.70	0.000	1.205	1.020	14829.88	100		    0.00	    0.00	61761.23	18326.47	0.000	0.000
452.00	19912.30	    0.00	80087.70	    0.00	80087.70	0.000	1.205	1.020	14829.88	100		    0.00	    0.00	61761.23	18326.47	0.000	0.000
453.00	19912.30	    0.00	80087.70	    0.00	80087.70	0.000	1.205	1.020	14829.88	100		    0.00	    0.00	61761.23	18326.47	0.000	0.000
454.00	19912.30	    0.00	80087.70	    0.00	80087.70	0.000	1.205	1.020	14829.88	100		    0.00	    0.00	61761.23	18326.47	0.000	0.000
455.00	19912.30	    0.00	80087.70	    0.00	80087.70	0.000	1.205	1.020	14829.88	100		    0.00	    0.00	61761.23	18326.47	0.000	0.000
456.00	19912.30	    0.00	80087.70	    0.00	80087.70	0.000	1.205	1.020	14829.88	100		    0.00	    0.00	61761.23	18326.47	0.000	0.000
457.00	19912.30	    0.00	80087.70	    0.00	80087.70	0.000	1.205	1.020	14829.88	100		    0.00	    0.00	61761.23	18326.47	0.000	0.000
458.00	19912.30	    0.00	80087.70	    0.00	80087.70	0.000	1.205	1.020	14829.88	100		    0.00	    0.00	61761.23	18326.47	0.000	0.000
459.00	19912.30	    0.00	80087.70	    0.00	80087.70	0.000	1.205	1.020	14829.88	100		    0.00	    0.00	61761.23	18326.47	0.000	0.000
460.00	19912.30	    0.00	80087.70	    0.00	80087.70	0.000	1.205	1.020	14829.88	100		    0.00	    0.00	61761.23	18326.47	0.000	0.000
461.00	19912.30	    0.00	80087.70	    0.00	80087.70	0.000	1.205	1.020	14829.88	100		    0.00	    0.00	61761.23	18326.47	0.000	0.000
462.00	19912.30	    0.00	80087.70	    0.00	80087.70	0.000	1.205	1.020	14829.88	100		    0.00	    0.00	61761.23	18326.47	0.000	0.000
463.00	19912.30	    0.00	80087.70	    0.00	80087.70	0.000	1.205	1.020	14829.88	100		    0.00	    0.00	61761.23	18326.47	0.000	0.000
464.00	19912.30	    0.00	80087.70	    0.00	80087.70	0.000	1.205	1.020	14829.88	100		    0.00	    0.00	61761.23	18326.47	0.000	0.000
465.00	19912.30	    0.00	80087.70	    0.00	80087.70	0.000	1.205	1.020	14829.88	100		    0.00	    0.00	61761.23	18326.47	0.000	0.000
466.00	19912.30	    0.00	80087.70	    0.00	80087.70	0.000	1.205	1.020	14829.88	100		    0.00	    0.00	61761.23	18326.47	0.000	0.000
467.00	19912.30	    0.00	80087.70	    0.00	80087.70	0.000	1.205	1.020	14829.88	100		    0.00	    0.00	61761.23	18326.47	0.000	0.000
468.00	19912.30	    0.00	80087.70	    0.00	80087.70	0.000	1.205	1.020	14829.88	100		    0.00	    0.00	61761.23	18326.47	0.000	0.000
469.00	19912.30	    0.00	80087.70	    0.00	80087.70	0.000	1.205	1.020	14829.88	100		    0.00	    0.00	61761.23	18326.47	0.000	0.000
470.00	19912.30	    0.00	80087.70	    0.00	80087.70	0.000	1.205	1.020	14829.88	100		    0.00	    0.00	61761.23	18326.47	0.000	0.000
471.00	19912.30	    0.00	80087.70	    0.00	80087.70	0.000	1.205	1.020	14829.88	100		    0.00	    0.00	61761.23	18326.47	0.000	0.000
472.00	19912.30	    0.00	80087.70	    0.00	80087.70	0.000	1.205	1.020	14829.88	100		    0.00	    0.00	61761.23	18326.47	0.000	0.000
473.00	19912.30	    0.00	80087.70	    0.00	80087.70	0.000	1.205	1.020	14829.88	100		    0.00	    0.00	61761.23	18326.47	0.000	0.000
474.00	19912.30	    0.00	80087.70	    0.00	80087.70	0.000	1.205	1.020	14829.88	100		    0.00	    0.00	61761.23	18326.47	0.000	0.000
475.00	19912.30	    0.00	80087.70	    0.00	80087.70	0.000	1.205	1.020	14829.88	100		    0.00	    0.00	61761.23	18326.47	0.000	0.000
476.00	19912.30	    0.00	80087.70	    0.00	80087.70	0.000	1.205	1.020	14829.88	100		    0.00	    0.00	61761.23	18326.47	0.000	0.000
477.00	19912.30	    0.00	80087.70	    0.00	80087.70	0.000	1.205	1.020	14829.88	100		    0.00	    0.00	61761.23	18326.47	0.000	0.000
478.00	19912.30	    0.00	80087.70	    0.00	80087.70	0.000	1.205	1.020	14829.88	100		    0.00	    0.00	61761.23	18326.47	0.000	0.000
479.00	19912.30	    0.00	80087.70	    0.00	80087.70	0.000	1.205	1.020	14829.88	100		    0.00	    0.00	61761.23	18326.47	0.000	0.000
480.00	19912.30	    0.00	80087.70	    0.00	80087.70	0.000	1.205	1.020	14829.88	100		    0.00	    0.00	61761.23	18326.47	0.000	0.000
481.00	19912.30	    0.00	80087.70	    0.00	80087.70	0.000	1.205	1.020	14829.88	100		    0.00	    0.00	61761.23	18326.47	0.000	0.000
482.00	19912.30	    0.00	80087.70	    0.00	80087.70	0.000	1.205	1.020	14829.88	100		    0.00	    0.00	61761.23	18326.47	0.000	0.000
483.00	19912.30	    0.00	80087.70	    0.00	80087.70	0.000	1.205	1.020	14829.88	100		    0.00	    0.00	61761.23	18326.47	0.000	0.000
484.00	19912.30	    0.00	80087.70	    0.00	80087.70	0.000	1.205	1.020	14829.88	100		    0.00	    0.00	61761.23	18326.47	0.000	0.000
485.00	19912.30	    0.00	80087.70	    0.00	80087.70	0.000	1.205	1.020	14829.88	100		    0.00	    0.00	61761.23	18326.47	0.000	0.000
486.00	19912.30	    0.00	80087.70	    0.00	80087.70	0.000	1.205	1.020	14829.88	100		    0.00	    0.00	61761.23	18326.47	0.000	0.000
487.00	19912.30	    0.00	80087.70	    0.00	80087.70	0.000	1.205	1.020	14829.88	100		    0.00	    0.00	61761.23	18326.47	0.000	0.000
488.00	19912.30	    0.00	80087.70	    0.00	80087.70	0.000	1.205	1.020	14829.88	100		    0.00	    0.00	61761.23	18326.47	0.000	0.000
489.00	19912.30	    0.00	80087.70	    0.00	80087.70	0.000	1.205	1.020	14829.88	100		    0.00	    0.00	61761.23	18326.47	0.000	0.000
490.00	19912.30	    0.00	80087.70	    0.00	80087.70	0.000	1.205	1.020	14829.88	100		    0.00	    0.00	61761.23	18326.47	0.000	0.000
491.00	19912.30	    0.00	80087.70	    0.00	80087.70	0.000	1.205	1.020	14829.88	100		    0.00	    0.00	61761.23	18326.47	0.000	0.000
492.00	19912.30	    0.00	80087.70	    0.00	80087.70	0.000	1.205	1.020	14829.88	100		    0.00	    0.00	61761.23	18326.47	0.000	0.000
493.00	19912.30	    0.00	80087.70	    0.00	80087.70	0.000	1.205	1.020	14829.88	100		    0.00	    0.00	61761.23	18326.47	0.000	0.000
494.00	19912.30	    0.00	80087.70	    0.00	80087.70	0.000	1.205	1.020	14829.88	100		    0.00	    0.00	61761.23	18326.47	0.000	0.000
495.00	19912.30	    0.00	80087.70	    0.00	80087.70	0.000	1.205	1.020	14829.88	100		    0.00	    0.00	61761.23	18326.47	0.000	0.000
496.00	19912.30	    0.00	80087.70	    0.00	80087.70	0.000	1.205	1.020	14829.88	100		    0.00	    0.00	61761.23	18326.47	0.000	0.000
497.00	19912.30	    0.00	80087.70	    0.00	80087.70	0.000	1.205	1.020	14829.88	100		    0.00	    0.00	61761.23	18326.47	0.000	0.000
498.00	19912.30	    0.00	80087.70	    0.00	80087.70	0.000	1.205	1.020	14829.88	100		    0.00	    0.00	61761.23	18326.47	0.000	0.000
499.00	19912.30	    0.00	80087.70	    0.00	80087.70	0.000	1.205	1.020	14829.88	100		    0.00	    0.00	61761.23	18326.47	0.000	0.000
500.00	19912.30	    0.00	80087.70	    0.00	80087.70	0.000	1.205	1.020	14829.88	100		    0.00	    0.00	61761.23	18326.47	0.000	0.000
