0.00	99950.00	   50.00	    0.00	    0.00	   50.00	0.000	1.760	1.760	    0.00	  2		    0.00	    0.00	   27.00	   23.00	0.000	0.000
1.00	99949.88	   50.12	    0.00	    0.12	   50.12	0.000	1.874	1.872	    0.08	 25		    0.08	    0.04	   27.08	   23.04	0.667	0.333
2.00	99949.44	   50.31	    0.25	    0.51	   50.56	1.795	1.948	1.947	    0.08	 72		    0.38	    0.14	   27.40	   23.15	0.730	0.270
3.00	99944.84	   53.07	    2.09	    4.76	   55.16	0.712	1.988	1.987	    0.08	 98		    3.36	    1.40	   30.65	   24.51	0.706	0.294
4.00	99925.94	   67.12	    6.94	   19.00	   74.06	0.308	1.991	1.990	    0.12	100		   13.73	    5.27	   44.31	   29.75	0.723	0.277
5.00	99889.91	   94.36	   15.73	   36.03	  110.09	0.298	2.001	1.998	    0.34	100		   25.29	   10.74	   69.60	   40.49	0.702	0.298
6.00	99842.56	  125.13	   32.31	   47.35	  157.44	0.311	1.992	1.989	    0.51	100		   33.49	   13.86	  103.09	   54.35	0.707	0.293
7.00	99784.53	  158.30	   57.17	   58.03	  215.47	0.259	1.993	1.989	    0.82	100		   42.03	   16.00	  145.12	   70.35	0.724	0.276
8.00	99708.56	  204.07	   87.37	   75.97	  291.44	0.245	1.986	1.982	    1.31	100		   55.98	   19.99	  201.10	   90.34	0.737	0.263
9.00	99610.04	  262.86	  127.10	   98.52	  389.96	0.254	1.988	1.982	    2.29	100		   72.41	   26.11	  273.51	  116.45	0.735	0.265
10.00	99486.37	  335.23	  178.40	  123.67	  513.63	0.248	1.992	1.984	    3.97	100		   91.05	   32.62	  364.56	  149.07	0.736	0.264
11.00	99325.00	  432.59	  242.41	  161.37	  675.00	0.249	1.987	1.978	    6.46	100		  118.65	   42.72	  483.21	  191.79	0.735	0.265
12.00	99118.17	  554.52	  327.31	  206.83	  881.83	0.252	1.986	1.974	   10.12	100		  152.48	   54.35	  635.69	  246.14	0.737	0.263
13.00	98857.20	  708.81	  433.99	  260.97	 1142.80	0.247	1.981	1.967	   15.68	100		  190.48	   70.49	  826.17	  316.63	0.730	0.270
14.00	98522.10	  906.51	  571.39	  335.10	 1477.90	0.246	1.979	1.962	   25.68	100		  246.10	   89.00	 1072.27	  405.63	0.734	0.266
15.00	98094.05	 1160.04	  745.91	  428.05	 1905.95	0.246	1.978	1.956	   42.15	100		  314.10	  113.95	 1386.37	  519.58	0.734	0.266
16.00	97547.73	 1478.13	  974.14	  546.32	 2452.27	0.244	1.972	1.944	   68.49	100		  401.58	  144.74	 1787.95	  664.32	0.735	0.265
17.00	96853.89	 1879.78	 1266.33	  693.84	 3146.11	0.241	1.966	1.930	  110.66	100		  510.16	  183.68	 2298.11	  848.00	0.735	0.265
18.00	95977.63	 2387.00	 1635.37	  876.26	 4022.37	0.240	1.959	1.915	  176.80	100		  643.91	  232.35	 2942.02	 1080.35	0.735	0.265
19.00	94868.71	 3021.22	 2110.07	 1108.92	 5131.29	0.237	1.948	1.893	  281.90	100		  814.47	  294.45	 3756.49	 1374.80	0.734	0.266
20.00	93485.55	 3797.77	 2716.68	 1383.16	 6514.45	0.232	1.934	1.867	  439.35	100		 1020.15	  363.01	 4776.64	 1737.81	0.738	0.262
21.00	91767.03	 4741.75	 3491.22	 1718.52	 8232.97	0.225	1.916	1.834	  677.79	100		 1266.14	  452.38	 6042.78	 2190.19	0.737	0.263
22.00	89648.07	 5881.45	 4470.48	 2118.96	10351.93	0.219	1.894	1.795	 1029.12	100		 1565.32	  553.64	 7608.10	 2743.83	0.739	0.261
23.00	87078.90	 7208.95	 5712.15	 2569.17	12921.10	0.209	1.868	1.749	 1532.28	100		 1901.95	  667.22	 9510.05	 3411.05	0.740	0.260
24.00	84003.62	 8720.37	 7276.01	 3075.28	15996.38	0.197	1.836	1.697	 2224.01	100		 2278.85	  796.43	11788.90	 4207.48	0.741	0.259
25.00	80391.34	10389.61	 9219.05	 3612.28	19608.66	0.183	1.800	1.640	 3137.58	100		 2683.79	  928.49	14472.69	 5135.97	0.743	0.257
26.00	76242.96	12134.41	11622.63	 4148.38	23757.04	0.165	1.758	1.577	 4287.94	100		 3089.56	 1058.82	17562.25	 6194.79	0.745	0.255
27.00	71583.95	13869.62	14546.43	 4659.01	28416.05	0.144	1.711	1.512	 5657.28	100		 3484.71	 1174.30	21046.96	 7369.09	0.748	0.252
28.00	66516.75	15416.11	18067.14	 5067.20	33483.25	0.120	1.660	1.445	 7196.18	100		 3812.21	 1254.99	24859.17	 8624.08	0.752	0.248
29.00	61194.92	16612.85	22192.23	 5321.83	38805.08	0.090	1.607	1.380	 8802.31	100		 4014.85	 1306.98	28874.02	 9931.06	0.754	0.246
30.00	55714.96	17385.67	26899.37	 5479.96	44285.04	0.060	1.552	1.317	10398.58	100		 4153.69	 1326.27	33027.71	11257.33	0.758	0.242
31.00	50410.86	17399.12	32190.02	 5304.10	49589.14	0.023	1.499	1.260	11829.29	100		 4046.03	 1258.07	37073.74	12515.40	0.763	0.237
32.00	45377.88	16814.30	37807.82	 5032.98	54622.12	-0.017	1.449	1.210	13050.53	100		 3856.91	 1176.07	40930.65	13691.47	0.766	0.234
33.00	40804.98	15582.73	43612.29	 4572.90	59195.02	-0.055	1.403	1.167	14006.81	100		 3522.52	 1050.38	44453.17	14741.85	0.770	0.230
34.00	36795.30	13858.00	49346.70	 4009.68	63204.70	-0.097	1.363	1.130	14717.33	100		 3104.71	  904.97	47557.88	15646.82	0.774	0.226
35.00	33376.16	11875.91	54747.93	 3419.14	66623.84	-0.136	1.329	1.101	15218.53	100		 2663.91	  755.23	50221.79	16402.05	0.779	0.221
36.00	30555.10	 9814.42	59630.48	 2821.06	69444.90	-0.173	1.301	1.077	15550.37	100		 2207.00	  614.06	52428.79	17016.11	0.782	0.218
37.00	28271.81	 7888.13	63840.06	 2283.29	71728.19	-0.205	1.278	1.059	15762.20	100		 1791.50	  491.79	54220.29	17507.90	0.785	0.215
38.00	26464.24	 6181.73	67354.03	 1807.57	73535.76	-0.231	1.260	1.044	15891.13	100		 1424.55	  383.02	55644.84	17890.92	0.788	0.212
39.00	25056.00	 4742.55	70201.45	 1408.24	74944.00	-0.254	1.246	1.033	15971.16	100		 1110.87	  297.37	56755.71	18188.29	0.789	0.211
40.00	23965.98	 3602.11	72431.91	 1090.02	76034.02	-0.270	1.235	1.025	16018.20	100		  863.69	  226.33	57619.40	18414.62	0.792	0.208
41.00	23138.32	 2695.44	74166.24	  827.66	76861.68	-0.283	1.227	1.018	16045.10	100		  655.75	  171.91	58275.15	18586.53	0.792	0.208
42.00	22511.25	 2012.86	75475.89	  627.07	77488.75	-0.291	1.221	1.013	16060.28	100		  498.64	  128.43	58773.79	18714.96	0.795	0.205
43.00	22033.84	 1501.13	76465.03	  477.41	77966.16	-0.293	1.216	1.010	16068.75	100		  380.48	   96.93	59154.27	18811.89	0.797	0.203
44.00	21678.35	 1108.21	77213.44	  355.49	78321.65	-0.298	1.212	1.007	16073.89	100		  283.15	   72.34	59437.42	18884.23	0.797	0.203
45.00	21414.92	  818.22	77766.86	  263.43	78585.08	-0.303	1.210	1.005	16076.66	100		  209.96	   53.47	59647.38	18937.70	0.797	0.203
46.00	21213.97	  610.76	78175.27	  200.95	78786.03	-0.298	1.208	1.004	16078.16	100		  161.03	   39.92	59808.41	18977.62	0.801	0.199
47.00	21067.94	  448.09	78483.97	  146.03	78932.06	-0.301	1.206	1.003	16079.08	100		  116.66	   29.37	59925.07	19006.99	0.799	0.201
48.00	20958.62	  333.19	78708.19	  109.32	79041.38	-0.303	1.205	1.002	16079.45	100		   87.97	   21.35	60013.04	19028.34	0.805	0.195
49.00	20875.81	  249.83	78874.36	   82.81	79124.19	-0.292	1.204	1.001	16079.67	100		   66.37	   16.44	60079.41	19044.78	0.801	0.199
50.00	20814.30	  185.11	79000.59	   61.51	79185.70	-0.294	1.204	1.001	16079.75	100		   49.26	   12.25	60128.67	19057.03	0.801	0.199
51.00	20769.28	  135.77	79094.95	   45.02	79230.72	-0.305	1.203	1.000	16079.83	100		   36.03	    8.99	60164.70	19066.02	0.800	0.200
52.00	20735.38	  100.78	79163.84	   33.90	79264.62	-0.304	1.203	1.000	16079.87	100		   27.21	    6.69	60191.91	19072.71	0.803	0.197
53.00	20710.65	   73.98	79215.37	   24.73	79289.35	-0.304	1.203	1.000	16079.88	100		   19.48	    5.25	60211.39	19077.96	0.788	0.212
54.00	20692.65	   54.02	79253.33	   18.00	79307.35	-0.312	1.203	1.000	16079.89	100		   14.38	    3.62	60225.77	19081.58	0.799	0.201
55.00	20679.12	   40.01	79280.87	   13.53	79320.88	-0.307	1.202	1.000	16079.89	100		   10.76	    2.77	60236.53	19084.35	0.795	0.205
56.00	20669.40	   29.22	79301.38	    9.72	79330.60	-0.307	1.202	1.000	16079.89	100		    7.57	    2.15	60244.10	19086.50	0.779	0.221
57.00	20662.15	   21.68	79316.17	    7.25	79337.85	-0.306	1.202	1.000	16079.89	100		    5.82	    1.43	60249.92	19087.93	0.803	0.197
58.00	20656.76	   16.21	79327.03	    5.39	79343.24	-0.295	1.202	0.999	16079.89	100		    4.26	    1.13	60254.18	19089.06	0.790	0.210
59.00	20652.61	   12.24	79335.15	    4.15	79347.39	-0.286	1.202	0.999	16079.89	100		    3.33	    0.82	60257.51	19089.88	0.802	0.198
60.00	20649.75	    8.71	79341.54	    2.86	79350.25	-0.311	1.202	0.999	16079.89	100		    2.19	    0.67	60259.70	19090.55	0.766	0.234
61.00	20647.40	    6.77	79345.83	    2.35	79352.60	-0.296	1.202	0.999	16079.89	100		    1.80	    0.55	60261.50	19091.10	0.766	0.234
62.00	20645.96	    4.67	79349.37	    1.44	79354.04	-0.312	1.202	0.999	16079.89	100		    1.14	    0.30	60262.64	19091.40	0.792	0.208
63.00	20644.68	    3.80	79351.52	    1.28	79355.32	-0.289	1.202	0.999	16079.89	100		    0.97	    0.31	60263.61	19091.71	0.758	0.242
64.00	20643.70	    2.91	79353.39	    0.98	79356.30	-0.237	1.202	0.999	16079.89	100		    0.79	    0.19	60264.40	19091.90	0.806	0.194
65.00	20643.01	    2.19	79354.80	    0.69	79356.99	-0.276	1.202	0.999	16079.89	100		    0.61	    0.08	60265.01	19091.98	0.884	0.116
66.00	20642.42	    1.75	79355.83	    0.59	79357.58	-0.254	1.202	0.999	16079.89	100		    0.48	    0.11	60265.49	19092.09	0.814	0.186
67.00	20642.00	    1.28	79356.72	    0.42	79358.00	-0.269	1.202	0.999	16079.89	100		    0.33	    0.09	60265.82	19092.18	0.786	0.214
68.00	20641.64	    1.05	79357.31	    0.36	79358.36	-0.255	1.202	0.999	16079.89	100		    0.29	    0.07	60266.11	19092.25	0.806	0.194
69.00	20641.38	    0.73	79357.89	    0.26	79358.62	-0.281	1.202	0.999	16079.89	100		    0.19	    0.07	60266.30	19092.32	0.731	0.269
70.00	20641.19	    0.53	79358.28	    0.19	79358.81	-0.342	1.202	0.999	16079.89	100		    0.14	    0.05	60266.44	19092.37	0.737	0.263
71.00	20641.07	    0.41	79358.52	    0.12	79358.93	-0.288	1.202	0.999	16079.89	100		    0.11	    0.01	60266.55	19092.38	0.917	0.083
72.00	20640.97	    0.34	79358.69	    0.10	79359.03	-0.222	1.202	0.999	16079.89	100		    0.08	    0.02	60266.63	19092.40	0.800	0.200
73.00	20640.88	    0.30	79358.82	    0.09	79359.12	-0.156	1.202	0.999	16079.89	100		    0.08	    0.01	60266.71	19092.41	0.889	0.111
74.00	20640.79	    0.29	79358.92	    0.09	79359.21	-0.080	1.202	0.999	16079.89	100		    0.06	    0.03	60266.77	19092.44	0.667	0.333
75.00	20640.75	    0.20	79359.05	    0.04	79359.25	-0.203	1.202	0.999	16079.89	100		    0.04	    0.00	60266.81	19092.44	1.000	0.000
76.00	20640.69	    0.19	79359.12	    0.06	79359.31	-0.211	1.202	0.999	16079.89	100		    0.06	    0.00	60266.87	19092.44	1.000	0.000
77.00	20640.63	    0.18	79359.19	    0.06	79359.37	-0.053	1.202	0.999	16079.89	100		    0.04	    0.02	60266.91	19092.46	0.667	0.333
78.00	20640.59	    0.14	79359.27	    0.04	79359.41	-0.153	1.202	0.999	16079.89	100		    0.03	    0.01	60266.94	19092.47	0.750	0.250
79.00	20640.57	    0.09	79359.34	    0.02	79359.43	-0.347	1.202	0.999	16079.89	100		    0.02	    0.00	60266.96	19092.47	1.000	0.000
80.00	20640.56	    0.06	79359.38	    0.01	79359.44	-0.424	1.202	0.999	16079.89	100		    0.01	    0.00	60266.97	19092.47	1.000	0.000
81.00	20640.53	    0.07	79359.40	    0.03	79359.47	-0.126	1.202	0.999	16079.89	100		    0.01	    0.02	60266.98	19092.49	0.333	0.667
82.00	20640.52	    0.03	79359.45	    0.01	79359.48	-0.347	1.202	0.999	16079.89	100		    0.01	    0.00	60266.99	19092.49	1.000	0.000
83.00	20640.52	    0.01	79359.47	    0.00	79359.48	-0.973	1.202	0.999	16079.89	100		    0.00	    0.00	60266.99	19092.49	0.000	0.000
84.00	20640.52	    0.01	79359.47	    0.00	79359.48	-0.549	1.202	0.999	16079.89	100		    0.00	    0.00	60266.99	19092.49	0.000	0.000
85.00	20640.51	    0.02	79359.47	    0.01	79359.49	0.347	1.202	0.999	16079.89	100		    0.01	    0.00	60267.00	19092.49	1.000	0.000
86.00	20640.51	    0.01	79359.48	    0.00	79359.49	0.000	1.202	0.999	16079.89	100		    0.00	    0.00	60267.00	19092.49	0.000	0.000
87.00	20640.51	    0.01	79359.48	    0.00	79359.49	-0.347	1.202	0.999	16079.89	100		    0.00	    0.00	60267.00	19092.49	0.000	0.000
88.00	20640.50	    0.02	79359.48	    0.01	79359.50	0.347	1.202	0.999	16079.89	100		    0.01	    0.00	60267.01	19092.49	1.000	0.000
89.00	20640.50	    0.01	79359.49	    0.00	79359.50	0.000	1.202	0.999	16079.89	100		    0.00	    0.00	60267.01	19092.49	0.000	0.000
90.00	20640.49	    0.02	79359.49	    0.01	79359.51	0.000	1.202	0.999	16079.89	100		    0.01	    0.00	60267.02	19092.49	1.000	0.000
91.00	20640.49	    0.01	79359.50	    0.00	79359.51	0.000	1.202	0.999	16079.89	100		    0.00	    0.00	60267.02	19092.49	0.000	0.000
92.00	20640.48	    0.02	79359.50	    0.01	79359.52	0.000	1.202	0.999	16079.89	100		    0.01	    0.00	60267.03	19092.49	1.000	0.000
93.00	20640.48	    0.00	79359.52	    0.00	79359.52	0.000	1.202	0.999	16079.89	100		    0.00	    0.00	60267.03	19092.49	0.000	0.000
94.00	20640.48	    0.00	79359.52	    0.00	79359.52	-0.347	1.202	0.999	16079.89	100		    0.00	    0.00	60267.03	19092.49	0.000	0.000
95.00	20640.48	    0.00	79359.52	    0.00	79359.52	0.000	1.202	0.999	16079.89	100		    0.00	    0.00	60267.03	19092.49	0.000	0.000
96.00	20640.48	    0.00	79359.52	    0.00	79359.52	0.000	1.202	0.999	16079.89	100		    0.00	    0.00	60267.03	19092.49	0.000	0.000
97.00	20640.48	    0.00	79359.52	    0.00	79359.52	0.000	1.202	0.999	16079.89	100		    0.00	    0.00	60267.03	19092.49	0.000	0.000
98.00	20640.48	    0.00	79359.52	    0.00	79359.52	0.000	1.202	0.999	16079.89	100		    0.00	    0.00	60267.03	19092.49	0.000	0.000
99.00	20640.48	    0.00	79359.52	    0.00	79359.52	0.000	1.202	0.999	16079.89	100		    0.00	    0.00	60267.03	19092.49	0.000	0.000
100.00	20640.48	    0.00	79359.52	    0.00	79359.52	0.000	1.202	0.999	16079.89	100		    0.00	    0.00	60267.03	19092.49	0.000	0.000
101.00	20640.48	    0.00	79359.52	    0.00	79359.52	0.000	1.202	0.999	16079.89	100		    0.00	    0.00	60267.03	19092.49	0.000	0.000
102.00	20640.48	    0.00	79359.52	    0.00	79359.52	0.000	1.202	0.999	16079.89	100		    0.00	    0.00	60267.03	19092.49	0.000	0.000
103.00	20640.48	    0.00	79359.52	    0.00	79359.52	0.000	1.202	0.999	16079.89	100		    0.00	    0.00	60267.03	19092.49	0.000	0.000
104.00	20640.48	    0.00	79359.52	    0.00	79359.52	0.000	1.202	0.999	16079.89	100		    0.00	    0.00	60267.03	19092.49	0.000	0.000
105.00	20640.48	    0.00	79359.52	    0.00	79359.52	0.000	1.202	0.999	16079.89	100		    0.00	    0.00	60267.03	19092.49	0.000	0.000
106.00	20640.48	    0.00	79359.52	    0.00	79359.52	0.000	1.202	0.999	16079.89	100		    0.00	    0.00	60267.03	19092.49	0.000	0.000
107.00	20640.48	    0.00	79359.52	    0.00	79359.52	0.000	1.202	0.999	16079.89	100		    0.00	    0.00	60267.03	19092.49	0.000	0.000
108.00	20640.48	    0.00	79359.52	    0.00	79359.52	0.000	1.202	0.999	16079.89	100		    0.00	    0.00	60267.03	19092.49	0.000	0.000
109.00	20640.48	    0.00	79359.52	    0.00	79359.52	0.000	1.202	0.999	16079.89	100		    0.00	    0.00	60267.03	19092.49	0.000	0.000
110.00	20640.48	    0.00	79359.52	    0.00	79359.52	0.000	1.202	0.999	16079.89	100		    0.00	    0.00	60267.03	19092.49	0.000	0.000
111.00	20640.48	    0.00	79359.52	    0.00	79359.52	0.000	1.202	0.999	16079.89	100		    0.00	    0.00	60267.03	19092.49	0.000	0.000
112.00	20640.48	    0.00	79359.52	    0.00	79359.52	0.000	1.202	0.999	16079.89	100		    0.00	    0.00	60267.03	19092.49	0.000	0.000
113.00	20640.48	    0.00	79359.52	    0.00	79359.52	0.000	1.202	0.999	16079.89	100		    0.00	    0.00	60267.03	19092.49	0.000	0.000
114.00	20640.48	    0.00	79359.52	    0.00	79359.52	0.000	1.202	0.999	16079.89	100		    0.00	    0.00	60267.03	19092.49	0.000	0.000
115.00	20640.48	    0.00	79359.52	    0.00	79359.52	0.000	1.202	0.999	16079.89	100		    0.00	    0.00	60267.03	19092.49	0.000	0.000
116.00	20640.48	    0.00	79359.52	    0.00	79359.52	0.000	1.202	0.999	16079.89	100		    0.00	    0.00	60267.03	19092.49	0.000	0.000
117.00	20640.48	    0.00	79359.52	    0.00	79359.52	0.000	1.202	0.999	16079.89	100		    0.00	    0.00	60267.03	19092.49	0.000	0.000
118.00	20640.48	    0.00	79359.52	    0.00	79359.52	0.000	1.202	0.999	16079.89	100		    0.00	    0.00	60267.03	19092.49	0.000	0.000
119.00	20640.48	    0.00	79359.52	    0.00	79359.52	0.000	1.202	0.999	16079.89	100		    0.00	    0.00	60267.03	19092.49	0.000	0.000
120.00	20640.48	    0.00	79359.52	    0.00	79359.52	0.000	1.202	0.999	16079.89	100		    0.00	    0.00	60267.03	19092.49	0.000	0.000
121.00	20640.48	    0.00	79359.52	    0.00	79359.52	0.000	1.202	0.999	16079.89	100		    0.00	    0.00	60267.03	19092.49	0.000	0.000
122.00	20640.48	    0.00	79359.52	    0.00	79359.52	0.000	1.202	0.999	16079.89	100		    0.00	    0.00	60267.03	19092.49	0.000	0.000
123.00	20640.48	    0.00	79359.52	    0.00	79359.52	0.000	1.202	0.999	16079.89	100		    0.00	    0.00	60267.03	19092.49	0.000	0.000
124.00	20640.48	    0.00	79359.52	    0.00	79359.52	0.000	1.202	0.999	16079.89	100		    0.00	    0.00	60267.03	19092.49	0.000	0.000
125.00	20640.48	    0.00	79359.52	    0.00	79359.52	0.000	1.202	0.999	16079.89	100		    0.00	    0.00	60267.03	19092.49	0.000	0.000
126.00	20640.48	    0.00	79359.52	    0.00	79359.52	0.000	1.202	0.999	16079.89	100		    0.00	    0.00	60267.03	19092.49	0.000	0.000
127.00	20640.48	    0.00	79359.52	    0.00	79359.52	0.000	1.202	0.999	16079.89	100		    0.00	    0.00	60267.03	19092.49	0.000	0.000
128.00	20640.48	    0.00	79359.52	    0.00	79359.52	0.000	1.202	0.999	16079.89	100		    0.00	    0.00	60267.03	19092.49	0.000	0.000
129.00	20640.48	    0.00	79359.52	    0.00	79359.52	0.000	1.202	0.999	16079.89	100		    0.00	    0.00	60267.03	19092.49	0.000	0.000
130.00	20640.48	    0.00	79359.52	    0.00	79359.52	0.000	1.202	0.999	16079.89	100		    0.00	    0.00	60267.03	19092.49	0.000	0.000
131.00	20640.48	    0.00	79359.52	    0.00	79359.52	0.000	1.202	0.999	16079.89	100		    0.00	    0.00	60267.03	19092.49	0.000	0.000
132.00	20640.48	    0.00	79359.52	    0.00	79359.52	0.000	1.202	0.999	16079.89	100		    0.00	    0.00	60267.03	19092.49	0.000	0.000
133.00	20640.48	    0.00	79359.52	    0.00	79359.52	0.000	1.202	0.999	16079.89	100		    0.00	    0.00	60267.03	19092.49	0.000	0.000
134.00	20640.48	    0.00	79359.52	    0.00	79359.52	0.000	1.202	0.999	16079.89	100		    0.00	    0.00	60267.03	19092.49	0.000	0.000
135.00	20640.48	    0.00	79359.52	    0.00	79359.52	0.000	1.202	0.999	16079.89	100		    0.00	    0.00	60267.03	19092.49	0.000	0.000
136.00	20640.48	    0.00	79359.52	    0.00	79359.52	0.000	1.202	0.999	16079.89	100		    0.00	    0.00	60267.03	19092.49	0.000	0.000
137.00	20640.48	    0.00	79359.52	    0.00	79359.52	0.000	1.202	0.999	16079.89	100		    0.00	    0.00	60267.03	19092.49	0.000	0.000
138.00	20640.48	    0.00	79359.52	    0.00	79359.52	0.000	1.202	0.999	16079.89	100		    0.00	    0.00	60267.03	19092.49	0.000	0.000
139.00	20640.48	    0.00	79359.52	    0.00	79359.52	0.000	1.202	0.999	16079.89	100		    0.00	    0.00	60267.03	19092.49	0.000	0.000
140.00	20640.48	    0.00	79359.52	    0.00	79359.52	0.000	1.202	0.999	16079.89	100		    0.00	    0.00	60267.03	19092.49	0.000	0.000
141.00	20640.48	    0.00	79359.52	    0.00	79359.52	0.000	1.202	0.999	16079.89	100		    0.00	    0.00	60267.03	19092.49	0.000	0.000
142.00	20640.48	    0.00	79359.52	    0.00	79359.52	0.000	1.202	0.999	16079.89	100		    0.00	    0.00	60267.03	19092.49	0.000	0.000
143.00	20640.48	    0.00	79359.52	    0.00	79359.52	0.000	1.202	0.999	16079.89	100		    0.00	    0.00	60267.03	19092.49	0.000	0.000
144.00	20640.48	    0.00	79359.52	    0.00	79359.52	0.000	1.202	0.999	16079.89	100		    0.00	    0.00	60267.03	19092.49	0.000	0.000
145.00	20640.48	    0.00	79359.52	    0.00	79359.52	0.000	1.202	0.999	16079.89	100		    0.00	    0.00	60267.03	19092.49	0.000	0.000
146.00	20640.48	    0.00	79359.52	    0.00	79359.52	0.000	1.202	0.999	16079.89	100		    0.00	    0.00	60267.03	19092.49	0.000	0.000
147.00	20640.48	    0.00	79359.52	    0.00	79359.52	0.000	1.202	0.999	16079.89	100		    0.00	    0.00	60267.03	19092.49	0.000	0.000
148.00	20640.48	    0.00	79359.52	    0.00	79359.52	0.000	1.202	0.999	16079.89	100		    0.00	    0.00	60267.03	19092.49	0.000	0.000
149.00	20640.48	    0.00	79359.52	    0.00	79359.52	0.000	1.202	0.999	16079.89	100		    0.00	    0.00	60267.03	19092.49	0.000	0.000
150.00	20640.48	    0.00	79359.52	    0.00	79359.52	0.000	1.202	0.999	16079.89	100		    0.00	    0.00	60267.03	19092.49	0.000	0.000
151.00	20640.48	    0.00	79359.52	    0.00	79359.52	0.000	1.202	0.999	16079.89	100		    0.00	    0.00	60267.03	19092.49	0.000	0.000
152.00	20640.48	    0.00	79359.52	    0.00	79359.52	0.000	1.202	0.999	16079.89	100		    0.00	    0.00	60267.03	19092.49	0.000	0.000
153.00	20640.48	    0.00	79359.52	    0.00	79359.52	0.000	1.202	0.999	16079.89	100		    0.00	    0.00	60267.03	19092.49	0.000	0.000
154.00	20640.48	    0.00	79359.52	    0.00	79359.52	0.000	1.202	0.999	16079.89	100		    0.00	    0.00	60267.03	19092.49	0.000	0.000
155.00	20640.48	    0.00	79359.52	    0.00	79359.52	0.000	1.202	0.999	16079.89	100		    0.00	    0.00	60267.03	19092.49	0.000	0.000
156.00	20640.48	    0.00	79359.52	    0.00	79359.52	0.000	1.202	0.999	16079.89	100		    0.00	    0.00	60267.03	19092.49	0.000	0.000
157.00	20640.48	    0.00	79359.52	    0.00	79359.52	0.000	1.202	0.999	16079.89	100		    0.00	    0.00	60267.03	19092.49	0.000	0.000
158.00	20640.48	    0.00	79359.52	    0.00	79359.52	0.000	1.202	0.999	16079.89	100		    0.00	    0.00	60267.03	19092.49	0.000	0.000
159.00	20640.48	    0.00	79359.52	    0.00	79359.52	0.000	1.202	0.999	16079.89	100		    0.00	    0.00	60267.03	19092.49	0.000	0.000
160.00	20640.48	    0.00	79359.52	    0.00	79359.52	0.000	1.202	0.999	16079.89	100		    0.00	    0.00	60267.03	19092.49	0.000	0.000
161.00	20640.48	    0.00	79359.52	    0.00	79359.52	0.000	1.202	0.999	16079.89	100		    0.00	    0.00	60267.03	19092.49	0.000	0.000
162.00	20640.48	    0.00	79359.52	    0.00	79359.52	0.000	1.202	0.999	16079.89	100		    0.00	    0.00	60267.03	19092.49	0.000	0.000
163.00	20640.48	    0.00	79359.52	    0.00	79359.52	0.000	1.202	0.999	16079.89	100		    0.00	    0.00	60267.03	19092.49	0.000	0.000
164.00	20640.48	    0.00	79359.52	    0.00	79359.52	0.000	1.202	0.999	16079.89	100		    0.00	    0.00	60267.03	19092.49	0.000	0.000
165.00	20640.48	    0.00	79359.52	    0.00	79359.52	0.000	1.202	0.999	16079.89	100		    0.00	    0.00	60267.03	19092.49	0.000	0.000
166.00	20640.48	    0.00	79359.52	    0.00	79359.52	0.000	1.202	0.999	16079.89	100		    0.00	    0.00	60267.03	19092.49	0.000	0.000
167.00	20640.48	    0.00	79359.52	    0.00	79359.52	0.000	1.202	0.999	16079.89	100		    0.00	    0.00	60267.03	19092.49	0.000	0.000
168.00	20640.48	    0.00	79359.52	    0.00	79359.52	0.000	1.202	0.999	16079.89	100		    0.00	    0.00	60267.03	19092.49	0.000	0.000
169.00	20640.48	    0.00	79359.52	    0.00	79359.52	0.000	1.202	0.999	16079.89	100		    0.00	    0.00	60267.03	19092.49	0.000	0.000
170.00	20640.48	    0.00	79359.52	    0.00	79359.52	0.000	1.202	0.999	16079.89	100		    0.00	    0.00	60267.03	19092.49	0.000	0.000
171.00	20640.48	    0.00	79359.52	    0.00	79359.52	0.000	1.202	0.999	16079.89	100		    0.00	    0.00	60267.03	19092.49	0.000	0.000
172.00	20640.48	    0.00	79359.52	    0.00	79359.52	0.000	1.202	0.999	16079.89	100		    0.00	    0.00	60267.03	19092.49	0.000	0.000
173.00	20640.48	    0.00	79359.52	    0.00	79359.52	0.000	1.202	0.999	16079.89	100		    0.00	    0.00	60267.03	19092.49	0.000	0.000
174.00	20640.48	    0.00	79359.52	    0.00	79359.52	0.000	1.202	0.999	16079.89	100		    0.00	    0.00	60267.03	19092.49	0.000	0.000
175.00	20640.48	    0.00	79359.52	    0.00	79359.52	0.000	1.202	0.999	16079.89	100		    0.00	    0.00	60267.03	19092.49	0.000	0.000
176.00	20640.48	    0.00	79359.52	    0.00	79359.52	0.000	1.202	0.999	16079.89	100		    0.00	    0.00	60267.03	19092.49	0.000	0.000
177.00	20640.48	    0.00	79359.52	    0.00	79359.52	0.000	1.202	0.999	16079.89	100		    0.00	    0.00	60267.03	19092.49	0.000	0.000
178.00	20640.48	    0.00	79359.52	    0.00	79359.52	0.000	1.202	0.999	16079.89	100		    0.00	    0.00	60267.03	19092.49	0.000	0.000
179.00	20640.48	    0.00	79359.52	    0.00	79359.52	0.000	1.202	0.999	16079.89	100		    0.00	    0.00	60267.03	19092.49	0.000	0.000
180.00	20640.48	    0.00	79359.52	    0.00	79359.52	0.000	1.202	0.999	16079.89	100		    0.00	    0.00	60267.03	19092.49	0.000	0.000
181.00	20640.48	    0.00	79359.52	    0.00	79359.52	0.000	1.202	0.999	16079.89	100		    0.00	    0.00	60267.03	19092.49	0.000	0.000
182.00	20640.48	    0.00	79359.52	    0.00	79359.52	0.000	1.202	0.999	16079.89	100		    0.00	    0.00	60267.03	19092.49	0.000	0.000
183.00	20640.48	    0.00	79359.52	    0.00	79359.52	0.000	1.202	0.999	16079.89	100		    0.00	    0.00	60267.03	19092.49	0.000	0.000
184.00	20640.48	    0.00	79359.52	    0.00	79359.52	0.000	1.202	0.999	16079.89	100		    0.00	    0.00	60267.03	19092.49	0.000	0.000
185.00	20640.48	    0.00	79359.52	    0.00	79359.52	0.000	1.202	0.999	16079.89	100		    0.00	    0.00	60267.03	19092.49	0.000	0.000
186.00	20640.48	    0.00	79359.52	    0.00	79359.52	0.000	1.202	0.999	16079.89	100		    0.00	    0.00	60267.03	19092.49	0.000	0.000
187.00	20640.48	    0.00	79359.52	    0.00	79359.52	0.000	1.202	0.999	16079.89	100		    0.00	    0.00	60267.03	19092.49	0.000	0.000
188.00	20640.48	    0.00	79359.52	    0.00	79359.52	0.000	1.202	0.999	16079.89	100		    0.00	    0.00	60267.03	19092.49	0.000	0.000
189.00	20640.48	    0.00	79359.52	    0.00	79359.52	0.000	1.202	0.999	16079.89	100		    0.00	    0.00	60267.03	19092.49	0.000	0.000
190.00	20640.48	    0.00	79359.52	    0.00	79359.52	0.000	1.202	0.999	16079.89	100		    0.00	    0.00	60267.03	19092.49	0.000	0.000
191.00	20640.48	    0.00	79359.52	    0.00	79359.52	0.000	1.202	0.999	16079.89	100		    0.00	    0.00	60267.03	19092.49	0.000	0.000
192.00	20640.48	    0.00	79359.52	    0.00	79359.52	0.000	1.202	0.999	16079.89	100		    0.00	    0.00	60267.03	19092.49	0.000	0.000
193.00	20640.48	    0.00	79359.52	    0.00	79359.52	0.000	1.202	0.999	16079.89	100		    0.00	    0.00	60267.03	19092.49	0.000	0.000
194.00	20640.48	    0.00	79359.52	    0.00	79359.52	0.000	1.202	0.999	16079.89	100		    0.00	    0.00	60267.03	19092.49	0.000	0.000
195.00	20640.48	    0.00	79359.52	    0.00	79359.52	0.000	1.202	0.999	16079.89	100		    0.00	    0.00	60267.03	19092.49	0.000	0.000
196.00	20640.48	    0.00	79359.52	    0.00	79359.52	0.000	1.202	0.999	16079.89	100		    0.00	    0.00	60267.03	19092.49	0.000	0.000
197.00	20640.48	    0.00	79359.52	    0.00	79359.52	0.000	1.202	0.999	16079.89	100		    0.00	    0.00	60267.03	19092.49	0.000	0.000
198.00	20640.48	    0.00	79359.52	    0.00	79359.52	0.000	1.202	0.999	16079.89	100		    0.00	    0.00	60267.03	19092.49	0.000	0.000
199.00	20640.48	    0.00	79359.52	    0.00	79359.52	0.000	1.202	0.999	16079.89	100		    0.00	    0.00	60267.03	19092.49	0.000	0.000
200.00	20640.48	    0.00	79359.52	    0.00	79359.52	0.000	1.202	0.999	16079.89	100		    0.00	    0.00	60267.03	19092.49	0.000	0.000
201.00	20640.48	    0.00	79359.52	    0.00	79359.52	0.000	1.202	0.999	16079.89	100		    0.00	    0.00	60267.03	19092.49	0.000	0.000
202.00	20640.48	    0.00	79359.52	    0.00	79359.52	0.000	1.202	0.999	16079.89	100		    0.00	    0.00	60267.03	19092.49	0.000	0.000
203.00	20640.48	    0.00	79359.52	    0.00	79359.52	0.000	1.202	0.999	16079.89	100		    0.00	    0.00	60267.03	19092.49	0.000	0.000
204.00	20640.48	    0.00	79359.52	    0.00	79359.52	0.000	1.202	0.999	16079.89	100		    0.00	    0.00	60267.03	19092.49	0.000	0.000
205.00	20640.48	    0.00	79359.52	    0.00	79359.52	0.000	1.202	0.999	16079.89	100		    0.00	    0.00	60267.03	19092.49	0.000	0.000
206.00	20640.48	    0.00	79359.52	    0.00	79359.52	0.000	1.202	0.999	16079.89	100		    0.00	    0.00	60267.03	19092.49	0.000	0.000
207.00	20640.48	    0.00	79359.52	    0.00	79359.52	0.000	1.202	0.999	16079.89	100		    0.00	    0.00	60267.03	19092.49	0.000	0.000
208.00	20640.48	    0.00	79359.52	    0.00	79359.52	0.000	1.202	0.999	16079.89	100		    0.00	    0.00	60267.03	19092.49	0.000	0.000
209.00	20640.48	    0.00	79359.52	    0.00	79359.52	0.000	1.202	0.999	16079.89	100		    0.00	    0.00	60267.03	19092.49	0.000	0.000
210.00	20640.48	    0.00	79359.52	    0.00	79359.52	0.000	1.202	0.999	16079.89	100		    0.00	    0.00	60267.03	19092.49	0.000	0.000
211.00	20640.48	    0.00	79359.52	    0.00	79359.52	0.000	1.202	0.999	16079.89	100		    0.00	    0.00	60267.03	19092.49	0.000	0.000
212.00	20640.48	    0.00	79359.52	    0.00	79359.52	0.000	1.202	0.999	16079.89	100		    0.00	    0.00	60267.03	19092.49	0.000	0.000
213.00	20640.48	    0.00	79359.52	    0.00	79359.52	0.000	1.202	0.999	16079.89	100		    0.00	    0.00	60267.03	19092.49	0.000	0.000
214.00	20640.48	    0.00	79359.52	    0.00	79359.52	0.000	1.202	0.999	16079.89	100		    0.00	    0.00	60267.03	19092.49	0.000	0.000
215.00	20640.48	    0.00	79359.52	    0.00	79359.52	0.000	1.202	0.999	16079.89	100		    0.00	    0.00	60267.03	19092.49	0.000	0.000
216.00	20640.48	    0.00	79359.52	    0.00	79359.52	0.000	1.202	0.999	16079.89	100		    0.00	    0.00	60267.03	19092.49	0.000	0.000
217.00	20640.48	    0.00	79359.52	    0.00	79359.52	0.000	1.202	0.999	16079.89	100		    0.00	    0.00	60267.03	19092.49	0.000	0.000
218.00	20640.48	    0.00	79359.52	    0.00	79359.52	0.000	1.202	0.999	16079.89	100		    0.00	    0.00	60267.03	19092.49	0.000	0.000
219.00	20640.48	    0.00	79359.52	    0.00	79359.52	0.000	1.202	0.999	16079.89	100		    0.00	    0.00	60267.03	19092.49	0.000	0.000
220.00	20640.48	    0.00	79359.52	    0.00	79359.52	0.000	1.202	0.999	16079.89	100		    0.00	    0.00	60267.03	19092.49	0.000	0.000
221.00	20640.48	    0.00	79359.52	    0.00	79359.52	0.000	1.202	0.999	16079.89	100		    0.00	    0.00	60267.03	19092.49	0.000	0.000
222.00	20640.48	    0.00	79359.52	    0.00	79359.52	0.000	1.202	0.999	16079.89	100		    0.00	    0.00	60267.03	19092.49	0.000	0.000
223.00	20640.48	    0.00	79359.52	    0.00	79359.52	0.000	1.202	0.999	16079.89	100		    0.00	    0.00	60267.03	19092.49	0.000	0.000
224.00	20640.48	    0.00	79359.52	    0.00	79359.52	0.000	1.202	0.999	16079.89	100		    0.00	    0.00	60267.03	19092.49	0.000	0.000
225.00	20640.48	    0.00	79359.52	    0.00	79359.52	0.000	1.202	0.999	16079.89	100		    0.00	    0.00	60267.03	19092.49	0.000	0.000
226.00	20640.48	    0.00	79359.52	    0.00	79359.52	0.000	1.202	0.999	16079.89	100		    0.00	    0.00	60267.03	19092.49	0.000	0.000
227.00	20640.48	    0.00	79359.52	    0.00	79359.52	0.000	1.202	0.999	16079.89	100		    0.00	    0.00	60267.03	19092.49	0.000	0.000
228.00	20640.48	    0.00	79359.52	    0.00	79359.52	0.000	1.202	0.999	16079.89	100		    0.00	    0.00	60267.03	19092.49	0.000	0.000
229.00	20640.48	    0.00	79359.52	    0.00	79359.52	0.000	1.202	0.999	16079.89	100		    0.00	    0.00	60267.03	19092.49	0.000	0.000
230.00	20640.48	    0.00	79359.52	    0.00	79359.52	0.000	1.202	0.999	16079.89	100		    0.00	    0.00	60267.03	19092.49	0.000	0.000
231.00	20640.48	    0.00	79359.52	    0.00	79359.52	0.000	1.202	0.999	16079.89	100		    0.00	    0.00	60267.03	19092.49	0.000	0.000
232.00	20640.48	    0.00	79359.52	    0.00	79359.52	0.000	1.202	0.999	16079.89	100		    0.00	    0.00	60267.03	19092.49	0.000	0.000
233.00	20640.48	    0.00	79359.52	    0.00	79359.52	0.000	1.202	0.999	16079.89	100		    0.00	    0.00	60267.03	19092.49	0.000	0.000
234.00	20640.48	    0.00	79359.52	    0.00	79359.52	0.000	1.202	0.999	16079.89	100		    0.00	    0.00	60267.03	19092.49	0.000	0.000
235.00	20640.48	    0.00	79359.52	    0.00	79359.52	0.000	1.202	0.999	16079.89	100		    0.00	    0.00	60267.03	19092.49	0.000	0.000
236.00	20640.48	    0.00	79359.52	    0.00	79359.52	0.000	1.202	0.999	16079.89	100		    0.00	    0.00	60267.03	19092.49	0.000	0.000
237.00	20640.48	    0.00	79359.52	    0.00	79359.52	0.000	1.202	0.999	16079.89	100		    0.00	    0.00	60267.03	19092.49	0.000	0.000
238.00	20640.48	    0.00	79359.52	    0.00	79359.52	0.000	1.202	0.999	16079.89	100		    0.00	    0.00	60267.03	19092.49	0.000	0.000
239.00	20640.48	    0.00	79359.52	    0.00	79359.52	0.000	1.202	0.999	16079.89	100		    0.00	    0.00	60267.03	19092.49	0.000	0.000
240.00	20640.48	    0.00	79359.52	    0.00	79359.52	0.000	1.202	0.999	16079.89	100		    0.00	    0.00	60267.03	19092.49	0.000	0.000
241.00	20640.48	    0.00	79359.52	    0.00	79359.52	0.000	1.202	0.999	16079.89	100		    0.00	    0.00	60267.03	19092.49	0.000	0.000
242.00	20640.48	    0.00	79359.52	    0.00	79359.52	0.000	1.202	0.999	16079.89	100		    0.00	    0.00	60267.03	19092.49	0.000	0.000
243.00	20640.48	    0.00	79359.52	    0.00	79359.52	0.000	1.202	0.999	16079.89	100		    0.00	    0.00	60267.03	19092.49	0.000	0.000
244.00	20640.48	    0.00	79359.52	    0.00	79359.52	0.000	1.202	0.999	16079.89	100		    0.00	    0.00	60267.03	19092.49	0.000	0.000
245.00	20640.48	    0.00	79359.52	    0.00	79359.52	0.000	1.202	0.999	16079.89	100		    0.00	    0.00	60267.03	19092.49	0.000	0.000
246.00	20640.48	    0.00	79359.52	    0.00	79359.52	0.000	1.202	0.999	16079.89	100		    0.00	    0.00	60267.03	19092.49	0.000	0.000
247.00	20640.48	    0.00	79359.52	    0.00	79359.52	0.000	1.202	0.999	16079.89	100		    0.00	    0.00	60267.03	19092.49	0.000	0.000
248.00	20640.48	    0.00	79359.52	    0.00	79359.52	0.000	1.202	0.999	16079.89	100		    0.00	    0.00	60267.03	19092.49	0.000	0.000
249.00	20640.48	    0.00	79359.52	    0.00	79359.52	0.000	1.202	0.999	16079.89	100		    0.00	    0.00	60267.03	19092.49	0.000	0.000
250.00	20640.48	    0.00	79359.52	    0.00	79359.52	0.000	1.202	0.999	16079.89	100		    0.00	    0.00	60267.03	19092.49	0.000	0.000
251.00	20640.48	    0.00	79359.52	    0.00	79359.52	0.000	1.202	0.999	16079.89	100		    0.00	    0.00	60267.03	19092.49	0.000	0.000
252.00	20640.48	    0.00	79359.52	    0.00	79359.52	0.000	1.202	0.999	16079.89	100		    0.00	    0.00	60267.03	19092.49	0.000	0.000
253.00	20640.48	    0.00	79359.52	    0.00	79359.52	0.000	1.202	0.999	16079.89	100		    0.00	    0.00	60267.03	19092.49	0.000	0.000
254.00	20640.48	    0.00	79359.52	    0.00	79359.52	0.000	1.202	0.999	16079.89	100		    0.00	    0.00	60267.03	19092.49	0.000	0.000
255.00	20640.48	    0.00	79359.52	    0.00	79359.52	0.000	1.202	0.999	16079.89	100		    0.00	    0.00	60267.03	19092.49	0.000	0.000
256.00	20640.48	    0.00	79359.52	    0.00	79359.52	0.000	1.202	0.999	16079.89	100		    0.00	    0.00	60267.03	19092.49	0.000	0.000
257.00	20640.48	    0.00	79359.52	    0.00	79359.52	0.000	1.202	0.999	16079.89	100		    0.00	    0.00	60267.03	19092.49	0.000	0.000
258.00	20640.48	    0.00	79359.52	    0.00	79359.52	0.000	1.202	0.999	16079.89	100		    0.00	    0.00	60267.03	19092.49	0.000	0.000
259.00	20640.48	    0.00	79359.52	    0.00	79359.52	0.000	1.202	0.999	16079.89	100		    0.00	    0.00	60267.03	19092.49	0.000	0.000
260.00	20640.48	    0.00	79359.52	    0.00	79359.52	0.000	1.202	0.999	16079.89	100		    0.00	    0.00	60267.03	19092.49	0.000	0.000
261.00	20640.48	    0.00	79359.52	    0.00	79359.52	0.000	1.202	0.999	16079.89	100		    0.00	    0.00	60267.03	19092.49	0.000	0.000
262.00	20640.48	    0.00	79359.52	    0.00	79359.52	0.000	1.202	0.999	16079.89	100		    0.00	    0.00	60267.03	19092.49	0.000	0.000
263.00	20640.48	    0.00	79359.52	    0.00	79359.52	0.000	1.202	0.999	16079.89	100		    0.00	    0.00	60267.03	19092.49	0.000	0.000
264.00	20640.48	    0.00	79359.52	    0.00	79359.52	0.000	1.202	0.999	16079.89	100		    0.00	    0.00	60267.03	19092.49	0.000	0.000
265.00	20640.48	    0.00	79359.52	    0.00	79359.52	0.000	1.202	0.999	16079.89	100		    0.00	    0.00	60267.03	19092.49	0.000	0.000
266.00	20640.48	    0.00	79359.52	    0.00	79359.52	0.000	1.202	0.999	16079.89	100		    0.00	    0.00	60267.03	19092.49	0.000	0.000
267.00	20640.48	    0.00	79359.52	    0.00	79359.52	0.000	1.202	0.999	16079.89	100		    0.00	    0.00	60267.03	19092.49	0.000	0.000
268.00	20640.48	    0.00	79359.52	    0.00	79359.52	0.000	1.202	0.999	16079.89	100		    0.00	    0.00	60267.03	19092.49	0.000	0.000
269.00	20640.48	    0.00	79359.52	    0.00	79359.52	0.000	1.202	0.999	16079.89	100		    0.00	    0.00	60267.03	19092.49	0.000	0.000
270.00	20640.48	    0.00	79359.52	    0.00	79359.52	0.000	1.202	0.999	16079.89	100		    0.00	    0.00	60267.03	19092.49	0.000	0.000
271.00	20640.48	    0.00	79359.52	    0.00	79359.52	0.000	1.202	0.999	16079.89	100		    0.00	    0.00	60267.03	19092.49	0.000	0.000
272.00	20640.48	    0.00	79359.52	    0.00	79359.52	0.000	1.202	0.999	16079.89	100		    0.00	    0.00	60267.03	19092.49	0.000	0.000
273.00	20640.48	    0.00	79359.52	    0.00	79359.52	0.000	1.202	0.999	16079.89	100		    0.00	    0.00	60267.03	19092.49	0.000	0.000
274.00	20640.48	    0.00	79359.52	    0.00	79359.52	0.000	1.202	0.999	16079.89	100		    0.00	    0.00	60267.03	19092.49	0.000	0.000
275.00	20640.48	    0.00	79359.52	    0.00	79359.52	0.000	1.202	0.999	16079.89	100		    0.00	    0.00	60267.03	19092.49	0.000	0.000
276.00	20640.48	    0.00	79359.52	    0.00	79359.52	0.000	1.202	0.999	16079.89	100		    0.00	    0.00	60267.03	19092.49	0.000	0.000
277.00	20640.48	    0.00	79359.52	    0.00	79359.52	0.000	1.202	0.999	16079.89	100		    0.00	    0.00	60267.03	19092.49	0.000	0.000
278.00	20640.48	    0.00	79359.52	    0.00	79359.52	0.000	1.202	0.999	16079.89	100		    0.00	    0.00	60267.03	19092.49	0.000	0.000
279.00	20640.48	    0.00	79359.52	    0.00	79359.52	0.000	1.202	0.999	16079.89	100		    0.00	    0.00	60267.03	19092.49	0.000	0.000
280.00	20640.48	    0.00	79359.52	    0.00	79359.52	0.000	1.202	0.999	16079.89	100		    0.00	    0.00	60267.03	19092.49	0.000	0.000
281.00	20640.48	    0.00	79359.52	    0.00	79359.52	0.000	1.202	0.999	16079.89	100		    0.00	    0.00	60267.03	19092.49	0.000	0.000
282.00	20640.48	    0.00	79359.52	    0.00	79359.52	0.000	1.202	0.999	16079.89	100		    0.00	    0.00	60267.03	19092.49	0.000	0.000
283.00	20640.48	    0.00	79359.52	    0.00	79359.52	0.000	1.202	0.999	16079.89	100		    0.00	    0.00	60267.03	19092.49	0.000	0.000
284.00	20640.48	    0.00	79359.52	    0.00	79359.52	0.000	1.202	0.999	16079.89	100		    0.00	    0.00	60267.03	19092.49	0.000	0.000
285.00	20640.48	    0.00	79359.52	    0.00	79359.52	0.000	1.202	0.999	16079.89	100		    0.00	    0.00	60267.03	19092.49	0.000	0.000
286.00	20640.48	    0.00	79359.52	    0.00	79359.52	0.000	1.202	0.999	16079.89	100		    0.00	    0.00	60267.03	19092.49	0.000	0.000
287.00	20640.48	    0.00	79359.52	    0.00	79359.52	0.000	1.202	0.999	16079.89	100		    0.00	    0.00	60267.03	19092.49	0.000	0.000
288.00	20640.48	    0.00	79359.52	    0.00	79359.52	0.000	1.202	0.999	16079.89	100		    0.00	    0.00	60267.03	19092.49	0.000	0.000
289.00	20640.48	    0.00	79359.52	    0.00	79359.52	0.000	1.202	0.999	16079.89	100		    0.00	    0.00	60267.03	19092.49	0.000	0.000
290.00	20640.48	    0.00	79359.52	    0.00	79359.52	0.000	1.202	0.999	16079.89	100		    0.00	    0.00	60267.03	19092.49	0.000	0.000
291.00	20640.48	    0.00	79359.52	    0.00	79359.52	0.000	1.202	0.999	16079.89	100		    0.00	    0.00	60267.03	19092.49	0.000	0.000
292.00	20640.48	    0.00	79359.52	    0.00	79359.52	0.000	1.202	0.999	16079.89	100		    0.00	    0.00	60267.03	19092.49	0.000	0.000
293.00	20640.48	    0.00	79359.52	    0.00	79359.52	0.000	1.202	0.999	16079.89	100		    0.00	    0.00	60267.03	19092.49	0.000	0.000
294.00	20640.48	    0.00	79359.52	    0.00	79359.52	0.000	1.202	0.999	16079.89	100		    0.00	    0.00	60267.03	19092.49	0.000	0.000
295.00	20640.48	    0.00	79359.52	    0.00	79359.52	0.000	1.202	0.999	16079.89	100		    0.00	    0.00	60267.03	19092.49	0.000	0.000
296.00	20640.48	    0.00	79359.52	    0.00	79359.52	0.000	1.202	0.999	16079.89	100		    0.00	    0.00	60267.03	19092.49	0.000	0.000
297.00	20640.48	    0.00	79359.52	    0.00	79359.52	0.000	1.202	0.999	16079.89	100		    0.00	    0.00	60267.03	19092.49	0.000	0.000
298.00	20640.48	    0.00	79359.52	    0.00	79359.52	0.000	1.202	0.999	16079.89	100		    0.00	    0.00	60267.03	19092.49	0.000	0.000
299.00	20640.48	    0.00	79359.52	    0.00	79359.52	0.000	1.202	0.999	16079.89	100		    0.00	    0.00	60267.03	19092.49	0.000	0.000
300.00	20640.48	    0.00	79359.52	    0.00	79359.52	0.000	1.202	0.999	16079.89	100		    0.00	    0.00	60267.03	19092.49	0.000	0.000
301.00	20640.48	    0.00	79359.52	    0.00	79359.52	0.000	1.202	0.999	16079.89	100		    0.00	    0.00	60267.03	19092.49	0.000	0.000
302.00	20640.48	    0.00	79359.52	    0.00	79359.52	0.000	1.202	0.999	16079.89	100		    0.00	    0.00	60267.03	19092.49	0.000	0.000
303.00	20640.48	    0.00	79359.52	    0.00	79359.52	0.000	1.202	0.999	16079.89	100		    0.00	    0.00	60267.03	19092.49	0.000	0.000
304.00	20640.48	    0.00	79359.52	    0.00	79359.52	0.000	1.202	0.999	16079.89	100		    0.00	    0.00	60267.03	19092.49	0.000	0.000
305.00	20640.48	    0.00	79359.52	    0.00	79359.52	0.000	1.202	0.999	16079.89	100		    0.00	    0.00	60267.03	19092.49	0.000	0.000
306.00	20640.48	    0.00	79359.52	    0.00	79359.52	0.000	1.202	0.999	16079.89	100		    0.00	    0.00	60267.03	19092.49	0.000	0.000
307.00	20640.48	    0.00	79359.52	    0.00	79359.52	0.000	1.202	0.999	16079.89	100		    0.00	    0.00	60267.03	19092.49	0.000	0.000
308.00	20640.48	    0.00	79359.52	    0.00	79359.52	0.000	1.202	0.999	16079.89	100		    0.00	    0.00	60267.03	19092.49	0.000	0.000
309.00	20640.48	    0.00	79359.52	    0.00	79359.52	0.000	1.202	0.999	16079.89	100		    0.00	    0.00	60267.03	19092.49	0.000	0.000
310.00	20640.48	    0.00	79359.52	    0.00	79359.52	0.000	1.202	0.999	16079.89	100		    0.00	    0.00	60267.03	19092.49	0.000	0.000
311.00	20640.48	    0.00	79359.52	    0.00	79359.52	0.000	1.202	0.999	16079.89	100		    0.00	    0.00	60267.03	19092.49	0.000	0.000
312.00	20640.48	    0.00	79359.52	    0.00	79359.52	0.000	1.202	0.999	16079.89	100		    0.00	    0.00	60267.03	19092.49	0.000	0.000
313.00	20640.48	    0.00	79359.52	    0.00	79359.52	0.000	1.202	0.999	16079.89	100		    0.00	    0.00	60267.03	19092.49	0.000	0.000
314.00	20640.48	    0.00	79359.52	    0.00	79359.52	0.000	1.202	0.999	16079.89	100		    0.00	    0.00	60267.03	19092.49	0.000	0.000
315.00	20640.48	    0.00	79359.52	    0.00	79359.52	0.000	1.202	0.999	16079.89	100		    0.00	    0.00	60267.03	19092.49	0.000	0.000
316.00	20640.48	    0.00	79359.52	    0.00	79359.52	0.000	1.202	0.999	16079.89	100		    0.00	    0.00	60267.03	19092.49	0.000	0.000
317.00	20640.48	    0.00	79359.52	    0.00	79359.52	0.000	1.202	0.999	16079.89	100		    0.00	    0.00	60267.03	19092.49	0.000	0.000
318.00	20640.48	    0.00	79359.52	    0.00	79359.52	0.000	1.202	0.999	16079.89	100		    0.00	    0.00	60267.03	19092.49	0.000	0.000
319.00	20640.48	    0.00	79359.52	    0.00	79359.52	0.000	1.202	0.999	16079.89	100		    0.00	    0.00	60267.03	19092.49	0.000	0.000
320.00	20640.48	    0.00	79359.52	    0.00	79359.52	0.000	1.202	0.999	16079.89	100		    0.00	    0.00	60267.03	19092.49	0.000	0.000
321.00	20640.48	    0.00	79359.52	    0.00	79359.52	0.000	1.202	0.999	16079.89	100		    0.00	    0.00	60267.03	19092.49	0.000	0.000
322.00	20640.48	    0.00	79359.52	    0.00	79359.52	0.000	1.202	0.999	16079.89	100		    0.00	    0.00	60267.03	19092.49	0.000	0.000
323.00	20640.48	    0.00	79359.52	    0.00	79359.52	0.000	1.202	0.999	16079.89	100		    0.00	    0.00	60267.03	19092.49	0.000	0.000
324.00	20640.48	    0.00	79359.52	    0.00	79359.52	0.000	1.202	0.999	16079.89	100		    0.00	    0.00	60267.03	19092.49	0.000	0.000
325.00	20640.48	    0.00	79359.52	    0.00	79359.52	0.000	1.202	0.999	16079.89	100		    0.00	    0.00	60267.03	19092.49	0.000	0.000
326.00	20640.48	    0.00	79359.52	    0.00	79359.52	0.000	1.202	0.999	16079.89	100		    0.00	    0.00	60267.03	19092.49	0.000	0.000
327.00	20640.48	    0.00	79359.52	    0.00	79359.52	0.000	1.202	0.999	16079.89	100		    0.00	    0.00	60267.03	19092.49	0.000	0.000
328.00	20640.48	    0.00	79359.52	    0.00	79359.52	0.000	1.202	0.999	16079.89	100		    0.00	    0.00	60267.03	19092.49	0.000	0.000
329.00	20640.48	    0.00	79359.52	    0.00	79359.52	0.000	1.202	0.999	16079.89	100		    0.00	    0.00	60267.03	19092.49	0.000	0.000
330.00	20640.48	    0.00	79359.52	    0.00	79359.52	0.000	1.202	0.999	16079.89	100		    0.00	    0.00	60267.03	19092.49	0.000	0.000
331.00	20640.48	    0.00	79359.52	    0.00	79359.52	0.000	1.202	0.999	16079.89	100		    0.00	    0.00	60267.03	19092.49	0.000	0.000
332.00	20640.48	    0.00	79359.52	    0.00	79359.52	0.000	1.202	0.999	16079.89	100		    0.00	    0.00	60267.03	19092.49	0.000	0.000
333.00	20640.48	    0.00	79359.52	    0.00	79359.52	0.000	1.202	0.999	16079.89	100		    0.00	    0.00	60267.03	19092.49	0.000	0.000
334.00	20640.48	    0.00	79359.52	    0.00	79359.52	0.000	1.202	0.999	16079.89	100		    0.00	    0.00	60267.03	19092.49	0.000	0.000
335.00	20640.48	    0.00	79359.52	    0.00	79359.52	0.000	1.202	0.999	16079.89	100		    0.00	    0.00	60267.03	19092.49	0.000	0.000
336.00	20640.48	    0.00	79359.52	    0.00	79359.52	0.000	1.202	0.999	16079.89	100		    0.00	    0.00	60267.03	19092.49	0.000	0.000
337.00	20640.48	    0.00	79359.52	    0.00	79359.52	0.000	1.202	0.999	16079.89	100		    0.00	    0.00	60267.03	19092.49	0.000	0.000
338.00	20640.48	    0.00	79359.52	    0.00	79359.52	0.000	1.202	0.999	16079.89	100		    0.00	    0.00	60267.03	19092.49	0.000	0.000
339.00	20640.48	    0.00	79359.52	    0.00	79359.52	0.000	1.202	0.999	16079.89	100		    0.00	    0.00	60267.03	19092.49	0.000	0.000
340.00	20640.48	    0.00	79359.52	    0.00	79359.52	0.000	1.202	0.999	16079.89	100		    0.00	    0.00	60267.03	19092.49	0.000	0.000
341.00	20640.48	    0.00	79359.52	    0.00	79359.52	0.000	1.202	0.999	16079.89	100		    0.00	    0.00	60267.03	19092.49	0.000	0.000
342.00	20640.48	    0.00	79359.52	    0.00	79359.52	0.000	1.202	0.999	16079.89	100		    0.00	    0.00	60267.03	19092.49	0.000	0.000
343.00	20640.48	    0.00	79359.52	    0.00	79359.52	0.000	1.202	0.999	16079.89	100		    0.00	    0.00	60267.03	19092.49	0.000	0.000
344.00	20640.48	    0.00	79359.52	    0.00	79359.52	0.000	1.202	0.999	16079.89	100		    0.00	    0.00	60267.03	19092.49	0.000	0.000
345.00	20640.48	    0.00	79359.52	    0.00	79359.52	0.000	1.202	0.999	16079.89	100		    0.00	    0.00	60267.03	19092.49	0.000	0.000
346.00	20640.48	    0.00	79359.52	    0.00	79359.52	0.000	1.202	0.999	16079.89	100		    0.00	    0.00	60267.03	19092.49	0.000	0.000
347.00	20640.48	    0.00	79359.52	    0.00	79359.52	0.000	1.202	0.999	16079.89	100		    0.00	    0.00	60267.03	19092.49	0.000	0.000
348.00	20640.48	    0.00	79359.52	    0.00	79359.52	0.000	1.202	0.999	16079.89	100		    0.00	    0.00	60267.03	19092.49	0.000	0.000
349.00	20640.48	    0.00	79359.52	    0.00	79359.52	0.000	1.202	0.999	16079.89	100		    0.00	    0.00	60267.03	19092.49	0.000	0.000
350.00	20640.48	    0.00	79359.52	    0.00	79359.52	0.000	1.202	0.999	16079.89	100		    0.00	    0.00	60267.03	19092.49	0.000	0.000
351.00	20640.48	    0.00	79359.52	    0.00	79359.52	0.000	1.202	0.999	16079.89	100		    0.00	    0.00	60267.03	19092.49	0.000	0.000
352.00	20640.48	    0.00	79359.52	    0.00	79359.52	0.000	1.202	0.999	16079.89	100		    0.00	    0.00	60267.03	19092.49	0.000	0.000
353.00	20640.48	    0.00	79359.52	    0.00	79359.52	0.000	1.202	0.999	16079.89	100		    0.00	    0.00	60267.03	19092.49	0.000	0.000
354.00	20640.48	    0.00	79359.52	    0.00	79359.52	0.000	1.202	0.999	16079.89	100		    0.00	    0.00	60267.03	19092.49	0.000	0.000
355.00	20640.48	    0.00	79359.52	    0.00	79359.52	0.000	1.202	0.999	16079.89	100		    0.00	    0.00	60267.03	19092.49	0.000	0.000
356.00	20640.48	    0.00	79359.52	    0.00	79359.52	0.000	1.202	0.999	16079.89	100		    0.00	    0.00	60267.03	19092.49	0.000	0.000
357.00	20640.48	    0.00	79359.52	    0.00	79359.52	0.000	1.202	0.999	16079.89	100		    0.00	    0.00	60267.03	19092.49	0.000	0.000
358.00	20640.48	    0.00	79359.52	    0.00	79359.52	0.000	1.202	0.999	16079.89	100		    0.00	    0.00	60267.03	19092.49	0.000	0.000
359.00	20640.48	    0.00	79359.52	    0.00	79359.52	0.000	1.202	0.999	16079.89	100		    0.00	    0.00	60267.03	19092.49	0.000	0.000
360.00	20640.48	    0.00	79359.52	    0.00	79359.52	0.000	1.202	0.999	16079.89	100		    0.00	    0.00	60267.03	19092.49	0.000	0.000
361.00	20640.48	    0.00	79359.52	    0.00	79359.52	0.000	1.202	0.999	16079.89	100		    0.00	    0.00	60267.03	19092.49	0.000	0.000
362.00	20640.48	    0.00	79359.52	    0.00	79359.52	0.000	1.202	0.999	16079.89	100		    0.00	    0.00	60267.03	19092.49	0.000	0.000
363.00	20640.48	    0.00	79359.52	    0.00	79359.52	0.000	1.202	0.999	16079.89	100		    0.00	    0.00	60267.03	19092.49	0.000	0.000
364.00	20640.48	    0.00	79359.52	    0.00	79359.52	0.000	1.202	0.999	16079.89	100		    0.00	    0.00	60267.03	19092.49	0.000	0.000
365.00	20640.48	    0.00	79359.52	    0.00	79359.52	0.000	1.202	0.999	16079.89	100		    0.00	    0.00	60267.03	19092.49	0.000	0.000
366.00	20640.48	    0.00	79359.52	    0.00	79359.52	0.000	1.202	0.999	16079.89	100		    0.00	    0.00	60267.03	19092.49	0.000	0.000
367.00	20640.48	    0.00	79359.52	    0.00	79359.52	0.000	1.202	0.999	16079.89	100		    0.00	    0.00	60267.03	19092.49	0.000	0.000
368.00	20640.48	    0.00	79359.52	    0.00	79359.52	0.000	1.202	0.999	16079.89	100		    0.00	    0.00	60267.03	19092.49	0.000	0.000
369.00	20640.48	    0.00	79359.52	    0.00	79359.52	0.000	1.202	0.999	16079.89	100		    0.00	    0.00	60267.03	19092.49	0.000	0.000
370.00	20640.48	    0.00	79359.52	    0.00	79359.52	0.000	1.202	0.999	16079.89	100		    0.00	    0.00	60267.03	19092.49	0.000	0.000
371.00	20640.48	    0.00	79359.52	    0.00	79359.52	0.000	1.202	0.999	16079.89	100		    0.00	    0.00	60267.03	19092.49	0.000	0.000
372.00	20640.48	    0.00	79359.52	    0.00	79359.52	0.000	1.202	0.999	16079.89	100		    0.00	    0.00	60267.03	19092.49	0.000	0.000
373.00	20640.48	    0.00	79359.52	    0.00	79359.52	0.000	1.202	0.999	16079.89	100		    0.00	    0.00	60267.03	19092.49	0.000	0.000
374.00	20640.48	    0.00	79359.52	    0.00	79359.52	0.000	1.202	0.999	16079.89	100		    0.00	    0.00	60267.03	19092.49	0.000	0.000
375.00	20640.48	    0.00	79359.52	    0.00	79359.52	0.000	1.202	0.999	16079.89	100		    0.00	    0.00	60267.03	19092.49	0.000	0.000
376.00	20640.48	    0.00	79359.52	    0.00	79359.52	0.000	1.202	0.999	16079.89	100		    0.00	    0.00	60267.03	19092.49	0.000	0.000
377.00	20640.48	    0.00	79359.52	    0.00	79359.52	0.000	1.202	0.999	16079.89	100		    0.00	    0.00	60267.03	19092.49	0.000	0.000
378.00	20640.48	    0.00	79359.52	    0.00	79359.52	0.000	1.202	0.999	16079.89	100		    0.00	    0.00	60267.03	19092.49	0.000	0.000
379.00	20640.48	    0.00	79359.52	    0.00	79359.52	0.000	1.202	0.999	16079.89	100		    0.00	    0.00	60267.03	19092.49	0.000	0.000
380.00	20640.48	    0.00	79359.52	    0.00	79359.52	0.000	1.202	0.999	16079.89	100		    0.00	    0.00	60267.03	19092.49	0.000	0.000
381.00	20640.48	    0.00	79359.52	    0.00	79359.52	0.000	1.202	0.999	16079.89	100		    0.00	    0.00	60267.03	19092.49	0.000	0.000
382.00	20640.48	    0.00	79359.52	    0.00	79359.52	0.000	1.202	0.999	16079.89	100		    0.00	    0.00	60267.03	19092.49	0.000	0.000
383.00	20640.48	    0.00	79359.52	    0.00	79359.52	0.000	1.202	0.999	16079.89	100		    0.00	    0.00	60267.03	19092.49	0.000	0.000
384.00	20640.48	    0.00	79359.52	    0.00	79359.52	0.000	1.202	0.999	16079.89	100		    0.00	    0.00	60267.03	19092.49	0.000	0.000
385.00	20640.48	    0.00	79359.52	    0.00	79359.52	0.000	1.202	0.999	16079.89	100		    0.00	    0.00	60267.03	19092.49	0.000	0.000
386.00	20640.48	    0.00	79359.52	    0.00	79359.52	0.000	1.202	0.999	16079.89	100		    0.00	    0.00	60267.03	19092.49	0.000	0.000
387.00	20640.48	    0.00	79359.52	    0.00	79359.52	0.000	1.202	0.999	16079.89	100		    0.00	    0.00	60267.03	19092.49	0.000	0.000
388.00	20640.48	    0.00	79359.52	    0.00	79359.52	0.000	1.202	0.999	16079.89	100		    0.00	    0.00	60267.03	19092.49	0.000	0.000
389.00	20640.48	    0.00	79359.52	    0.00	79359.52	0.000	1.202	0.999	16079.89	100		    0.00	    0.00	60267.03	19092.49	0.000	0.000
390.00	20640.48	    0.00	79359.52	    0.00	79359.52	0.000	1.202	0.999	16079.89	100		    0.00	    0.00	60267.03	19092.49	0.000	0.000
391.00	20640.48	    0.00	79359.52	    0.00	79359.52	0.000	1.202	0.999	16079.89	100		    0.00	    0.00	60267.03	19092.49	0.000	0.000
392.00	20640.48	    0.00	79359.52	    0.00	79359.52	0.000	1.202	0.999	16079.89	100		    0.00	    0.00	60267.03	19092.49	0.000	0.000
393.00	20640.48	    0.00	79359.52	    0.00	79359.52	0.000	1.202	0.999	16079.89	100		    0.00	    0.00	60267.03	19092.49	0.000	0.000
394.00	20640.48	    0.00	79359.52	    0.00	79359.52	0.000	1.202	0.999	16079.89	100		    0.00	    0.00	60267.03	19092.49	0.000	0.000
395.00	20640.48	    0.00	79359.52	    0.00	79359.52	0.000	1.202	0.999	16079.89	100		    0.00	    0.00	60267.03	19092.49	0.000	0.000
396.00	20640.48	    0.00	79359.52	    0.00	79359.52	0.000	1.202	0.999	16079.89	100		    0.00	    0.00	60267.03	19092.49	0.000	0.000
397.00	20640.48	    0.00	79359.52	    0.00	79359.52	0.000	1.202	0.999	16079.89	100		    0.00	    0.00	60267.03	19092.49	0.000	0.000
398.00	20640.48	    0.00	79359.52	    0.00	79359.52	0.000	1.202	0.999	16079.89	100		    0.00	    0.00	60267.03	19092.49	0.000	0.000
399.00	20640.48	    0.00	79359.52	    0.00	79359.52	0.000	1.202	0.999	16079.89	100		    0.00	    0.00	60267.03	19092.49	0.000	0.000
400.00	20640.48	    0.00	79359.52	    0.00	79359.52	0.000	1.202	0.999	16079.89	100		    0.00	    0.00	60267.03	19092.49	0.000	0.000
401.00	20640.48	    0.00	79359.52	    0.00	79359.52	0.000	1.202	0.999	16079.89	100		    0.00	    0.00	60267.03	19092.49	0.000	0.000
402.00	20640.48	    0.00	79359.52	    0.00	79359.52	0.000	1.202	0.999	16079.89	100		    0.00	    0.00	60267.03	19092.49	0.000	0.000
403.00	20640.48	    0.00	79359.52	    0.00	79359.52	0.000	1.202	0.999	16079.89	100		    0.00	    0.00	60267.03	19092.49	0.000	0.000
404.00	20640.48	    0.00	79359.52	    0.00	79359.52	0.000	1.202	0.999	16079.89	100		    0.00	    0.00	60267.03	19092.49	0.000	0.000
405.00	20640.48	    0.00	79359.52	    0.00	79359.52	0.000	1.202	0.999	16079.89	100		    0.00	    0.00	60267.03	19092.49	0.000	0.000
406.00	20640.48	    0.00	79359.52	    0.00	79359.52	0.000	1.202	0.999	16079.89	100		    0.00	    0.00	60267.03	19092.49	0.000	0.000
407.00	20640.48	    0.00	79359.52	    0.00	79359.52	0.000	1.202	0.999	16079.89	100		    0.00	    0.00	60267.03	19092.49	0.000	0.000
408.00	20640.48	    0.00	79359.52	    0.00	79359.52	0.000	1.202	0.999	16079.89	100		    0.00	    0.00	60267.03	19092.49	0.000	0.000
409.00	20640.48	    0.00	79359.52	    0.00	79359.52	0.000	1.202	0.999	16079.89	100		    0.00	    0.00	60267.03	19092.49	0.000	0.000
410.00	20640.48	    0.00	79359.52	    0.00	79359.52	0.000	1.202	0.999	16079.89	100		    0.00	    0.00	60267.03	19092.49	0.000	0.000
411.00	20640.48	    0.00	79359.52	    0.00	79359.52	0.000	1.202	0.999	16079.89	100		    0.00	    0.00	60267.03	19092.49	0.000	0.000
412.00	20640.48	    0.00	79359.52	    0.00	79359.52	0.000	1.202	0.999	16079.89	100		    0.00	    0.00	60267.03	19092.49	0.000	0.000
413.00	20640.48	    0.00	79359.52	    0.00	79359.52	0.000	1.202	0.999	16079.89	100		    0.00	    0.00	60267.03	19092.49	0.000	0.000
414.00	20640.48	    0.00	79359.52	    0.00	79359.52	0.000	1.202	0.999	16079.89	100		    0.00	    0.00	60267.03	19092.49	0.000	0.000
415.00	20640.48	    0.00	79359.52	    0.00	79359.52	0.000	1.202	0.999	16079.89	100		    0.00	    0.00	60267.03	19092.49	0.000	0.000
416.00	20640.48	    0.00	79359.52	    0.00	79359.52	0.000	1.202	0.999	16079.89	100		    0.00	    0.00	60267.03	19092.49	0.000	0.000
417.00	20640.48	    0.00	79359.52	    0.00	79359.52	0.000	1.202	0.999	16079.89	100		    0.00	    0.00	60267.03	19092.49	0.000	0.000
418.00	20640.48	    0.00	79359.52	    0.00	79359.52	0.000	1.202	0.999	16079.89	100		    0.00	    0.00	60267.03	19092.49	0.000	0.000
419.00	20640.48	    0.00	79359.52	    0.00	79359.52	0.000	1.202	0.999	16079.89	100		    0.00	    0.00	60267.03	19092.49	0.000	0.000
420.00	20640.48	    0.00	79359.52	    0.00	79359.52	0.000	1.202	0.999	16079.89	100		    0.00	    0.00	60267.03	19092.49	0.000	0.000
421.00	20640.48	    0.00	79359.52	    0.00	79359.52	0.000	1.202	0.999	16079.89	100		    0.00	    0.00	60267.03	19092.49	0.000	0.000
422.00	20640.48	    0.00	79359.52	    0.00	79359.52	0.000	1.202	0.999	16079.89	100		    0.00	    0.00	60267.03	19092.49	0.000	0.000
423.00	20640.48	    0.00	79359.52	    0.00	79359.52	0.000	1.202	0.999	16079.89	100		    0.00	    0.00	60267.03	19092.49	0.000	0.000
424.00	20640.48	    0.00	79359.52	    0.00	79359.52	0.000	1.202	0.999	16079.89	100		    0.00	    0.00	60267.03	19092.49	0.000	0.000
425.00	20640.48	    0.00	79359.52	    0.00	79359.52	0.000	1.202	0.999	16079.89	100		    0.00	    0.00	60267.03	19092.49	0.000	0.000
426.00	20640.48	    0.00	79359.52	    0.00	79359.52	0.000	1.202	0.999	16079.89	100		    0.00	    0.00	60267.03	19092.49	0.000	0.000
427.00	20640.48	    0.00	79359.52	    0.00	79359.52	0.000	1.202	0.999	16079.89	100		    0.00	    0.00	60267.03	19092.49	0.000	0.000
428.00	20640.48	    0.00	79359.52	    0.00	79359.52	0.000	1.202	0.999	16079.89	100		    0.00	    0.00	60267.03	19092.49	0.000	0.000
429.00	20640.48	    0.00	79359.52	    0.00	79359.52	0.000	1.202	0.999	16079.89	100		    0.00	    0.00	60267.03	19092.49	0.000	0.000
430.00	20640.48	    0.00	79359.52	    0.00	79359.52	0.000	1.202	0.999	16079.89	100		    0.00	    0.00	60267.03	19092.49	0.000	0.000
431.00	20640.48	    0.00	79359.52	    0.00	79359.52	0.000	1.202	0.999	16079.89	100		    0.00	    0.00	60267.03	19092.49	0.000	0.000
432.00	20640.48	    0.00	79359.52	    0.00	79359.52	0.000	1.202	0.999	16079.89	100		    0.00	    0.00	60267.03	19092.49	0.000	0.000
433.00	20640.48	    0.00	79359.52	    0.00	79359.52	0.000	1.202	0.999	16079.89	100		    0.00	    0.00	60267.03	19092.49	0.000	0.000
434.00	20640.48	    0.00	79359.52	    0.00	79359.52	0.000	1.202	0.999	16079.89	100		    0.00	    0.00	60267.03	19092.49	0.000	0.000
435.00	20640.48	    0.00	79359.52	    0.00	79359.52	0.000	1.202	0.999	16079.89	100		    0.00	    0.00	60267.03	19092.49	0.000	0.000
436.00	20640.48	    0.00	79359.52	    0.00	79359.52	0.000	1.202	0.999	16079.89	100		    0.00	    0.00	60267.03	19092.49	0.000	0.000
437.00	20640.48	    0.00	79359.52	    0.00	79359.52	0.000	1.202	0.999	16079.89	100		    0.00	    0.00	60267.03	19092.49	0.000	0.000
438.00	20640.48	    0.00	79359.52	    0.00	79359.52	0.000	1.202	0.999	16079.89	100		    0.00	    0.00	60267.03	19092.49	0.000	0.000
439.00	20640.48	    0.00	79359.52	    0.00	79359.52	0.000	1.202	0.999	16079.89	100		    0.00	    0.00	60267.03	19092.49	0.000	0.000
440.00	20640.48	    0.00	79359.52	    0.00	79359.52	0.000	1.202	0.999	16079.89	100		    0.00	    0.00	60267.03	19092.49	0.000	0.000
441.00	20640.48	    0.00	79359.52	    0.00	79359.52	0.000	1.202	0.999	16079.89	100		    0.00	    0.00	60267.03	19092.49	0.000	0.000
442.00	20640.48	    0.00	79359.52	    0.00	79359.52	0.000	1.202	0.999	16079.89	100		    0.00	    0.00	60267.03	19092.49	0.000	0.000
443.00	20640.48	    0.00	79359.52	    0.00	79359.52	0.000	1.202	0.999	16079.89	100		    0.00	    0.00	60267.03	19092.49	0.000	0.000
444.00	20640.48	    0.00	79359.52	    0.00	79359.52	0.000	1.202	0.999	16079.89	100		    0.00	    0.00	60267.03	19092.49	0.000	0.000
445.00	20640.48	    0.00	79359.52	    0.00	79359.52	0.000	1.202	0.999	16079.89	100		    0.00	    0.00	60267.03	19092.49	0.000	0.000
446.00	20640.48	    0.00	79359.52	    0.00	79359.52	0.000	1.202	0.999	16079.89	100		    0.00	    0.00	60267.03	19092.49	0.000	0.000
447.00	20640.48	    0.00	79359.52	    0.00	79359.52	0.000	1.202	0.999	16079.89	100		    0.00	    0.00	60267.03	19092.49	0.000	0.000
448.00	20640.48	    0.00	79359.52	    0.00	79359.52	0.000	1.202	0.999	16079.89	100		    0.00	    0.00	60267.03	19092.49	0.000	0.000
449.00	20640.48	    0.00	79359.52	    0.00	79359.52	0.000	1.202	0.999	16079.89	100		    0.00	    0.00	60267.03	19092.49	0.000	0.000
450.00	20640.48	    0.00	79359.52	    0.00	79359.52	0.000	1.202	0.999	16079.89	100		    0.00	    0.00	60267.03	19092.49	0.000	0.000
451.00	20640.48	    0.00	79359.52	    0.00	79359.52	0.000	1.202	0.999	16079.89	100		    0.00	    0.00	60267.03	19092.49	0.000	0.000
452.00	20640.48	    0.00	79359.52	    0.00	79359.52	0.000	1.202	0.999	16079.89	100		    0.00	    0.00	60267.03	19092.49	0.000	0.000
453.00	20640.48	    0.00	79359.52	    0.00	79359.52	0.000	1.202	0.999	16079.89	100		    0.00	    0.00	60267.03	19092.49	0.000	0.000
454.00	20640.48	    0.00	79359.52	    0.00	79359.52	0.000	1.202	0.999	16079.89	100		    0.00	    0.00	60267.03	19092.49	0.000	0.000
455.00	20640.48	    0.00	79359.52	    0.00	79359.52	0.000	1.202	0.999	16079.89	100		    0.00	    0.00	60267.03	19092.49	0.000	0.000
456.00	20640.48	    0.00	79359.52	    0.00	79359.52	0.000	1.202	0.999	16079.89	100		    0.00	    0.00	60267.03	19092.49	0.000	0.000
457.00	20640.48	    0.00	79359.52	    0.00	79359.52	0.000	1.202	0.999	16079.89	100		    0.00	    0.00	60267.03	19092.49	0.000	0.000
458.00	20640.48	    0.00	79359.52	    0.00	79359.52	0.000	1.202	0.999	16079.89	100		    0.00	    0.00	60267.03	19092.49	0.000	0.000
459.00	20640.48	    0.00	79359.52	    0.00	79359.52	0.000	1.202	0.999	16079.89	100		    0.00	    0.00	60267.03	19092.49	0.000	0.000
460.00	20640.48	    0.00	79359.52	    0.00	79359.52	0.000	1.202	0.999	16079.89	100		    0.00	    0.00	60267.03	19092.49	0.000	0.000
461.00	20640.48	    0.00	79359.52	    0.00	79359.52	0.000	1.202	0.999	16079.89	100		    0.00	    0.00	60267.03	19092.49	0.000	0.000
462.00	20640.48	    0.00	79359.52	    0.00	79359.52	0.000	1.202	0.999	16079.89	100		    0.00	    0.00	60267.03	19092.49	0.000	0.000
463.00	20640.48	    0.00	79359.52	    0.00	79359.52	0.000	1.202	0.999	16079.89	100		    0.00	    0.00	60267.03	19092.49	0.000	0.000
464.00	20640.48	    0.00	79359.52	    0.00	79359.52	0.000	1.202	0.999	16079.89	100		    0.00	    0.00	60267.03	19092.49	0.000	0.000
465.00	20640.48	    0.00	79359.52	    0.00	79359.52	0.000	1.202	0.999	16079.89	100		    0.00	    0.00	60267.03	19092.49	0.000	0.000
466.00	20640.48	    0.00	79359.52	    0.00	79359.52	0.000	1.202	0.999	16079.89	100		    0.00	    0.00	60267.03	19092.49	0.000	0.000
467.00	20640.48	    0.00	79359.52	    0.00	79359.52	0.000	1.202	0.999	16079.89	100		    0.00	    0.00	60267.03	19092.49	0.000	0.000
468.00	20640.48	    0.00	79359.52	    0.00	79359.52	0.000	1.202	0.999	16079.89	100		    0.00	    0.00	60267.03	19092.49	0.000	0.000
469.00	20640.48	    0.00	79359.52	    0.00	79359.52	0.000	1.202	0.999	16079.89	100		    0.00	    0.00	60267.03	19092.49	0.000	0.000
470.00	20640.48	    0.00	79359.52	    0.00	79359.52	0.000	1.202	0.999	16079.89	100		    0.00	    0.00	60267.03	19092.49	0.000	0.000
471.00	20640.48	    0.00	79359.52	    0.00	79359.52	0.000	1.202	0.999	16079.89	100		    0.00	    0.00	60267.03	19092.49	0.000	0.000
472.00	20640.48	    0.00	79359.52	    0.00	79359.52	0.000	1.202	0.999	16079.89	100		    0.00	    0.00	60267.03	19092.49	0.000	0.000
473.00	20640.48	    0.00	79359.52	    0.00	79359.52	0.000	1.202	0.999	16079.89	100		    0.00	    0.00	60267.03	19092.49	0.000	0.000
474.00	20640.48	    0.00	79359.52	    0.00	79359.52	0.000	1.202	0.999	16079.89	100		    0.00	    0.00	60267.03	19092.49	0.000	0.000
475.00	20640.48	    0.00	79359.52	    0.00	79359.52	0.000	1.202	0.999	16079.89	100		    0.00	    0.00	60267.03	19092.49	0.000	0.000
476.00	20640.48	    0.00	79359.52	    0.00	79359.52	0.000	1.202	0.999	16079.89	100		    0.00	    0.00	60267.03	19092.49	0.000	0.000
477.00	20640.48	    0.00	79359.52	    0.00	79359.52	0.000	1.202	0.999	16079.89	100		    0.00	    0.00	60267.03	19092.49	0.000	0.000
478.00	20640.48	    0.00	79359.52	    0.00	79359.52	0.000	1.202	0.999	16079.89	100		    0.00	    0.00	60267.03	19092.49	0.000	0.000
479.00	20640.48	    0.00	79359.52	    0.00	79359.52	0.000	1.202	0.999	16079.89	100		    0.00	    0.00	60267.03	19092.49	0.000	0.000
480.00	20640.48	    0.00	79359.52	    0.00	79359.52	0.000	1.202	0.999	16079.89	100		    0.00	    0.00	60267.03	19092.49	0.000	0.000
481.00	20640.48	    0.00	79359.52	    0.00	79359.52	0.000	1.202	0.999	16079.89	100		    0.00	    0.00	60267.03	19092.49	0.000	0.000
482.00	20640.48	    0.00	79359.52	    0.00	79359.52	0.000	1.202	0.999	16079.89	100		    0.00	    0.00	60267.03	19092.49	0.000	0.000
483.00	20640.48	    0.00	79359.52	    0.00	79359.52	0.000	1.202	0.999	16079.89	100		    0.00	    0.00	60267.03	19092.49	0.000	0.000
484.00	20640.48	    0.00	79359.52	    0.00	79359.52	0.000	1.202	0.999	16079.89	100		    0.00	    0.00	60267.03	19092.49	0.000	0.000
485.00	20640.48	    0.00	79359.52	    0.00	79359.52	0.000	1.202	0.999	16079.89	100		    0.00	    0.00	60267.03	19092.49	0.000	0.000
486.00	20640.48	    0.00	79359.52	    0.00	79359.52	0.000	1.202	0.999	16079.89	100		    0.00	    0.00	60267.03	19092.49	0.000	0.000
487.00	20640.48	    0.00	79359.52	    0.00	79359.52	0.000	1.202	0.999	16079.89	100		    0.00	    0.00	60267.03	19092.49	0.000	0.000
488.00	20640.48	    0.00	79359.52	    0.00	79359.52	0.000	1.202	0.999	16079.89	100		    0.00	    0.00	60267.03	19092.49	0.000	0.000
489.00	20640.48	    0.00	79359.52	    0.00	79359.52	0.000	1.202	0.999	16079.89	100		    0.00	    0.00	60267.03	19092.49	0.000	0.000
490.00	20640.48	    0.00	79359.52	    0.00	79359.52	0.000	1.202	0.999	16079.89	100		    0.00	    0.00	60267.03	19092.49	0.000	0.000
491.00	20640.48	    0.00	79359.52	    0.00	79359.52	0.000	1.202	0.999	16079.89	100		    0.00	    0.00	60267.03	19092.49	0.000	0.000
492.00	20640.48	    0.00	79359.52	    0.00	79359.52	0.000	1.202	0.999	16079.89	100		    0.00	    0.00	60267.03	19092.49	0.000	0.000
493.00	20640.48	    0.00	79359.52	    0.00	79359.52	0.000	1.202	0.999	16079.89	100		    0.00	    0.00	60267.03	19092.49	0.000	0.000
494.00	20640.48	    0.00	79359.52	    0.00	79359.52	0.000	1.202	0.999	16079.89	100		    0.00	    0.00	60267.03	19092.49	0.000	0.000
495.00	20640.48	    0.00	79359.52	    0.00	79359.52	0.000	1.202	0.999	16079.89	100		    0.00	    0.00	60267.03	19092.49	0.000	0.000
496.00	20640.48	    0.00	79359.52	    0.00	79359.52	0.000	1.202	0.999	16079.89	100		    0.00	    0.00	60267.03	19092.49	0.000	0.000
497.00	20640.48	    0.00	79359.52	    0.00	79359.52	0.000	1.202	0.999	16079.89	100		    0.00	    0.00	60267.03	19092.49	0.000	0.000
498.00	20640.48	    0.00	79359.52	    0.00	79359.52	0.000	1.202	0.999	16079.89	100		    0.00	    0.00	60267.03	19092.49	0.000	0.000
499.00	20640.48	    0.00	79359.52	    0.00	79359.52	0.000	1.202	0.999	16079.89	100		    0.00	    0.00	60267.03	19092.49	0.000	0.000
500.00	20640.48	    0.00	79359.52	    0.00	79359.52	0.000	1.202	0.999	16079.89	100		    0.00	    0.00	60267.03	19092.49	0.000	0.000
