0.00	99950.00	   50.00	    0.00	    0.00	   50.00	0.000	1.816	1.812	    0.20	  5	  0	    0.00	    0.00	   35.00	   15.00	0.000	0.000
1.00	99950.00	   50.00	    0.00	    0.00	   50.00	0.000	1.896	1.892	    0.23	 22	  5	    0.00	    0.00	   35.00	   15.00	0.000	0.000
2.00	99948.81	   50.70	    0.49	    1.19	   51.19	1.347	1.994	1.991	    0.11	 73	 22	    0.86	    0.33	   35.86	   15.33	0.724	0.276
3.00	99943.84	   54.23	    1.93	    5.28	   56.16	0.793	2.002	2.000	    0.11	 99	 73	    3.78	    1.51	   39.41	   16.75	0.715	0.285
4.00	99925.38	   67.38	    7.24	   18.52	   74.62	0.300	1.993	1.991	    0.17	100	 99	   12.99	    5.53	   52.36	   22.26	0.701	0.299
5.00	99888.64	   95.42	   15.94	   36.74	  111.36	0.288	1.999	1.997	    0.29	100	100	   25.94	   10.80	   78.30	   33.06	0.706	0.294
6.00	99842.42	  124.93	   32.65	   46.22	  157.58	0.309	1.992	1.989	    0.45	100	100	   32.20	   14.02	  110.50	   47.08	0.697	0.303
7.00	99782.55	  160.45	   57.00	   59.87	  217.45	0.260	1.994	1.990	    0.81	100	100	   41.90	   17.97	  152.40	   65.05	0.700	0.300
8.00	99706.53	  204.93	   88.54	   76.02	  293.47	0.247	1.991	1.987	    1.23	100	100	   53.12	   22.90	  205.52	   87.95	0.699	0.301
9.00	99608.06	  264.61	  127.33	   98.47	  391.94	0.250	1.995	1.989	    2.06	100	100	   68.39	   30.08	  273.91	  118.03	0.695	0.305
10.00	99482.80	  339.62	  177.58	  125.26	  517.20	0.253	1.990	1.983	    3.69	100	100	   88.60	   36.66	  362.51	  154.69	0.707	0.293
11.00	99320.79	  435.21	  244.00	  162.01	  679.21	0.249	1.995	1.986	    6.12	100	100	  113.07	   48.94	  475.58	  203.63	0.698	0.302
12.00	99113.84	  558.19	  327.97	  206.95	  886.16	0.248	1.994	1.983	   10.08	100	100	  145.40	   61.55	  620.98	  265.18	0.703	0.297
13.00	98847.41	  717.18	  435.41	  266.43	 1152.59	0.250	1.991	1.977	   16.35	100	100	  186.96	   79.47	  807.94	  344.65	0.702	0.298
14.00	98505.53	  918.43	  576.04	  341.88	 1494.47	0.249	1.988	1.971	   26.41	100	100	  241.37	  100.51	 1049.31	  445.16	0.706	0.294
15.00	98067.83	 1177.99	  754.18	  437.70	 1932.17	0.248	1.981	1.959	   44.18	100	100	  307.23	  130.47	 1356.54	  575.63	0.702	0.298
16.00	97513.85	 1503.23	  982.92	  553.98	 2486.15	0.246	1.976	1.947	   71.27	100	100	  390.08	  163.90	 1746.62	  739.53	0.704	0.296
17.00	96805.54	 1917.90	 1276.56	  708.31	 3194.46	0.244	1.966	1.930	  115.17	100	100	  498.24	  210.07	 2244.86	  949.60	0.703	0.297
18.00	95912.73	 2427.97	 1659.30	  892.81	 4087.27	0.240	1.955	1.910	  183.17	100	100	  630.33	  262.48	 2875.19	 1212.08	0.706	0.294
19.00	94792.27	 3062.90	 2144.83	 1120.46	 5207.73	0.234	1.944	1.888	  292.91	100	100	  795.31	  325.15	 3670.50	 1537.23	0.710	0.290
20.00	93391.30	 3845.82	 2762.88	 1400.97	 6608.70	0.230	1.929	1.859	  457.88	100	100	  994.50	  406.47	 4665.00	 1943.70	0.710	0.290
21.00	91661.22	 4787.56	 3551.22	 1730.08	 8338.78	0.223	1.912	1.827	  704.14	100	100	 1230.28	  499.80	 5895.28	 2443.50	0.711	0.289
22.00	89528.48	 5927.49	 4544.03	 2132.74	10471.52	0.216	1.889	1.788	 1064.68	100	100	 1521.71	  611.03	 7416.99	 3054.53	0.714	0.286
23.00	86946.36	 7254.02	 5799.62	 2582.12	13053.64	0.208	1.862	1.742	 1573.57	100	100	 1849.58	  732.54	 9266.57	 3787.07	0.716	0.284
24.00	83861.66	 8762.55	 7375.79	 3084.70	16138.34	0.195	1.830	1.689	 2272.06	100	100	 2221.94	  862.76	11488.51	 4649.83	0.720	0.280
25.00	80258.70	10397.60	 9343.70	 3602.96	19741.30	0.180	1.793	1.632	 3187.21	100	100	 2604.89	  998.07	14093.40	 5647.90	0.723	0.277
26.00	76115.26	12130.37	11754.37	 4143.44	23884.74	0.163	1.750	1.569	 4332.30	100	100	 3022.58	 1120.86	17115.98	 6768.76	0.729	0.271
27.00	71485.91	13804.16	14709.93	 4629.35	28514.09	0.142	1.703	1.504	 5679.18	100	100	 3401.39	 1227.96	20517.37	 7996.72	0.735	0.265
28.00	66462.53	15303.12	18234.35	 5023.38	33537.47	0.116	1.652	1.438	 7176.10	100	100	 3726.62	 1296.76	24243.99	 9293.48	0.742	0.258
29.00	61214.00	16429.63	22356.37	 5248.53	38786.00	0.087	1.599	1.374	 8730.43	100	100	 3928.10	 1320.43	28172.09	10613.91	0.748	0.252
30.00	55813.05	17143.03	27043.92	 5400.95	44186.95	0.057	1.545	1.312	10262.58	100	100	 4087.58	 1313.37	32259.67	11927.28	0.757	0.243
31.00	50591.71	17114.22	32294.07	 5221.34	49408.29	0.020	1.493	1.257	11632.38	100	100	 3991.70	 1229.64	36251.37	13156.92	0.764	0.236
32.00	45649.55	16507.53	37842.92	 4942.16	54350.45	-0.019	1.443	1.208	12802.63	100	100	 3818.07	 1124.09	40069.44	14281.01	0.773	0.227
33.00	41162.87	15271.27	43565.86	 4486.68	58837.13	-0.057	1.398	1.165	13720.78	100	100	 3505.26	  981.42	43574.70	15262.43	0.781	0.219
34.00	37207.51	13608.49	49184.00	 3955.36	62792.49	-0.097	1.359	1.130	14411.69	100	100	 3120.70	  834.66	46695.40	16097.09	0.789	0.211
35.00	33840.12	11670.62	54489.26	 3367.39	66159.88	-0.134	1.326	1.101	14894.63	100	100	 2678.49	  688.90	49373.89	16785.99	0.795	0.205
36.00	31053.69	 9671.85	59274.46	 2786.43	68946.31	-0.171	1.298	1.077	15216.96	100	100	 2233.13	  553.30	51607.02	17339.29	0.801	0.199
37.00	28790.94	 7801.07	63407.99	 2262.75	71209.06	-0.201	1.276	1.059	15425.34	100	100	 1827.24	  435.51	53434.26	17774.80	0.808	0.192
38.00	26982.85	 6145.96	66871.19	 1808.09	73017.15	-0.227	1.258	1.045	15557.20	100	100	 1467.04	  341.05	54901.30	18115.85	0.811	0.189
39.00	25569.97	 4746.09	69683.94	 1412.88	74430.03	-0.248	1.244	1.034	15637.17	100	100	 1152.24	  260.64	56053.54	18376.49	0.816	0.184
40.00	24469.15	 3630.74	71900.11	 1100.82	75530.85	-0.263	1.233	1.025	15683.91	100	100	  900.85	  199.97	56954.39	18576.46	0.818	0.182
41.00	23627.69	 2738.28	73634.03	  841.46	76372.31	-0.275	1.225	1.019	15711.10	100	100	  689.75	  151.71	57644.14	18728.17	0.820	0.180
42.00	22983.60	 2060.61	74955.79	  644.09	77016.40	-0.283	1.218	1.014	15726.55	100	100	  531.81	  112.28	58175.95	18840.45	0.826	0.174
43.00	22495.72	 1540.07	75964.21	  487.88	77504.28	-0.288	1.213	1.010	15735.94	100	100	  401.81	   86.07	58577.76	18926.52	0.824	0.176
44.00	22127.02	 1150.48	76722.50	  368.70	77872.98	-0.291	1.210	1.008	15741.18	100	100	  304.29	   64.41	58882.05	18990.93	0.825	0.175
45.00	21850.91	  855.58	77293.51	  276.11	78149.09	-0.294	1.207	1.005	15744.22	100	100	  226.63	   49.48	59108.68	19040.41	0.821	0.179
46.00	21643.83	  638.35	77717.82	  207.08	78356.17	-0.295	1.205	1.004	15745.71	100	100	  171.40	   35.68	59280.08	19076.09	0.828	0.172
47.00	21486.22	  477.58	78036.20	  157.61	78513.78	-0.292	1.203	1.003	15746.76	100	100	  129.65	   27.96	59409.73	19104.05	0.823	0.177
48.00	21369.42	  353.16	78277.42	  116.80	78630.58	-0.296	1.202	1.002	15747.36	100	100	   96.42	   20.38	59506.15	19124.43	0.826	0.174
49.00	21282.66	  262.47	78454.87	   86.76	78717.34	-0.299	1.201	1.001	15747.60	100	100	   71.26	   15.50	59577.41	19139.93	0.821	0.179
50.00	21217.11	  197.26	78585.63	   65.55	78782.89	-0.291	1.201	1.001	15747.74	100	100	   54.29	   11.26	59631.70	19151.19	0.828	0.172
51.00	21168.69	  146.34	78684.97	   48.42	78831.31	-0.292	1.200	1.000	15747.80	100	100	   40.32	    8.10	59672.02	19159.29	0.833	0.167
52.00	21132.44	  108.88	78758.68	   36.25	78867.56	-0.297	1.200	1.000	15747.83	100	100	   29.81	    6.44	59701.83	19165.73	0.822	0.178
53.00	21105.89	   79.80	78814.31	   26.55	78894.11	-0.303	1.200	1.000	15747.86	100	100	   21.99	    4.56	59723.82	19170.29	0.828	0.172
54.00	21085.80	   59.95	78854.25	   20.09	78914.20	-0.298	1.199	1.000	15747.87	100	100	   16.92	    3.17	59740.74	19173.46	0.842	0.158
55.00	21071.11	   44.13	78884.76	   14.69	78928.89	-0.296	1.199	1.000	15747.87	100	100	   12.31	    2.38	59753.05	19175.84	0.838	0.162
56.00	21059.61	   33.74	78906.65	   11.50	78940.39	-0.287	1.199	1.000	15747.87	100	100	    9.52	    1.98	59762.57	19177.82	0.828	0.172
57.00	21052.03	   23.81	78924.16	    7.58	78947.97	-0.309	1.199	1.000	15747.88	100	100	    6.26	    1.32	59768.83	19179.14	0.826	0.174
58.00	21045.93	   18.20	78935.87	    6.10	78954.07	-0.309	1.199	0.999	15747.88	100	100	    4.96	    1.14	59773.79	19180.28	0.813	0.187
59.00	21041.54	   13.39	78945.07	    4.39	78958.46	-0.288	1.199	0.999	15747.88	100	100	    3.61	    0.78	59777.40	19181.06	0.822	0.178
60.00	21038.05	   10.15	78951.80	    3.49	78961.95	-0.292	1.199	0.999	15747.88	100	100	    3.01	    0.48	59780.41	19181.54	0.862	0.138
61.00	21035.49	    7.33	78957.18	    2.56	78964.51	-0.301	1.199	0.999	15747.88	100	100	    2.02	    0.54	59782.43	19182.08	0.789	0.211
62.00	21033.85	    5.04	78961.11	    1.64	78966.15	-0.350	1.199	0.999	15747.88	100	100	    1.35	    0.29	59783.78	19182.37	0.823	0.177
63.00	21032.53	    3.91	78963.56	    1.32	78967.47	-0.314	1.199	0.999	15747.88	100	100	    1.06	    0.26	59784.84	19182.63	0.803	0.197
64.00	21031.47	    3.01	78965.52	    1.06	78968.53	-0.258	1.199	0.999	15747.88	100	100	    0.87	    0.19	59785.71	19182.82	0.821	0.179
65.00	21030.77	    2.20	78967.03	    0.70	78969.23	-0.288	1.199	0.999	15747.88	100	100	    0.56	    0.14	59786.27	19182.96	0.800	0.200
66.00	21030.24	    1.70	78968.06	    0.53	78969.76	-0.286	1.199	0.999	15747.88	100	100	    0.38	    0.15	59786.65	19183.11	0.717	0.283
67.00	21029.76	    1.38	78968.86	    0.48	78970.24	-0.233	1.199	0.999	15747.88	100	100	    0.36	    0.12	59787.01	19183.23	0.750	0.250
68.00	21029.40	    1.03	78969.57	    0.36	78970.60	-0.251	1.199	0.999	15747.88	100	100	    0.24	    0.12	59787.25	19183.35	0.667	0.333
69.00	21029.17	    0.70	78970.13	    0.23	78970.83	-0.339	1.199	0.999	15747.88	100	100	    0.19	    0.04	59787.44	19183.39	0.826	0.174
70.00	21029.02	    0.49	78970.49	    0.15	78970.98	-0.371	1.199	0.999	15747.88	100	100	    0.12	    0.03	59787.56	19183.42	0.800	0.200
71.00	21028.85	    0.41	78970.74	    0.17	78971.15	-0.267	1.199	0.999	15747.88	100	100	    0.14	    0.03	59787.70	19183.45	0.824	0.176
72.00	21028.79	    0.20	78971.01	    0.06	78971.21	-0.448	1.199	0.999	15747.88	100	100	    0.04	    0.02	59787.74	19183.47	0.667	0.333
73.00	21028.75	    0.12	78971.13	    0.04	78971.25	-0.614	1.199	0.999	15747.88	100	100	    0.03	    0.01	59787.77	19183.48	0.750	0.250
74.00	21028.72	    0.09	78971.19	    0.03	78971.28	-0.399	1.199	0.999	15747.88	100	100	    0.03	    0.00	59787.80	19183.48	1.000	0.000
75.00	21028.71	    0.06	78971.23	    0.01	78971.29	-0.347	1.199	0.999	15747.88	100	100	    0.01	    0.00	59787.81	19183.48	1.000	0.000
76.00	21028.69	    0.06	78971.25	    0.02	78971.31	-0.203	1.199	0.999	15747.88	100	100	    0.01	    0.01	59787.82	19183.49	0.500	0.500
77.00	21028.64	    0.10	78971.26	    0.05	78971.36	0.255	1.199	0.999	15747.88	100	100	    0.03	    0.02	59787.85	19183.51	0.600	0.400
78.00	21028.64	    0.05	78971.31	    0.00	78971.36	-0.091	1.199	0.999	15747.88	100	100	    0.00	    0.00	59787.85	19183.51	0.000	0.000
79.00	21028.59	    0.10	78971.31	    0.05	78971.41	0.000	1.199	0.999	15747.88	100	100	    0.04	    0.01	59787.89	19183.52	0.800	0.200
80.00	21028.58	    0.02	78971.40	    0.01	78971.42	-0.458	1.199	0.999	15747.88	100	100	    0.01	    0.00	59787.90	19183.52	1.000	0.000
81.00	21028.58	    0.00	78971.42	    0.00	78971.42	-1.151	1.199	0.999	15747.88	100	100	    0.00	    0.00	59787.90	19183.52	0.000	0.000
82.00	21028.58	    0.00	78971.42	    0.00	78971.42	-0.347	1.199	0.999	15747.88	100	100	    0.00	    0.00	59787.90	19183.52	0.000	0.000
83.00	21028.58	    0.00	78971.42	    0.00	78971.42	0.000	1.199	0.999	15747.88	100	100	    0.00	    0.00	59787.90	19183.52	0.000	0.000
84.00	21028.58	    0.00	78971.42	    0.00	78971.42	0.000	1.199	0.999	15747.88	100	100	    0.00	    0.00	59787.90	19183.52	0.000	0.000
85.00	21028.58	    0.00	78971.42	    0.00	78971.42	0.000	1.199	0.999	15747.88	100	100	    0.00	    0.00	59787.90	19183.52	0.000	0.000
86.00	21028.58	    0.00	78971.42	    0.00	78971.42	0.000	1.199	0.999	15747.88	100	100	    0.00	    0.00	59787.90	19183.52	0.000	0.000
87.00	21028.58	    0.00	78971.42	    0.00	78971.42	0.000	1.199	0.999	15747.88	100	100	    0.00	    0.00	59787.90	19183.52	0.000	0.000
88.00	21028.58	    0.00	78971.42	    0.00	78971.42	0.000	1.199	0.999	15747.88	100	100	    0.00	    0.00	59787.90	19183.52	0.000	0.000
89.00	21028.58	    0.00	78971.42	    0.00	78971.42	0.000	1.199	0.999	15747.88	100	100	    0.00	    0.00	59787.90	19183.52	0.000	0.000
90.00	21028.58	    0.00	78971.42	    0.00	78971.42	0.000	1.199	0.999	15747.88	100	100	    0.00	    0.00	59787.90	19183.52	0.000	0.000
91.00	21028.58	    0.00	78971.42	    0.00	78971.42	0.000	1.199	0.999	15747.88	100	100	    0.00	    0.00	59787.90	19183.52	0.000	0.000
92.00	21028.58	    0.00	78971.42	    0.00	78971.42	0.000	1.199	0.999	15747.88	100	100	    0.00	    0.00	59787.90	19183.52	0.000	0.000
93.00	21028.58	    0.00	78971.42	    0.00	78971.42	0.000	1.199	0.999	15747.88	100	100	    0.00	    0.00	59787.90	19183.52	0.000	0.000
94.00	21028.58	    0.00	78971.42	    0.00	78971.42	0.000	1.199	0.999	15747.88	100	100	    0.00	    0.00	59787.90	19183.52	0.000	0.000
95.00	21028.58	    0.00	78971.42	    0.00	78971.42	0.000	1.199	0.999	15747.88	100	100	    0.00	    0.00	59787.90	19183.52	0.000	0.000
96.00	21028.58	    0.00	78971.42	    0.00	78971.42	0.000	1.199	0.999	15747.88	100	100	    0.00	    0.00	59787.90	19183.52	0.000	0.000
97.00	21028.58	    0.00	78971.42	    0.00	78971.42	0.000	1.199	0.999	15747.88	100	100	    0.00	    0.00	59787.90	19183.52	0.000	0.000
98.00	21028.58	    0.00	78971.42	    0.00	78971.42	0.000	1.199	0.999	15747.88	100	100	    0.00	    0.00	59787.90	19183.52	0.000	0.000
99.00	21028.58	    0.00	78971.42	    0.00	78971.42	0.000	1.199	0.999	15747.88	100	100	    0.00	    0.00	59787.90	19183.52	0.000	0.000
100.00	21028.58	    0.00	78971.42	    0.00	78971.42	0.000	1.199	0.999	15747.88	100	100	    0.00	    0.00	59787.90	19183.52	0.000	0.000
101.00	21028.58	    0.00	78971.42	    0.00	78971.42	0.000	1.199	0.999	15747.88	100	100	    0.00	    0.00	59787.90	19183.52	0.000	0.000
102.00	21028.58	    0.00	78971.42	    0.00	78971.42	0.000	1.199	0.999	15747.88	100	100	    0.00	    0.00	59787.90	19183.52	0.000	0.000
103.00	21028.58	    0.00	78971.42	    0.00	78971.42	0.000	1.199	0.999	15747.88	100	100	    0.00	    0.00	59787.90	19183.52	0.000	0.000
104.00	21028.58	    0.00	78971.42	    0.00	78971.42	0.000	1.199	0.999	15747.88	100	100	    0.00	    0.00	59787.90	19183.52	0.000	0.000
105.00	21028.58	    0.00	78971.42	    0.00	78971.42	0.000	1.199	0.999	15747.88	100	100	    0.00	    0.00	59787.90	19183.52	0.000	0.000
106.00	21028.58	    0.00	78971.42	    0.00	78971.42	0.000	1.199	0.999	15747.88	100	100	    0.00	    0.00	59787.90	19183.52	0.000	0.000
107.00	21028.58	    0.00	78971.42	    0.00	78971.42	0.000	1.199	0.999	15747.88	100	100	    0.00	    0.00	59787.90	19183.52	0.000	0.000
108.00	21028.58	    0.00	78971.42	    0.00	78971.42	0.000	1.199	0.999	15747.88	100	100	    0.00	    0.00	59787.90	19183.52	0.000	0.000
109.00	21028.58	    0.00	78971.42	    0.00	78971.42	0.000	1.199	0.999	15747.88	100	100	    0.00	    0.00	59787.90	19183.52	0.000	0.000
110.00	21028.58	    0.00	78971.42	    0.00	78971.42	0.000	1.199	0.999	15747.88	100	100	    0.00	    0.00	59787.90	19183.52	0.000	0.000
111.00	21028.58	    0.00	78971.42	    0.00	78971.42	0.000	1.199	0.999	15747.88	100	100	    0.00	    0.00	59787.90	19183.52	0.000	0.000
112.00	21028.58	    0.00	78971.42	    0.00	78971.42	0.000	1.199	0.999	15747.88	100	100	    0.00	    0.00	59787.90	19183.52	0.000	0.000
113.00	21028.58	    0.00	78971.42	    0.00	78971.42	0.000	1.199	0.999	15747.88	100	100	    0.00	    0.00	59787.90	19183.52	0.000	0.000
114.00	21028.58	    0.00	78971.42	    0.00	78971.42	0.000	1.199	0.999	15747.88	100	100	    0.00	    0.00	59787.90	19183.52	0.000	0.000
115.00	21028.58	    0.00	78971.42	    0.00	78971.42	0.000	1.199	0.999	15747.88	100	100	    0.00	    0.00	59787.90	19183.52	0.000	0.000
116.00	21028.58	    0.00	78971.42	    0.00	78971.42	0.000	1.199	0.999	15747.88	100	100	    0.00	    0.00	59787.90	19183.52	0.000	0.000
117.00	21028.58	    0.00	78971.42	    0.00	78971.42	0.000	1.199	0.999	15747.88	100	100	    0.00	    0.00	59787.90	19183.52	0.000	0.000
118.00	21028.58	    0.00	78971.42	    0.00	78971.42	0.000	1.199	0.999	15747.88	100	100	    0.00	    0.00	59787.90	19183.52	0.000	0.000
119.00	21028.58	    0.00	78971.42	    0.00	78971.42	0.000	1.199	0.999	15747.88	100	100	    0.00	    0.00	59787.90	19183.52	0.000	0.000
120.00	21028.58	    0.00	78971.42	    0.00	78971.42	0.000	1.199	0.999	15747.88	100	100	    0.00	    0.00	59787.90	19183.52	0.000	0.000
121.00	21028.58	    0.00	78971.42	    0.00	78971.42	0.000	1.199	0.999	15747.88	100	100	    0.00	    0.00	59787.90	19183.52	0.000	0.000
122.00	21028.58	    0.00	78971.42	    0.00	78971.42	0.000	1.199	0.999	15747.88	100	100	    0.00	    0.00	59787.90	19183.52	0.000	0.000
123.00	21028.58	    0.00	78971.42	    0.00	78971.42	0.000	1.199	0.999	15747.88	100	100	    0.00	    0.00	59787.90	19183.52	0.000	0.000
124.00	21028.58	    0.00	78971.42	    0.00	78971.42	0.000	1.199	0.999	15747.88	100	100	    0.00	    0.00	59787.90	19183.52	0.000	0.000
125.00	21028.58	    0.00	78971.42	    0.00	78971.42	0.000	1.199	0.999	15747.88	100	100	    0.00	    0.00	59787.90	19183.52	0.000	0.000
126.00	21028.58	    0.00	78971.42	    0.00	78971.42	0.000	1.199	0.999	15747.88	100	100	    0.00	    0.00	59787.90	19183.52	0.000	0.000
127.00	21028.58	    0.00	78971.42	    0.00	78971.42	0.000	1.199	0.999	15747.88	100	100	    0.00	    0.00	59787.90	19183.52	0.000	0.000
128.00	21028.58	    0.00	78971.42	    0.00	78971.42	0.000	1.199	0.999	15747.88	100	100	    0.00	    0.00	59787.90	19183.52	0.000	0.000
129.00	21028.58	    0.00	78971.42	    0.00	78971.42	0.000	1.199	0.999	15747.88	100	100	    0.00	    0.00	59787.90	19183.52	0.000	0.000
130.00	21028.58	    0.00	78971.42	    0.00	78971.42	0.000	1.199	0.999	15747.88	100	100	    0.00	    0.00	59787.90	19183.52	0.000	0.000
131.00	21028.58	    0.00	78971.42	    0.00	78971.42	0.000	1.199	0.999	15747.88	100	100	    0.00	    0.00	59787.90	19183.52	0.000	0.000
132.00	21028.58	    0.00	78971.42	    0.00	78971.42	0.000	1.199	0.999	15747.88	100	100	    0.00	    0.00	59787.90	19183.52	0.000	0.000
133.00	21028.58	    0.00	78971.42	    0.00	78971.42	0.000	1.199	0.999	15747.88	100	100	    0.00	    0.00	59787.90	19183.52	0.000	0.000
134.00	21028.58	    0.00	78971.42	    0.00	78971.42	0.000	1.199	0.999	15747.88	100	100	    0.00	    0.00	59787.90	19183.52	0.000	0.000
135.00	21028.58	    0.00	78971.42	    0.00	78971.42	0.000	1.199	0.999	15747.88	100	100	    0.00	    0.00	59787.90	19183.52	0.000	0.000
136.00	21028.58	    0.00	78971.42	    0.00	78971.42	0.000	1.199	0.999	15747.88	100	100	    0.00	    0.00	59787.90	19183.52	0.000	0.000
137.00	21028.58	    0.00	78971.42	    0.00	78971.42	0.000	1.199	0.999	15747.88	100	100	    0.00	    0.00	59787.90	19183.52	0.000	0.000
138.00	21028.58	    0.00	78971.42	    0.00	78971.42	0.000	1.199	0.999	15747.88	100	100	    0.00	    0.00	59787.90	19183.52	0.000	0.000
139.00	21028.58	    0.00	78971.42	    0.00	78971.42	0.000	1.199	0.999	15747.88	100	100	    0.00	    0.00	59787.90	19183.52	0.000	0.000
140.00	21028.58	    0.00	78971.42	    0.00	78971.42	0.000	1.199	0.999	15747.88	100	100	    0.00	    0.00	59787.90	19183.52	0.000	0.000
141.00	21028.58	    0.00	78971.42	    0.00	78971.42	0.000	1.199	0.999	15747.88	100	100	    0.00	    0.00	59787.90	19183.52	0.000	0.000
142.00	21028.58	    0.00	78971.42	    0.00	78971.42	0.000	1.199	0.999	15747.88	100	100	    0.00	    0.00	59787.90	19183.52	0.000	0.000
143.00	21028.58	    0.00	78971.42	    0.00	78971.42	0.000	1.199	0.999	15747.88	100	100	    0.00	    0.00	59787.90	19183.52	0.000	0.000
144.00	21028.58	    0.00	78971.42	    0.00	78971.42	0.000	1.199	0.999	15747.88	100	100	    0.00	    0.00	59787.90	19183.52	0.000	0.000
145.00	21028.58	    0.00	78971.42	    0.00	78971.42	0.000	1.199	0.999	15747.88	100	100	    0.00	    0.00	59787.90	19183.52	0.000	0.000
146.00	21028.58	    0.00	78971.42	    0.00	78971.42	0.000	1.199	0.999	15747.88	100	100	    0.00	    0.00	59787.90	19183.52	0.000	0.000
147.00	21028.58	    0.00	78971.42	    0.00	78971.42	0.000	1.199	0.999	15747.88	100	100	    0.00	    0.00	59787.90	19183.52	0.000	0.000
148.00	21028.58	    0.00	78971.42	    0.00	78971.42	0.000	1.199	0.999	15747.88	100	100	    0.00	    0.00	59787.90	19183.52	0.000	0.000
149.00	21028.58	    0.00	78971.42	    0.00	78971.42	0.000	1.199	0.999	15747.88	100	100	    0.00	    0.00	59787.90	19183.52	0.000	0.000
150.00	21028.58	    0.00	78971.42	    0.00	78971.42	0.000	1.199	0.999	15747.88	100	100	    0.00	    0.00	59787.90	19183.52	0.000	0.000
151.00	21028.58	    0.00	78971.42	    0.00	78971.42	0.000	1.199	0.999	15747.88	100	100	    0.00	    0.00	59787.90	19183.52	0.000	0.000
152.00	21028.58	    0.00	78971.42	    0.00	78971.42	0.000	1.199	0.999	15747.88	100	100	    0.00	    0.00	59787.90	19183.52	0.000	0.000
153.00	21028.58	    0.00	78971.42	    0.00	78971.42	0.000	1.199	0.999	15747.88	100	100	    0.00	    0.00	59787.90	19183.52	0.000	0.000
154.00	21028.58	    0.00	78971.42	    0.00	78971.42	0.000	1.199	0.999	15747.88	100	100	    0.00	    0.00	59787.90	19183.52	0.000	0.000
155.00	21028.58	    0.00	78971.42	    0.00	78971.42	0.000	1.199	0.999	15747.88	100	100	    0.00	    0.00	59787.90	19183.52	0.000	0.000
156.00	21028.58	    0.00	78971.42	    0.00	78971.42	0.000	1.199	0.999	15747.88	100	100	    0.00	    0.00	59787.90	19183.52	0.000	0.000
157.00	21028.58	    0.00	78971.42	    0.00	78971.42	0.000	1.199	0.999	15747.88	100	100	    0.00	    0.00	59787.90	19183.52	0.000	0.000
158.00	21028.58	    0.00	78971.42	    0.00	78971.42	0.000	1.199	0.999	15747.88	100	100	    0.00	    0.00	59787.90	19183.52	0.000	0.000
159.00	21028.58	    0.00	78971.42	    0.00	78971.42	0.000	1.199	0.999	15747.88	100	100	    0.00	    0.00	59787.90	19183.52	0.000	0.000
160.00	21028.58	    0.00	78971.42	    0.00	78971.42	0.000	1.199	0.999	15747.88	100	100	    0.00	    0.00	59787.90	19183.52	0.000	0.000
161.00	21028.58	    0.00	78971.42	    0.00	78971.42	0.000	1.199	0.999	15747.88	100	100	    0.00	    0.00	59787.90	19183.52	0.000	0.000
162.00	21028.58	    0.00	78971.42	    0.00	78971.42	0.000	1.199	0.999	15747.88	100	100	    0.00	    0.00	59787.90	19183.52	0.000	0.000
163.00	21028.58	    0.00	78971.42	    0.00	78971.42	0.000	1.199	0.999	15747.88	100	100	    0.00	    0.00	59787.90	19183.52	0.000	0.000
164.00	21028.58	    0.00	78971.42	    0.00	78971.42	0.000	1.199	0.999	15747.88	100	100	    0.00	    0.00	59787.90	19183.52	0.000	0.000
165.00	21028.58	    0.00	78971.42	    0.00	78971.42	0.000	1.199	0.999	15747.88	100	100	    0.00	    0.00	59787.90	19183.52	0.000	0.000
166.00	21028.58	    0.00	78971.42	    0.00	78971.42	0.000	1.199	0.999	15747.88	100	100	    0.00	    0.00	59787.90	19183.52	0.000	0.000
167.00	21028.58	    0.00	78971.42	    0.00	78971.42	0.000	1.199	0.999	15747.88	100	100	    0.00	    0.00	59787.90	19183.52	0.000	0.000
168.00	21028.58	    0.00	78971.42	    0.00	78971.42	0.000	1.199	0.999	15747.88	100	100	    0.00	    0.00	59787.90	19183.52	0.000	0.000
169.00	21028.58	    0.00	78971.42	    0.00	78971.42	0.000	1.199	0.999	15747.88	100	100	    0.00	    0.00	59787.90	19183.52	0.000	0.000
170.00	21028.58	    0.00	78971.42	    0.00	78971.42	0.000	1.199	0.999	15747.88	100	100	    0.00	    0.00	59787.90	19183.52	0.000	0.000
171.00	21028.58	    0.00	78971.42	    0.00	78971.42	0.000	1.199	0.999	15747.88	100	100	    0.00	    0.00	59787.90	19183.52	0.000	0.000
172.00	21028.58	    0.00	78971.42	    0.00	78971.42	0.000	1.199	0.999	15747.88	100	100	    0.00	    0.00	59787.90	19183.52	0.000	0.000
173.00	21028.58	    0.00	78971.42	    0.00	78971.42	0.000	1.199	0.999	15747.88	100	100	    0.00	    0.00	59787.90	19183.52	0.000	0.000
174.00	21028.58	    0.00	78971.42	    0.00	78971.42	0.000	1.199	0.999	15747.88	100	100	    0.00	    0.00	59787.90	19183.52	0.000	0.000
175.00	21028.58	    0.00	78971.42	    0.00	78971.42	0.000	1.199	0.999	15747.88	100	100	    0.00	    0.00	59787.90	19183.52	0.000	0.000
176.00	21028.58	    0.00	78971.42	    0.00	78971.42	0.000	1.199	0.999	15747.88	100	100	    0.00	    0.00	59787.90	19183.52	0.000	0.000
177.00	21028.58	    0.00	78971.42	    0.00	78971.42	0.000	1.199	0.999	15747.88	100	100	    0.00	    0.00	59787.90	19183.52	0.000	0.000
178.00	21028.58	    0.00	78971.42	    0.00	78971.42	0.000	1.199	0.999	15747.88	100	100	    0.00	    0.00	59787.90	19183.52	0.000	0.000
179.00	21028.58	    0.00	78971.42	    0.00	78971.42	0.000	1.199	0.999	15747.88	100	100	    0.00	    0.00	59787.90	19183.52	0.000	0.000
180.00	21028.58	    0.00	78971.42	    0.00	78971.42	0.000	1.199	0.999	15747.88	100	100	    0.00	    0.00	59787.90	19183.52	0.000	0.000
181.00	21028.58	    0.00	78971.42	    0.00	78971.42	0.000	1.199	0.999	15747.88	100	100	    0.00	    0.00	59787.90	19183.52	0.000	0.000
182.00	21028.58	    0.00	78971.42	    0.00	78971.42	0.000	1.199	0.999	15747.88	100	100	    0.00	    0.00	59787.90	19183.52	0.000	0.000
183.00	21028.58	    0.00	78971.42	    0.00	78971.42	0.000	1.199	0.999	15747.88	100	100	    0.00	    0.00	59787.90	19183.52	0.000	0.000
184.00	21028.58	    0.00	78971.42	    0.00	78971.42	0.000	1.199	0.999	15747.88	100	100	    0.00	    0.00	59787.90	19183.52	0.000	0.000
185.00	21028.58	    0.00	78971.42	    0.00	78971.42	0.000	1.199	0.999	15747.88	100	100	    0.00	    0.00	59787.90	19183.52	0.000	0.000
186.00	21028.58	    0.00	78971.42	    0.00	78971.42	0.000	1.199	0.999	15747.88	100	100	    0.00	    0.00	59787.90	19183.52	0.000	0.000
187.00	21028.58	    0.00	78971.42	    0.00	78971.42	0.000	1.199	0.999	15747.88	100	100	    0.00	    0.00	59787.90	19183.52	0.000	0.000
188.00	21028.58	    0.00	78971.42	    0.00	78971.42	0.000	1.199	0.999	15747.88	100	100	    0.00	    0.00	59787.90	19183.52	0.000	0.000
189.00	21028.58	    0.00	78971.42	    0.00	78971.42	0.000	1.199	0.999	15747.88	100	100	    0.00	    0.00	59787.90	19183.52	0.000	0.000
190.00	21028.58	    0.00	78971.42	    0.00	78971.42	0.000	1.199	0.999	15747.88	100	100	    0.00	    0.00	59787.90	19183.52	0.000	0.000
191.00	21028.58	    0.00	78971.42	    0.00	78971.42	0.000	1.199	0.999	15747.88	100	100	    0.00	    0.00	59787.90	19183.52	0.000	0.000
192.00	21028.58	    0.00	78971.42	    0.00	78971.42	0.000	1.199	0.999	15747.88	100	100	    0.00	    0.00	59787.90	19183.52	0.000	0.000
193.00	21028.58	    0.00	78971.42	    0.00	78971.42	0.000	1.199	0.999	15747.88	100	100	    0.00	    0.00	59787.90	19183.52	0.000	0.000
194.00	21028.58	    0.00	78971.42	    0.00	78971.42	0.000	1.199	0.999	15747.88	100	100	    0.00	    0.00	59787.90	19183.52	0.000	0.000
195.00	21028.58	    0.00	78971.42	    0.00	78971.42	0.000	1.199	0.999	15747.88	100	100	    0.00	    0.00	59787.90	19183.52	0.000	0.000
196.00	21028.58	    0.00	78971.42	    0.00	78971.42	0.000	1.199	0.999	15747.88	100	100	    0.00	    0.00	59787.90	19183.52	0.000	0.000
197.00	21028.58	    0.00	78971.42	    0.00	78971.42	0.000	1.199	0.999	15747.88	100	100	    0.00	    0.00	59787.90	19183.52	0.000	0.000
198.00	21028.58	    0.00	78971.42	    0.00	78971.42	0.000	1.199	0.999	15747.88	100	100	    0.00	    0.00	59787.90	19183.52	0.000	0.000
199.00	21028.58	    0.00	78971.42	    0.00	78971.42	0.000	1.199	0.999	15747.88	100	100	    0.00	    0.00	59787.90	19183.52	0.000	0.000
200.00	21028.58	    0.00	78971.42	    0.00	78971.42	0.000	1.199	0.999	15747.88	100	100	    0.00	    0.00	59787.90	19183.52	0.000	0.000
201.00	21028.58	    0.00	78971.42	    0.00	78971.42	0.000	1.199	0.999	15747.88	100	100	    0.00	    0.00	59787.90	19183.52	0.000	0.000
202.00	21028.58	    0.00	78971.42	    0.00	78971.42	0.000	1.199	0.999	15747.88	100	100	    0.00	    0.00	59787.90	19183.52	0.000	0.000
203.00	21028.58	    0.00	78971.42	    0.00	78971.42	0.000	1.199	0.999	15747.88	100	100	    0.00	    0.00	59787.90	19183.52	0.000	0.000
204.00	21028.58	    0.00	78971.42	    0.00	78971.42	0.000	1.199	0.999	15747.88	100	100	    0.00	    0.00	59787.90	19183.52	0.000	0.000
205.00	21028.58	    0.00	78971.42	    0.00	78971.42	0.000	1.199	0.999	15747.88	100	100	    0.00	    0.00	59787.90	19183.52	0.000	0.000
206.00	21028.58	    0.00	78971.42	    0.00	78971.42	0.000	1.199	0.999	15747.88	100	100	    0.00	    0.00	59787.90	19183.52	0.000	0.000
207.00	21028.58	    0.00	78971.42	    0.00	78971.42	0.000	1.199	0.999	15747.88	100	100	    0.00	    0.00	59787.90	19183.52	0.000	0.000
208.00	21028.58	    0.00	78971.42	    0.00	78971.42	0.000	1.199	0.999	15747.88	100	100	    0.00	    0.00	59787.90	19183.52	0.000	0.000
209.00	21028.58	    0.00	78971.42	    0.00	78971.42	0.000	1.199	0.999	15747.88	100	100	    0.00	    0.00	59787.90	19183.52	0.000	0.000
210.00	21028.58	    0.00	78971.42	    0.00	78971.42	0.000	1.199	0.999	15747.88	100	100	    0.00	    0.00	59787.90	19183.52	0.000	0.000
211.00	21028.58	    0.00	78971.42	    0.00	78971.42	0.000	1.199	0.999	15747.88	100	100	    0.00	    0.00	59787.90	19183.52	0.000	0.000
212.00	21028.58	    0.00	78971.42	    0.00	78971.42	0.000	1.199	0.999	15747.88	100	100	    0.00	    0.00	59787.90	19183.52	0.000	0.000
213.00	21028.58	    0.00	78971.42	    0.00	78971.42	0.000	1.199	0.999	15747.88	100	100	    0.00	    0.00	59787.90	19183.52	0.000	0.000
214.00	21028.58	    0.00	78971.42	    0.00	78971.42	0.000	1.199	0.999	15747.88	100	100	    0.00	    0.00	59787.90	19183.52	0.000	0.000
215.00	21028.58	    0.00	78971.42	    0.00	78971.42	0.000	1.199	0.999	15747.88	100	100	    0.00	    0.00	59787.90	19183.52	0.000	0.000
216.00	21028.58	    0.00	78971.42	    0.00	78971.42	0.000	1.199	0.999	15747.88	100	100	    0.00	    0.00	59787.90	19183.52	0.000	0.000
217.00	21028.58	    0.00	78971.42	    0.00	78971.42	0.000	1.199	0.999	15747.88	100	100	    0.00	    0.00	59787.90	19183.52	0.000	0.000
218.00	21028.58	    0.00	78971.42	    0.00	78971.42	0.000	1.199	0.999	15747.88	100	100	    0.00	    0.00	59787.90	19183.52	0.000	0.000
219.00	21028.58	    0.00	78971.42	    0.00	78971.42	0.000	1.199	0.999	15747.88	100	100	    0.00	    0.00	59787.90	19183.52	0.000	0.000
220.00	21028.58	    0.00	78971.42	    0.00	78971.42	0.000	1.199	0.999	15747.88	100	100	    0.00	    0.00	59787.90	19183.52	0.000	0.000
221.00	21028.58	    0.00	78971.42	    0.00	78971.42	0.000	1.199	0.999	15747.88	100	100	    0.00	    0.00	59787.90	19183.52	0.000	0.000
222.00	21028.58	    0.00	78971.42	    0.00	78971.42	0.000	1.199	0.999	15747.88	100	100	    0.00	    0.00	59787.90	19183.52	0.000	0.000
223.00	21028.58	    0.00	78971.42	    0.00	78971.42	0.000	1.199	0.999	15747.88	100	100	    0.00	    0.00	59787.90	19183.52	0.000	0.000
224.00	21028.58	    0.00	78971.42	    0.00	78971.42	0.000	1.199	0.999	15747.88	100	100	    0.00	    0.00	59787.90	19183.52	0.000	0.000
225.00	21028.58	    0.00	78971.42	    0.00	78971.42	0.000	1.199	0.999	15747.88	100	100	    0.00	    0.00	59787.90	19183.52	0.000	0.000
226.00	21028.58	    0.00	78971.42	    0.00	78971.42	0.000	1.199	0.999	15747.88	100	100	    0.00	    0.00	59787.90	19183.52	0.000	0.000
227.00	21028.58	    0.00	78971.42	    0.00	78971.42	0.000	1.199	0.999	15747.88	100	100	    0.00	    0.00	59787.90	19183.52	0.000	0.000
228.00	21028.58	    0.00	78971.42	    0.00	78971.42	0.000	1.199	0.999	15747.88	100	100	    0.00	    0.00	59787.90	19183.52	0.000	0.000
229.00	21028.58	    0.00	78971.42	    0.00	78971.42	0.000	1.199	0.999	15747.88	100	100	    0.00	    0.00	59787.90	19183.52	0.000	0.000
230.00	21028.58	    0.00	78971.42	    0.00	78971.42	0.000	1.199	0.999	15747.88	100	100	    0.00	    0.00	59787.90	19183.52	0.000	0.000
231.00	21028.58	    0.00	78971.42	    0.00	78971.42	0.000	1.199	0.999	15747.88	100	100	    0.00	    0.00	59787.90	19183.52	0.000	0.000
232.00	21028.58	    0.00	78971.42	    0.00	78971.42	0.000	1.199	0.999	15747.88	100	100	    0.00	    0.00	59787.90	19183.52	0.000	0.000
233.00	21028.58	    0.00	78971.42	    0.00	78971.42	0.000	1.199	0.999	15747.88	100	100	    0.00	    0.00	59787.90	19183.52	0.000	0.000
234.00	21028.58	    0.00	78971.42	    0.00	78971.42	0.000	1.199	0.999	15747.88	100	100	    0.00	    0.00	59787.90	19183.52	0.000	0.000
235.00	21028.58	    0.00	78971.42	    0.00	78971.42	0.000	1.199	0.999	15747.88	100	100	    0.00	    0.00	59787.90	19183.52	0.000	0.000
236.00	21028.58	    0.00	78971.42	    0.00	78971.42	0.000	1.199	0.999	15747.88	100	100	    0.00	    0.00	59787.90	19183.52	0.000	0.000
237.00	21028.58	    0.00	78971.42	    0.00	78971.42	0.000	1.199	0.999	15747.88	100	100	    0.00	    0.00	59787.90	19183.52	0.000	0.000
238.00	21028.58	    0.00	78971.42	    0.00	78971.42	0.000	1.199	0.999	15747.88	100	100	    0.00	    0.00	59787.90	19183.52	0.000	0.000
239.00	21028.58	    0.00	78971.42	    0.00	78971.42	0.000	1.199	0.999	15747.88	100	100	    0.00	    0.00	59787.90	19183.52	0.000	0.000
240.00	21028.58	    0.00	78971.42	    0.00	78971.42	0.000	1.199	0.999	15747.88	100	100	    0.00	    0.00	59787.90	19183.52	0.000	0.000
241.00	21028.58	    0.00	78971.42	    0.00	78971.42	0.000	1.199	0.999	15747.88	100	100	    0.00	    0.00	59787.90	19183.52	0.000	0.000
242.00	21028.58	    0.00	78971.42	    0.00	78971.42	0.000	1.199	0.999	15747.88	100	100	    0.00	    0.00	59787.90	19183.52	0.000	0.000
243.00	21028.58	    0.00	78971.42	    0.00	78971.42	0.000	1.199	0.999	15747.88	100	100	    0.00	    0.00	59787.90	19183.52	0.000	0.000
244.00	21028.58	    0.00	78971.42	    0.00	78971.42	0.000	1.199	0.999	15747.88	100	100	    0.00	    0.00	59787.90	19183.52	0.000	0.000
245.00	21028.58	    0.00	78971.42	    0.00	78971.42	0.000	1.199	0.999	15747.88	100	100	    0.00	    0.00	59787.90	19183.52	0.000	0.000
246.00	21028.58	    0.00	78971.42	    0.00	78971.42	0.000	1.199	0.999	15747.88	100	100	    0.00	    0.00	59787.90	19183.52	0.000	0.000
247.00	21028.58	    0.00	78971.42	    0.00	78971.42	0.000	1.199	0.999	15747.88	100	100	    0.00	    0.00	59787.90	19183.52	0.000	0.000
248.00	21028.58	    0.00	78971.42	    0.00	78971.42	0.000	1.199	0.999	15747.88	100	100	    0.00	    0.00	59787.90	19183.52	0.000	0.000
249.00	21028.58	    0.00	78971.42	    0.00	78971.42	0.000	1.199	0.999	15747.88	100	100	    0.00	    0.00	59787.90	19183.52	0.000	0.000
250.00	21028.58	    0.00	78971.42	    0.00	78971.42	0.000	1.199	0.999	15747.88	100	100	    0.00	    0.00	59787.90	19183.52	0.000	0.000
251.00	21028.58	    0.00	78971.42	    0.00	78971.42	0.000	1.199	0.999	15747.88	100	100	    0.00	    0.00	59787.90	19183.52	0.000	0.000
252.00	21028.58	    0.00	78971.42	    0.00	78971.42	0.000	1.199	0.999	15747.88	100	100	    0.00	    0.00	59787.90	19183.52	0.000	0.000
253.00	21028.58	    0.00	78971.42	    0.00	78971.42	0.000	1.199	0.999	15747.88	100	100	    0.00	    0.00	59787.90	19183.52	0.000	0.000
254.00	21028.58	    0.00	78971.42	    0.00	78971.42	0.000	1.199	0.999	15747.88	100	100	    0.00	    0.00	59787.90	19183.52	0.000	0.000
255.00	21028.58	    0.00	78971.42	    0.00	78971.42	0.000	1.199	0.999	15747.88	100	100	    0.00	    0.00	59787.90	19183.52	0.000	0.000
256.00	21028.58	    0.00	78971.42	    0.00	78971.42	0.000	1.199	0.999	15747.88	100	100	    0.00	    0.00	59787.90	19183.52	0.000	0.000
257.00	21028.58	    0.00	78971.42	    0.00	78971.42	0.000	1.199	0.999	15747.88	100	100	    0.00	    0.00	59787.90	19183.52	0.000	0.000
258.00	21028.58	    0.00	78971.42	    0.00	78971.42	0.000	1.199	0.999	15747.88	100	100	    0.00	    0.00	59787.90	19183.52	0.000	0.000
259.00	21028.58	    0.00	78971.42	    0.00	78971.42	0.000	1.199	0.999	15747.88	100	100	    0.00	    0.00	59787.90	19183.52	0.000	0.000
260.00	21028.58	    0.00	78971.42	    0.00	78971.42	0.000	1.199	0.999	15747.88	100	100	    0.00	    0.00	59787.90	19183.52	0.000	0.000
261.00	21028.58	    0.00	78971.42	    0.00	78971.42	0.000	1.199	0.999	15747.88	100	100	    0.00	    0.00	59787.90	19183.52	0.000	0.000
262.00	21028.58	    0.00	78971.42	    0.00	78971.42	0.000	1.199	0.999	15747.88	100	100	    0.00	    0.00	59787.90	19183.52	0.000	0.000
263.00	21028.58	    0.00	78971.42	    0.00	78971.42	0.000	1.199	0.999	15747.88	100	100	    0.00	    0.00	59787.90	19183.52	0.000	0.000
264.00	21028.58	    0.00	78971.42	    0.00	78971.42	0.000	1.199	0.999	15747.88	100	100	    0.00	    0.00	59787.90	19183.52	0.000	0.000
265.00	21028.58	    0.00	78971.42	    0.00	78971.42	0.000	1.199	0.999	15747.88	100	100	    0.00	    0.00	59787.90	19183.52	0.000	0.000
266.00	21028.58	    0.00	78971.42	    0.00	78971.42	0.000	1.199	0.999	15747.88	100	100	    0.00	    0.00	59787.90	19183.52	0.000	0.000
267.00	21028.58	    0.00	78971.42	    0.00	78971.42	0.000	1.199	0.999	15747.88	100	100	    0.00	    0.00	59787.90	19183.52	0.000	0.000
268.00	21028.58	    0.00	78971.42	    0.00	78971.42	0.000	1.199	0.999	15747.88	100	100	    0.00	    0.00	59787.90	19183.52	0.000	0.000
269.00	21028.58	    0.00	78971.42	    0.00	78971.42	0.000	1.199	0.999	15747.88	100	100	    0.00	    0.00	59787.90	19183.52	0.000	0.000
270.00	21028.58	    0.00	78971.42	    0.00	78971.42	0.000	1.199	0.999	15747.88	100	100	    0.00	    0.00	59787.90	19183.52	0.000	0.000
271.00	21028.58	    0.00	78971.42	    0.00	78971.42	0.000	1.199	0.999	15747.88	100	100	    0.00	    0.00	59787.90	19183.52	0.000	0.000
272.00	21028.58	    0.00	78971.42	    0.00	78971.42	0.000	1.199	0.999	15747.88	100	100	    0.00	    0.00	59787.90	19183.52	0.000	0.000
273.00	21028.58	    0.00	78971.42	    0.00	78971.42	0.000	1.199	0.999	15747.88	100	100	    0.00	    0.00	59787.90	19183.52	0.000	0.000
274.00	21028.58	    0.00	78971.42	    0.00	78971.42	0.000	1.199	0.999	15747.88	100	100	    0.00	    0.00	59787.90	19183.52	0.000	0.000
275.00	21028.58	    0.00	78971.42	    0.00	78971.42	0.000	1.199	0.999	15747.88	100	100	    0.00	    0.00	59787.90	19183.52	0.000	0.000
276.00	21028.58	    0.00	78971.42	    0.00	78971.42	0.000	1.199	0.999	15747.88	100	100	    0.00	    0.00	59787.90	19183.52	0.000	0.000
277.00	21028.58	    0.00	78971.42	    0.00	78971.42	0.000	1.199	0.999	15747.88	100	100	    0.00	    0.00	59787.90	19183.52	0.000	0.000
278.00	21028.58	    0.00	78971.42	    0.00	78971.42	0.000	1.199	0.999	15747.88	100	100	    0.00	    0.00	59787.90	19183.52	0.000	0.000
279.00	21028.58	    0.00	78971.42	    0.00	78971.42	0.000	1.199	0.999	15747.88	100	100	    0.00	    0.00	59787.90	19183.52	0.000	0.000
280.00	21028.58	    0.00	78971.42	    0.00	78971.42	0.000	1.199	0.999	15747.88	100	100	    0.00	    0.00	59787.90	19183.52	0.000	0.000
281.00	21028.58	    0.00	78971.42	    0.00	78971.42	0.000	1.199	0.999	15747.88	100	100	    0.00	    0.00	59787.90	19183.52	0.000	0.000
282.00	21028.58	    0.00	78971.42	    0.00	78971.42	0.000	1.199	0.999	15747.88	100	100	    0.00	    0.00	59787.90	19183.52	0.000	0.000
283.00	21028.58	    0.00	78971.42	    0.00	78971.42	0.000	1.199	0.999	15747.88	100	100	    0.00	    0.00	59787.90	19183.52	0.000	0.000
284.00	21028.58	    0.00	78971.42	    0.00	78971.42	0.000	1.199	0.999	15747.88	100	100	    0.00	    0.00	59787.90	19183.52	0.000	0.000
285.00	21028.58	    0.00	78971.42	    0.00	78971.42	0.000	1.199	0.999	15747.88	100	100	    0.00	    0.00	59787.90	19183.52	0.000	0.000
286.00	21028.58	    0.00	78971.42	    0.00	78971.42	0.000	1.199	0.999	15747.88	100	100	    0.00	    0.00	59787.90	19183.52	0.000	0.000
287.00	21028.58	    0.00	78971.42	    0.00	78971.42	0.000	1.199	0.999	15747.88	100	100	    0.00	    0.00	59787.90	19183.52	0.000	0.000
288.00	21028.58	    0.00	78971.42	    0.00	78971.42	0.000	1.199	0.999	15747.88	100	100	    0.00	    0.00	59787.90	19183.52	0.000	0.000
289.00	21028.58	    0.00	78971.42	    0.00	78971.42	0.000	1.199	0.999	15747.88	100	100	    0.00	    0.00	59787.90	19183.52	0.000	0.000
290.00	21028.58	    0.00	78971.42	    0.00	78971.42	0.000	1.199	0.999	15747.88	100	100	    0.00	    0.00	59787.90	19183.52	0.000	0.000
291.00	21028.58	    0.00	78971.42	    0.00	78971.42	0.000	1.199	0.999	15747.88	100	100	    0.00	    0.00	59787.90	19183.52	0.000	0.000
292.00	21028.58	    0.00	78971.42	    0.00	78971.42	0.000	1.199	0.999	15747.88	100	100	    0.00	    0.00	59787.90	19183.52	0.000	0.000
293.00	21028.58	    0.00	78971.42	    0.00	78971.42	0.000	1.199	0.999	15747.88	100	100	    0.00	    0.00	59787.90	19183.52	0.000	0.000
294.00	21028.58	    0.00	78971.42	    0.00	78971.42	0.000	1.199	0.999	15747.88	100	100	    0.00	    0.00	59787.90	19183.52	0.000	0.000
295.00	21028.58	    0.00	78971.42	    0.00	78971.42	0.000	1.199	0.999	15747.88	100	100	    0.00	    0.00	59787.90	19183.52	0.000	0.000
296.00	21028.58	    0.00	78971.42	    0.00	78971.42	0.000	1.199	0.999	15747.88	100	100	    0.00	    0.00	59787.90	19183.52	0.000	0.000
297.00	21028.58	    0.00	78971.42	    0.00	78971.42	0.000	1.199	0.999	15747.88	100	100	    0.00	    0.00	59787.90	19183.52	0.000	0.000
298.00	21028.58	    0.00	78971.42	    0.00	78971.42	0.000	1.199	0.999	15747.88	100	100	    0.00	    0.00	59787.90	19183.52	0.000	0.000
299.00	21028.58	    0.00	78971.42	    0.00	78971.42	0.000	1.199	0.999	15747.88	100	100	    0.00	    0.00	59787.90	19183.52	0.000	0.000
300.00	21028.58	    0.00	78971.42	    0.00	78971.42	0.000	1.199	0.999	15747.88	100	100	    0.00	    0.00	59787.90	19183.52	0.000	0.000
301.00	21028.58	    0.00	78971.42	    0.00	78971.42	0.000	1.199	0.999	15747.88	100	100	    0.00	    0.00	59787.90	19183.52	0.000	0.000
302.00	21028.58	    0.00	78971.42	    0.00	78971.42	0.000	1.199	0.999	15747.88	100	100	    0.00	    0.00	59787.90	19183.52	0.000	0.000
303.00	21028.58	    0.00	78971.42	    0.00	78971.42	0.000	1.199	0.999	15747.88	100	100	    0.00	    0.00	59787.90	19183.52	0.000	0.000
304.00	21028.58	    0.00	78971.42	    0.00	78971.42	0.000	1.199	0.999	15747.88	100	100	    0.00	    0.00	59787.90	19183.52	0.000	0.000
305.00	21028.58	    0.00	78971.42	    0.00	78971.42	0.000	1.199	0.999	15747.88	100	100	    0.00	    0.00	59787.90	19183.52	0.000	0.000
306.00	21028.58	    0.00	78971.42	    0.00	78971.42	0.000	1.199	0.999	15747.88	100	100	    0.00	    0.00	59787.90	19183.52	0.000	0.000
307.00	21028.58	    0.00	78971.42	    0.00	78971.42	0.000	1.199	0.999	15747.88	100	100	    0.00	    0.00	59787.90	19183.52	0.000	0.000
308.00	21028.58	    0.00	78971.42	    0.00	78971.42	0.000	1.199	0.999	15747.88	100	100	    0.00	    0.00	59787.90	19183.52	0.000	0.000
309.00	21028.58	    0.00	78971.42	    0.00	78971.42	0.000	1.199	0.999	15747.88	100	100	    0.00	    0.00	59787.90	19183.52	0.000	0.000
310.00	21028.58	    0.00	78971.42	    0.00	78971.42	0.000	1.199	0.999	15747.88	100	100	    0.00	    0.00	59787.90	19183.52	0.000	0.000
311.00	21028.58	    0.00	78971.42	    0.00	78971.42	0.000	1.199	0.999	15747.88	100	100	    0.00	    0.00	59787.90	19183.52	0.000	0.000
312.00	21028.58	    0.00	78971.42	    0.00	78971.42	0.000	1.199	0.999	15747.88	100	100	    0.00	    0.00	59787.90	19183.52	0.000	0.000
313.00	21028.58	    0.00	78971.42	    0.00	78971.42	0.000	1.199	0.999	15747.88	100	100	    0.00	    0.00	59787.90	19183.52	0.000	0.000
314.00	21028.58	    0.00	78971.42	    0.00	78971.42	0.000	1.199	0.999	15747.88	100	100	    0.00	    0.00	59787.90	19183.52	0.000	0.000
315.00	21028.58	    0.00	78971.42	    0.00	78971.42	0.000	1.199	0.999	15747.88	100	100	    0.00	    0.00	59787.90	19183.52	0.000	0.000
316.00	21028.58	    0.00	78971.42	    0.00	78971.42	0.000	1.199	0.999	15747.88	100	100	    0.00	    0.00	59787.90	19183.52	0.000	0.000
317.00	21028.58	    0.00	78971.42	    0.00	78971.42	0.000	1.199	0.999	15747.88	100	100	    0.00	    0.00	59787.90	19183.52	0.000	0.000
318.00	21028.58	    0.00	78971.42	    0.00	78971.42	0.000	1.199	0.999	15747.88	100	100	    0.00	    0.00	59787.90	19183.52	0.000	0.000
319.00	21028.58	    0.00	78971.42	    0.00	78971.42	0.000	1.199	0.999	15747.88	100	100	    0.00	    0.00	59787.90	19183.52	0.000	0.000
320.00	21028.58	    0.00	78971.42	    0.00	78971.42	0.000	1.199	0.999	15747.88	100	100	    0.00	    0.00	59787.90	19183.52	0.000	0.000
321.00	21028.58	    0.00	78971.42	    0.00	78971.42	0.000	1.199	0.999	15747.88	100	100	    0.00	    0.00	59787.90	19183.52	0.000	0.000
322.00	21028.58	    0.00	78971.42	    0.00	78971.42	0.000	1.199	0.999	15747.88	100	100	    0.00	    0.00	59787.90	19183.52	0.000	0.000
323.00	21028.58	    0.00	78971.42	    0.00	78971.42	0.000	1.199	0.999	15747.88	100	100	    0.00	    0.00	59787.90	19183.52	0.000	0.000
324.00	21028.58	    0.00	78971.42	    0.00	78971.42	0.000	1.199	0.999	15747.88	100	100	    0.00	    0.00	59787.90	19183.52	0.000	0.000
325.00	21028.58	    0.00	78971.42	    0.00	78971.42	0.000	1.199	0.999	15747.88	100	100	    0.00	    0.00	59787.90	19183.52	0.000	0.000
326.00	21028.58	    0.00	78971.42	    0.00	78971.42	0.000	1.199	0.999	15747.88	100	100	    0.00	    0.00	59787.90	19183.52	0.000	0.000
327.00	21028.58	    0.00	78971.42	    0.00	78971.42	0.000	1.199	0.999	15747.88	100	100	    0.00	    0.00	59787.90	19183.52	0.000	0.000
328.00	21028.58	    0.00	78971.42	    0.00	78971.42	0.000	1.199	0.999	15747.88	100	100	    0.00	    0.00	59787.90	19183.52	0.000	0.000
329.00	21028.58	    0.00	78971.42	    0.00	78971.42	0.000	1.199	0.999	15747.88	100	100	    0.00	    0.00	59787.90	19183.52	0.000	0.000
330.00	21028.58	    0.00	78971.42	    0.00	78971.42	0.000	1.199	0.999	15747.88	100	100	    0.00	    0.00	59787.90	19183.52	0.000	0.000
331.00	21028.58	    0.00	78971.42	    0.00	78971.42	0.000	1.199	0.999	15747.88	100	100	    0.00	    0.00	59787.90	19183.52	0.000	0.000
332.00	21028.58	    0.00	78971.42	    0.00	78971.42	0.000	1.199	0.999	15747.88	100	100	    0.00	    0.00	59787.90	19183.52	0.000	0.000
333.00	21028.58	    0.00	78971.42	    0.00	78971.42	0.000	1.199	0.999	15747.88	100	100	    0.00	    0.00	59787.90	19183.52	0.000	0.000
334.00	21028.58	    0.00	78971.42	    0.00	78971.42	0.000	1.199	0.999	15747.88	100	100	    0.00	    0.00	59787.90	19183.52	0.000	0.000
335.00	21028.58	    0.00	78971.42	    0.00	78971.42	0.000	1.199	0.999	15747.88	100	100	    0.00	    0.00	59787.90	19183.52	0.000	0.000
336.00	21028.58	    0.00	78971.42	    0.00	78971.42	0.000	1.199	0.999	15747.88	100	100	    0.00	    0.00	59787.90	19183.52	0.000	0.000
337.00	21028.58	    0.00	78971.42	    0.00	78971.42	0.000	1.199	0.999	15747.88	100	100	    0.00	    0.00	59787.90	19183.52	0.000	0.000
338.00	21028.58	    0.00	78971.42	    0.00	78971.42	0.000	1.199	0.999	15747.88	100	100	    0.00	    0.00	59787.90	19183.52	0.000	0.000
339.00	21028.58	    0.00	78971.42	    0.00	78971.42	0.000	1.199	0.999	15747.88	100	100	    0.00	    0.00	59787.90	19183.52	0.000	0.000
340.00	21028.58	    0.00	78971.42	    0.00	78971.42	0.000	1.199	0.999	15747.88	100	100	    0.00	    0.00	59787.90	19183.52	0.000	0.000
341.00	21028.58	    0.00	78971.42	    0.00	78971.42	0.000	1.199	0.999	15747.88	100	100	    0.00	    0.00	59787.90	19183.52	0.000	0.000
342.00	21028.58	    0.00	78971.42	    0.00	78971.42	0.000	1.199	0.999	15747.88	100	100	    0.00	    0.00	59787.90	19183.52	0.000	0.000
343.00	21028.58	    0.00	78971.42	    0.00	78971.42	0.000	1.199	0.999	15747.88	100	100	    0.00	    0.00	59787.90	19183.52	0.000	0.000
344.00	21028.58	    0.00	78971.42	    0.00	78971.42	0.000	1.199	0.999	15747.88	100	100	    0.00	    0.00	59787.90	19183.52	0.000	0.000
345.00	21028.58	    0.00	78971.42	    0.00	78971.42	0.000	1.199	0.999	15747.88	100	100	    0.00	    0.00	59787.90	19183.52	0.000	0.000
346.00	21028.58	    0.00	78971.42	    0.00	78971.42	0.000	1.199	0.999	15747.88	100	100	    0.00	    0.00	59787.90	19183.52	0.000	0.000
347.00	21028.58	    0.00	78971.42	    0.00	78971.42	0.000	1.199	0.999	15747.88	100	100	    0.00	    0.00	59787.90	19183.52	0.000	0.000
348.00	21028.58	    0.00	78971.42	    0.00	78971.42	0.000	1.199	0.999	15747.88	100	100	    0.00	    0.00	59787.90	19183.52	0.000	0.000
349.00	21028.58	    0.00	78971.42	    0.00	78971.42	0.000	1.199	0.999	15747.88	100	100	    0.00	    0.00	59787.90	19183.52	0.000	0.000
350.00	21028.58	    0.00	78971.42	    0.00	78971.42	0.000	1.199	0.999	15747.88	100	100	    0.00	    0.00	59787.90	19183.52	0.000	0.000
351.00	21028.58	    0.00	78971.42	    0.00	78971.42	0.000	1.199	0.999	15747.88	100	100	    0.00	    0.00	59787.90	19183.52	0.000	0.000
352.00	21028.58	    0.00	78971.42	    0.00	78971.42	0.000	1.199	0.999	15747.88	100	100	    0.00	    0.00	59787.90	19183.52	0.000	0.000
353.00	21028.58	    0.00	78971.42	    0.00	78971.42	0.000	1.199	0.999	15747.88	100	100	    0.00	    0.00	59787.90	19183.52	0.000	0.000
354.00	21028.58	    0.00	78971.42	    0.00	78971.42	0.000	1.199	0.999	15747.88	100	100	    0.00	    0.00	59787.90	19183.52	0.000	0.000
355.00	21028.58	    0.00	78971.42	    0.00	78971.42	0.000	1.199	0.999	15747.88	100	100	    0.00	    0.00	59787.90	19183.52	0.000	0.000
356.00	21028.58	    0.00	78971.42	    0.00	78971.42	0.000	1.199	0.999	15747.88	100	100	    0.00	    0.00	59787.90	19183.52	0.000	0.000
357.00	21028.58	    0.00	78971.42	    0.00	78971.42	0.000	1.199	0.999	15747.88	100	100	    0.00	    0.00	59787.90	19183.52	0.000	0.000
358.00	21028.58	    0.00	78971.42	    0.00	78971.42	0.000	1.199	0.999	15747.88	100	100	    0.00	    0.00	59787.90	19183.52	0.000	0.000
359.00	21028.58	    0.00	78971.42	    0.00	78971.42	0.000	1.199	0.999	15747.88	100	100	    0.00	    0.00	59787.90	19183.52	0.000	0.000
360.00	21028.58	    0.00	78971.42	    0.00	78971.42	0.000	1.199	0.999	15747.88	100	100	    0.00	    0.00	59787.90	19183.52	0.000	0.000
361.00	21028.58	    0.00	78971.42	    0.00	78971.42	0.000	1.199	0.999	15747.88	100	100	    0.00	    0.00	59787.90	19183.52	0.000	0.000
362.00	21028.58	    0.00	78971.42	    0.00	78971.42	0.000	1.199	0.999	15747.88	100	100	    0.00	    0.00	59787.90	19183.52	0.000	0.000
363.00	21028.58	    0.00	78971.42	    0.00	78971.42	0.000	1.199	0.999	15747.88	100	100	    0.00	    0.00	59787.90	19183.52	0.000	0.000
364.00	21028.58	    0.00	78971.42	    0.00	78971.42	0.000	1.199	0.999	15747.88	100	100	    0.00	    0.00	59787.90	19183.52	0.000	0.000
365.00	21028.58	    0.00	78971.42	    0.00	78971.42	0.000	1.199	0.999	15747.88	100	100	    0.00	    0.00	59787.90	19183.52	0.000	0.000
366.00	21028.58	    0.00	78971.42	    0.00	78971.42	0.000	1.199	0.999	15747.88	100	100	    0.00	    0.00	59787.90	19183.52	0.000	0.000
367.00	21028.58	    0.00	78971.42	    0.00	78971.42	0.000	1.199	0.999	15747.88	100	100	    0.00	    0.00	59787.90	19183.52	0.000	0.000
368.00	21028.58	    0.00	78971.42	    0.00	78971.42	0.000	1.199	0.999	15747.88	100	100	    0.00	    0.00	59787.90	19183.52	0.000	0.000
369.00	21028.58	    0.00	78971.42	    0.00	78971.42	0.000	1.199	0.999	15747.88	100	100	    0.00	    0.00	59787.90	19183.52	0.000	0.000
370.00	21028.58	    0.00	78971.42	    0.00	78971.42	0.000	1.199	0.999	15747.88	100	100	    0.00	    0.00	59787.90	19183.52	0.000	0.000
371.00	21028.58	    0.00	78971.42	    0.00	78971.42	0.000	1.199	0.999	15747.88	100	100	    0.00	    0.00	59787.90	19183.52	0.000	0.000
372.00	21028.58	    0.00	78971.42	    0.00	78971.42	0.000	1.199	0.999	15747.88	100	100	    0.00	    0.00	59787.90	19183.52	0.000	0.000
373.00	21028.58	    0.00	78971.42	    0.00	78971.42	0.000	1.199	0.999	15747.88	100	100	    0.00	    0.00	59787.90	19183.52	0.000	0.000
374.00	21028.58	    0.00	78971.42	    0.00	78971.42	0.000	1.199	0.999	15747.88	100	100	    0.00	    0.00	59787.90	19183.52	0.000	0.000
375.00	21028.58	    0.00	78971.42	    0.00	78971.42	0.000	1.199	0.999	15747.88	100	100	    0.00	    0.00	59787.90	19183.52	0.000	0.000
376.00	21028.58	    0.00	78971.42	    0.00	78971.42	0.000	1.199	0.999	15747.88	100	100	    0.00	    0.00	59787.90	19183.52	0.000	0.000
377.00	21028.58	    0.00	78971.42	    0.00	78971.42	0.000	1.199	0.999	15747.88	100	100	    0.00	    0.00	59787.90	19183.52	0.000	0.000
378.00	21028.58	    0.00	78971.42	    0.00	78971.42	0.000	1.199	0.999	15747.88	100	100	    0.00	    0.00	59787.90	19183.52	0.000	0.000
379.00	21028.58	    0.00	78971.42	    0.00	78971.42	0.000	1.199	0.999	15747.88	100	100	    0.00	    0.00	59787.90	19183.52	0.000	0.000
380.00	21028.58	    0.00	78971.42	    0.00	78971.42	0.000	1.199	0.999	15747.88	100	100	    0.00	    0.00	59787.90	19183.52	0.000	0.000
381.00	21028.58	    0.00	78971.42	    0.00	78971.42	0.000	1.199	0.999	15747.88	100	100	    0.00	    0.00	59787.90	19183.52	0.000	0.000
382.00	21028.58	    0.00	78971.42	    0.00	78971.42	0.000	1.199	0.999	15747.88	100	100	    0.00	    0.00	59787.90	19183.52	0.000	0.000
383.00	21028.58	    0.00	78971.42	    0.00	78971.42	0.000	1.199	0.999	15747.88	100	100	    0.00	    0.00	59787.90	19183.52	0.000	0.000
384.00	21028.58	    0.00	78971.42	    0.00	78971.42	0.000	1.199	0.999	15747.88	100	100	    0.00	    0.00	59787.90	19183.52	0.000	0.000
385.00	21028.58	    0.00	78971.42	    0.00	78971.42	0.000	1.199	0.999	15747.88	100	100	    0.00	    0.00	59787.90	19183.52	0.000	0.000
386.00	21028.58	    0.00	78971.42	    0.00	78971.42	0.000	1.199	0.999	15747.88	100	100	    0.00	    0.00	59787.90	19183.52	0.000	0.000
387.00	21028.58	    0.00	78971.42	    0.00	78971.42	0.000	1.199	0.999	15747.88	100	100	    0.00	    0.00	59787.90	19183.52	0.000	0.000
388.00	21028.58	    0.00	78971.42	    0.00	78971.42	0.000	1.199	0.999	15747.88	100	100	    0.00	    0.00	59787.90	19183.52	0.000	0.000
389.00	21028.58	    0.00	78971.42	    0.00	78971.42	0.000	1.199	0.999	15747.88	100	100	    0.00	    0.00	59787.90	19183.52	0.000	0.000
390.00	21028.58	    0.00	78971.42	    0.00	78971.42	0.000	1.199	0.999	15747.88	100	100	    0.00	    0.00	59787.90	19183.52	0.000	0.000
391.00	21028.58	    0.00	78971.42	    0.00	78971.42	0.000	1.199	0.999	15747.88	100	100	    0.00	    0.00	59787.90	19183.52	0.000	0.000
392.00	21028.58	    0.00	78971.42	    0.00	78971.42	0.000	1.199	0.999	15747.88	100	100	    0.00	    0.00	59787.90	19183.52	0.000	0.000
393.00	21028.58	    0.00	78971.42	    0.00	78971.42	0.000	1.199	0.999	15747.88	100	100	    0.00	    0.00	59787.90	19183.52	0.000	0.000
394.00	21028.58	    0.00	78971.42	    0.00	78971.42	0.000	1.199	0.999	15747.88	100	100	    0.00	    0.00	59787.90	19183.52	0.000	0.000
395.00	21028.58	    0.00	78971.42	    0.00	78971.42	0.000	1.199	0.999	15747.88	100	100	    0.00	    0.00	59787.90	19183.52	0.000	0.000
396.00	21028.58	    0.00	78971.42	    0.00	78971.42	0.000	1.199	0.999	15747.88	100	100	    0.00	    0.00	59787.90	19183.52	0.000	0.000
397.00	21028.58	    0.00	78971.42	    0.00	78971.42	0.000	1.199	0.999	15747.88	100	100	    0.00	    0.00	59787.90	19183.52	0.000	0.000
398.00	21028.58	    0.00	78971.42	    0.00	78971.42	0.000	1.199	0.999	15747.88	100	100	    0.00	    0.00	59787.90	19183.52	0.000	0.000
399.00	21028.58	    0.00	78971.42	    0.00	78971.42	0.000	1.199	0.999	15747.88	100	100	    0.00	    0.00	59787.90	19183.52	0.000	0.000
400.00	21028.58	    0.00	78971.42	    0.00	78971.42	0.000	1.199	0.999	15747.88	100	100	    0.00	    0.00	59787.90	19183.52	0.000	0.000
401.00	21028.58	    0.00	78971.42	    0.00	78971.42	0.000	1.199	0.999	15747.88	100	100	    0.00	    0.00	59787.90	19183.52	0.000	0.000
402.00	21028.58	    0.00	78971.42	    0.00	78971.42	0.000	1.199	0.999	15747.88	100	100	    0.00	    0.00	59787.90	19183.52	0.000	0.000
403.00	21028.58	    0.00	78971.42	    0.00	78971.42	0.000	1.199	0.999	15747.88	100	100	    0.00	    0.00	59787.90	19183.52	0.000	0.000
404.00	21028.58	    0.00	78971.42	    0.00	78971.42	0.000	1.199	0.999	15747.88	100	100	    0.00	    0.00	59787.90	19183.52	0.000	0.000
405.00	21028.58	    0.00	78971.42	    0.00	78971.42	0.000	1.199	0.999	15747.88	100	100	    0.00	    0.00	59787.90	19183.52	0.000	0.000
406.00	21028.58	    0.00	78971.42	    0.00	78971.42	0.000	1.199	0.999	15747.88	100	100	    0.00	    0.00	59787.90	19183.52	0.000	0.000
407.00	21028.58	    0.00	78971.42	    0.00	78971.42	0.000	1.199	0.999	15747.88	100	100	    0.00	    0.00	59787.90	19183.52	0.000	0.000
408.00	21028.58	    0.00	78971.42	    0.00	78971.42	0.000	1.199	0.999	15747.88	100	100	    0.00	    0.00	59787.90	19183.52	0.000	0.000
409.00	21028.58	    0.00	78971.42	    0.00	78971.42	0.000	1.199	0.999	15747.88	100	100	    0.00	    0.00	59787.90	19183.52	0.000	0.000
410.00	21028.58	    0.00	78971.42	    0.00	78971.42	0.000	1.199	0.999	15747.88	100	100	    0.00	    0.00	59787.90	19183.52	0.000	0.000
411.00	21028.58	    0.00	78971.42	    0.00	78971.42	0.000	1.199	0.999	15747.88	100	100	    0.00	    0.00	59787.90	19183.52	0.000	0.000
412.00	21028.58	    0.00	78971.42	    0.00	78971.42	0.000	1.199	0.999	15747.88	100	100	    0.00	    0.00	59787.90	19183.52	0.000	0.000
413.00	21028.58	    0.00	78971.42	    0.00	78971.42	0.000	1.199	0.999	15747.88	100	100	    0.00	    0.00	59787.90	19183.52	0.000	0.000
414.00	21028.58	    0.00	78971.42	    0.00	78971.42	0.000	1.199	0.999	15747.88	100	100	    0.00	    0.00	59787.90	19183.52	0.000	0.000
415.00	21028.58	    0.00	78971.42	    0.00	78971.42	0.000	1.199	0.999	15747.88	100	100	    0.00	    0.00	59787.90	19183.52	0.000	0.000
416.00	21028.58	    0.00	78971.42	    0.00	78971.42	0.000	1.199	0.999	15747.88	100	100	    0.00	    0.00	59787.90	19183.52	0.000	0.000
417.00	21028.58	    0.00	78971.42	    0.00	78971.42	0.000	1.199	0.999	15747.88	100	100	    0.00	    0.00	59787.90	19183.52	0.000	0.000
418.00	21028.58	    0.00	78971.42	    0.00	78971.42	0.000	1.199	0.999	15747.88	100	100	    0.00	    0.00	59787.90	19183.52	0.000	0.000
419.00	21028.58	    0.00	78971.42	    0.00	78971.42	0.000	1.199	0.999	15747.88	100	100	    0.00	    0.00	59787.90	19183.52	0.000	0.000
420.00	21028.58	    0.00	78971.42	    0.00	78971.42	0.000	1.199	0.999	15747.88	100	100	    0.00	    0.00	59787.90	19183.52	0.000	0.000
421.00	21028.58	    0.00	78971.42	    0.00	78971.42	0.000	1.199	0.999	15747.88	100	100	    0.00	    0.00	59787.90	19183.52	0.000	0.000
422.00	21028.58	    0.00	78971.42	    0.00	78971.42	0.000	1.199	0.999	15747.88	100	100	    0.00	    0.00	59787.90	19183.52	0.000	0.000
423.00	21028.58	    0.00	78971.42	    0.00	78971.42	0.000	1.199	0.999	15747.88	100	100	    0.00	    0.00	59787.90	19183.52	0.000	0.000
424.00	21028.58	    0.00	78971.42	    0.00	78971.42	0.000	1.199	0.999	15747.88	100	100	    0.00	    0.00	59787.90	19183.52	0.000	0.000
425.00	21028.58	    0.00	78971.42	    0.00	78971.42	0.000	1.199	0.999	15747.88	100	100	    0.00	    0.00	59787.90	19183.52	0.000	0.000
426.00	21028.58	    0.00	78971.42	    0.00	78971.42	0.000	1.199	0.999	15747.88	100	100	    0.00	    0.00	59787.90	19183.52	0.000	0.000
427.00	21028.58	    0.00	78971.42	    0.00	78971.42	0.000	1.199	0.999	15747.88	100	100	    0.00	    0.00	59787.90	19183.52	0.000	0.000
428.00	21028.58	    0.00	78971.42	    0.00	78971.42	0.000	1.199	0.999	15747.88	100	100	    0.00	    0.00	59787.90	19183.52	0.000	0.000
429.00	21028.58	    0.00	78971.42	    0.00	78971.42	0.000	1.199	0.999	15747.88	100	100	    0.00	    0.00	59787.90	19183.52	0.000	0.000
430.00	21028.58	    0.00	78971.42	    0.00	78971.42	0.000	1.199	0.999	15747.88	100	100	    0.00	    0.00	59787.90	19183.52	0.000	0.000
431.00	21028.58	    0.00	78971.42	    0.00	78971.42	0.000	1.199	0.999	15747.88	100	100	    0.00	    0.00	59787.90	19183.52	0.000	0.000
432.00	21028.58	    0.00	78971.42	    0.00	78971.42	0.000	1.199	0.999	15747.88	100	100	    0.00	    0.00	59787.90	19183.52	0.000	0.000
433.00	21028.58	    0.00	78971.42	    0.00	78971.42	0.000	1.199	0.999	15747.88	100	100	    0.00	    0.00	59787.90	19183.52	0.000	0.000
434.00	21028.58	    0.00	78971.42	    0.00	78971.42	0.000	1.199	0.999	15747.88	100	100	    0.00	    0.00	59787.90	19183.52	0.000	0.000
435.00	21028.58	    0.00	78971.42	    0.00	78971.42	0.000	1.199	0.999	15747.88	100	100	    0.00	    0.00	59787.90	19183.52	0.000	0.000
436.00	21028.58	    0.00	78971.42	    0.00	78971.42	0.000	1.199	0.999	15747.88	100	100	    0.00	    0.00	59787.90	19183.52	0.000	0.000
437.00	21028.58	    0.00	78971.42	    0.00	78971.42	0.000	1.199	0.999	15747.88	100	100	    0.00	    0.00	59787.90	19183.52	0.000	0.000
438.00	21028.58	    0.00	78971.42	    0.00	78971.42	0.000	1.199	0.999	15747.88	100	100	    0.00	    0.00	59787.90	19183.52	0.000	0.000
439.00	21028.58	    0.00	78971.42	    0.00	78971.42	0.000	1.199	0.999	15747.88	100	100	    0.00	    0.00	59787.90	19183.52	0.000	0.000
440.00	21028.58	    0.00	78971.42	    0.00	78971.42	0.000	1.199	0.999	15747.88	100	100	    0.00	    0.00	59787.90	19183.52	0.000	0.000
441.00	21028.58	    0.00	78971.42	    0.00	78971.42	0.000	1.199	0.999	15747.88	100	100	    0.00	    0.00	59787.90	19183.52	0.000	0.000
442.00	21028.58	    0.00	78971.42	    0.00	78971.42	0.000	1.199	0.999	15747.88	100	100	    0.00	    0.00	59787.90	19183.52	0.000	0.000
443.00	21028.58	    0.00	78971.42	    0.00	78971.42	0.000	1.199	0.999	15747.88	100	100	    0.00	    0.00	59787.90	19183.52	0.000	0.000
444.00	21028.58	    0.00	78971.42	    0.00	78971.42	0.000	1.199	0.999	15747.88	100	100	    0.00	    0.00	59787.90	19183.52	0.000	0.000
445.00	21028.58	    0.00	78971.42	    0.00	78971.42	0.000	1.199	0.999	15747.88	100	100	    0.00	    0.00	59787.90	19183.52	0.000	0.000
446.00	21028.58	    0.00	78971.42	    0.00	78971.42	0.000	1.199	0.999	15747.88	100	100	    0.00	    0.00	59787.90	19183.52	0.000	0.000
447.00	21028.58	    0.00	78971.42	    0.00	78971.42	0.000	1.199	0.999	15747.88	100	100	    0.00	    0.00	59787.90	19183.52	0.000	0.000
448.00	21028.58	    0.00	78971.42	    0.00	78971.42	0.000	1.199	0.999	15747.88	100	100	    0.00	    0.00	59787.90	19183.52	0.000	0.000
449.00	21028.58	    0.00	78971.42	    0.00	78971.42	0.000	1.199	0.999	15747.88	100	100	    0.00	    0.00	59787.90	19183.52	0.000	0.000
450.00	21028.58	    0.00	78971.42	    0.00	78971.42	0.000	1.199	0.999	15747.88	100	100	    0.00	    0.00	59787.90	19183.52	0.000	0.000
451.00	21028.58	    0.00	78971.42	    0.00	78971.42	0.000	1.199	0.999	15747.88	100	100	    0.00	    0.00	59787.90	19183.52	0.000	0.000
452.00	21028.58	    0.00	78971.42	    0.00	78971.42	0.000	1.199	0.999	15747.88	100	100	    0.00	    0.00	59787.90	19183.52	0.000	0.000
453.00	21028.58	    0.00	78971.42	    0.00	78971.42	0.000	1.199	0.999	15747.88	100	100	    0.00	    0.00	59787.90	19183.52	0.000	0.000
454.00	21028.58	    0.00	78971.42	    0.00	78971.42	0.000	1.199	0.999	15747.88	100	100	    0.00	    0.00	59787.90	19183.52	0.000	0.000
455.00	21028.58	    0.00	78971.42	    0.00	78971.42	0.000	1.199	0.999	15747.88	100	100	    0.00	    0.00	59787.90	19183.52	0.000	0.000
456.00	21028.58	    0.00	78971.42	    0.00	78971.42	0.000	1.199	0.999	15747.88	100	100	    0.00	    0.00	59787.90	19183.52	0.000	0.000
457.00	21028.58	    0.00	78971.42	    0.00	78971.42	0.000	1.199	0.999	15747.88	100	100	    0.00	    0.00	59787.90	19183.52	0.000	0.000
458.00	21028.58	    0.00	78971.42	    0.00	78971.42	0.000	1.199	0.999	15747.88	100	100	    0.00	    0.00	59787.90	19183.52	0.000	0.000
459.00	21028.58	    0.00	78971.42	    0.00	78971.42	0.000	1.199	0.999	15747.88	100	100	    0.00	    0.00	59787.90	19183.52	0.000	0.000
460.00	21028.58	    0.00	78971.42	    0.00	78971.42	0.000	1.199	0.999	15747.88	100	100	    0.00	    0.00	59787.90	19183.52	0.000	0.000
461.00	21028.58	    0.00	78971.42	    0.00	78971.42	0.000	1.199	0.999	15747.88	100	100	    0.00	    0.00	59787.90	19183.52	0.000	0.000
462.00	21028.58	    0.00	78971.42	    0.00	78971.42	0.000	1.199	0.999	15747.88	100	100	    0.00	    0.00	59787.90	19183.52	0.000	0.000
463.00	21028.58	    0.00	78971.42	    0.00	78971.42	0.000	1.199	0.999	15747.88	100	100	    0.00	    0.00	59787.90	19183.52	0.000	0.000
464.00	21028.58	    0.00	78971.42	    0.00	78971.42	0.000	1.199	0.999	15747.88	100	100	    0.00	    0.00	59787.90	19183.52	0.000	0.000
465.00	21028.58	    0.00	78971.42	    0.00	78971.42	0.000	1.199	0.999	15747.88	100	100	    0.00	    0.00	59787.90	19183.52	0.000	0.000
466.00	21028.58	    0.00	78971.42	    0.00	78971.42	0.000	1.199	0.999	15747.88	100	100	    0.00	    0.00	59787.90	19183.52	0.000	0.000
467.00	21028.58	    0.00	78971.42	    0.00	78971.42	0.000	1.199	0.999	15747.88	100	100	    0.00	    0.00	59787.90	19183.52	0.000	0.000
468.00	21028.58	    0.00	78971.42	    0.00	78971.42	0.000	1.199	0.999	15747.88	100	100	    0.00	    0.00	59787.90	19183.52	0.000	0.000
469.00	21028.58	    0.00	78971.42	    0.00	78971.42	0.000	1.199	0.999	15747.88	100	100	    0.00	    0.00	59787.90	19183.52	0.000	0.000
470.00	21028.58	    0.00	78971.42	    0.00	78971.42	0.000	1.199	0.999	15747.88	100	100	    0.00	    0.00	59787.90	19183.52	0.000	0.000
471.00	21028.58	    0.00	78971.42	    0.00	78971.42	0.000	1.199	0.999	15747.88	100	100	    0.00	    0.00	59787.90	19183.52	0.000	0.000
472.00	21028.58	    0.00	78971.42	    0.00	78971.42	0.000	1.199	0.999	15747.88	100	100	    0.00	    0.00	59787.90	19183.52	0.000	0.000
473.00	21028.58	    0.00	78971.42	    0.00	78971.42	0.000	1.199	0.999	15747.88	100	100	    0.00	    0.00	59787.90	19183.52	0.000	0.000
474.00	21028.58	    0.00	78971.42	    0.00	78971.42	0.000	1.199	0.999	15747.88	100	100	    0.00	    0.00	59787.90	19183.52	0.000	0.000
475.00	21028.58	    0.00	78971.42	    0.00	78971.42	0.000	1.199	0.999	15747.88	100	100	    0.00	    0.00	59787.90	19183.52	0.000	0.000
476.00	21028.58	    0.00	78971.42	    0.00	78971.42	0.000	1.199	0.999	15747.88	100	100	    0.00	    0.00	59787.90	19183.52	0.000	0.000
477.00	21028.58	    0.00	78971.42	    0.00	78971.42	0.000	1.199	0.999	15747.88	100	100	    0.00	    0.00	59787.90	19183.52	0.000	0.000
478.00	21028.58	    0.00	78971.42	    0.00	78971.42	0.000	1.199	0.999	15747.88	100	100	    0.00	    0.00	59787.90	19183.52	0.000	0.000
479.00	21028.58	    0.00	78971.42	    0.00	78971.42	0.000	1.199	0.999	15747.88	100	100	    0.00	    0.00	59787.90	19183.52	0.000	0.000
480.00	21028.58	    0.00	78971.42	    0.00	78971.42	0.000	1.199	0.999	15747.88	100	100	    0.00	    0.00	59787.90	19183.52	0.000	0.000
481.00	21028.58	    0.00	78971.42	    0.00	78971.42	0.000	1.199	0.999	15747.88	100	100	    0.00	    0.00	59787.90	19183.52	0.000	0.000
482.00	21028.58	    0.00	78971.42	    0.00	78971.42	0.000	1.199	0.999	15747.88	100	100	    0.00	    0.00	59787.90	19183.52	0.000	0.000
483.00	21028.58	    0.00	78971.42	    0.00	78971.42	0.000	1.199	0.999	15747.88	100	100	    0.00	    0.00	59787.90	19183.52	0.000	0.000
484.00	21028.58	    0.00	78971.42	    0.00	78971.42	0.000	1.199	0.999	15747.88	100	100	    0.00	    0.00	59787.90	19183.52	0.000	0.000
485.00	21028.58	    0.00	78971.42	    0.00	78971.42	0.000	1.199	0.999	15747.88	100	100	    0.00	    0.00	59787.90	19183.52	0.000	0.000
486.00	21028.58	    0.00	78971.42	    0.00	78971.42	0.000	1.199	0.999	15747.88	100	100	    0.00	    0.00	59787.90	19183.52	0.000	0.000
487.00	21028.58	    0.00	78971.42	    0.00	78971.42	0.000	1.199	0.999	15747.88	100	100	    0.00	    0.00	59787.90	19183.52	0.000	0.000
488.00	21028.58	    0.00	78971.42	    0.00	78971.42	0.000	1.199	0.999	15747.88	100	100	    0.00	    0.00	59787.90	19183.52	0.000	0.000
489.00	21028.58	    0.00	78971.42	    0.00	78971.42	0.000	1.199	0.999	15747.88	100	100	    0.00	    0.00	59787.90	19183.52	0.000	0.000
490.00	21028.58	    0.00	78971.42	    0.00	78971.42	0.000	1.199	0.999	15747.88	100	100	    0.00	    0.00	59787.90	19183.52	0.000	0.000
491.00	21028.58	    0.00	78971.42	    0.00	78971.42	0.000	1.199	0.999	15747.88	100	100	    0.00	    0.00	59787.90	19183.52	0.000	0.000
492.00	21028.58	    0.00	78971.42	    0.00	78971.42	0.000	1.199	0.999	15747.88	100	100	    0.00	    0.00	59787.90	19183.52	0.000	0.000
493.00	21028.58	    0.00	78971.42	    0.00	78971.42	0.000	1.199	0.999	15747.88	100	100	    0.00	    0.00	59787.90	19183.52	0.000	0.000
494.00	21028.58	    0.00	78971.42	    0.00	78971.42	0.000	1.199	0.999	15747.88	100	100	    0.00	    0.00	59787.90	19183.52	0.000	0.000
495.00	21028.58	    0.00	78971.42	    0.00	78971.42	0.000	1.199	0.999	15747.88	100	100	    0.00	    0.00	59787.90	19183.52	0.000	0.000
496.00	21028.58	    0.00	78971.42	    0.00	78971.42	0.000	1.199	0.999	15747.88	100	100	    0.00	    0.00	59787.90	19183.52	0.000	0.000
497.00	21028.58	    0.00	78971.42	    0.00	78971.42	0.000	1.199	0.999	15747.88	100	100	    0.00	    0.00	59787.90	19183.52	0.000	0.000
498.00	21028.58	    0.00	78971.42	    0.00	78971.42	0.000	1.199	0.999	15747.88	100	100	    0.00	    0.00	59787.90	19183.52	0.000	0.000
499.00	21028.58	    0.00	78971.42	    0.00	78971.42	0.000	1.199	0.999	15747.88	100	100	    0.00	    0.00	59787.90	19183.52	0.000	0.000
500.00	21028.58	    0.00	78971.42	    0.00	78971.42	0.000	1.199	0.999	15747.88	100	100	    0.00	    0.00	59787.90	19183.52	0.000	0.000
