0.00	99950.00	   50.00	    0.00	    0.00	   50.00	0.000	1.836	1.832	    0.24	 17	  0	    0.00	    0.00	   39.00	   11.00	0.000	0.000
1.00	99949.81	   50.19	    0.00	    0.19	   50.19	0.000	1.953	1.952	    0.09	 68	 17	    0.10	    0.09	   39.10	   11.09	0.538	0.462
2.00	99946.63	   52.05	    1.32	    3.24	   53.37	0.901	2.015	2.013	    0.08	 99	 68	    2.59	    0.66	   41.66	   11.72	0.798	0.202
3.00	99930.53	   63.63	    5.84	   16.13	   69.47	0.311	2.005	2.004	    0.09	100	 99	   12.20	    3.93	   53.83	   15.64	0.756	0.244
4.00	99895.30	   91.10	   13.60	   35.23	  104.70	0.285	2.007	2.005	    0.16	100	100	   26.74	    8.49	   80.57	   24.13	0.759	0.241
5.00	99850.12	  120.69	   29.19	   45.18	  149.88	0.320	2.011	2.009	    0.35	100	100	   34.91	   10.27	  115.48	   34.40	0.773	0.227
6.00	99793.34	  154.22	   52.44	   56.78	  206.66	0.263	2.014	2.011	    0.64	100	100	   43.57	   13.21	  159.05	   47.61	0.767	0.233
7.00	99718.33	  200.61	   81.06	   75.01	  281.67	0.254	2.009	2.004	    1.33	100	100	   58.65	   16.36	  217.70	   63.97	0.782	0.218
8.00	99622.83	  257.44	  119.73	   95.50	  377.17	0.256	2.005	1.999	    2.29	100	100	   73.82	   21.68	  291.52	   85.65	0.773	0.227
9.00	99500.35	  330.74	  168.91	  122.48	  499.65	0.250	2.000	1.993	    3.65	100	100	   94.68	   27.80	  386.20	  113.45	0.773	0.227
10.00	99342.25	  425.04	  232.71	  158.10	  657.75	0.251	1.994	1.985	    5.81	100	100	  122.81	   35.29	  509.01	  148.74	0.777	0.223
11.00	99139.39	  545.23	  315.38	  202.86	  860.61	0.250	1.989	1.978	    9.40	100	100	  156.70	   46.16	  665.71	  194.90	0.772	0.228
12.00	98880.76	  699.02	  420.22	  258.63	 1119.24	0.249	1.987	1.974	   14.97	100	100	  200.26	   58.37	  865.97	  253.27	0.774	0.226
13.00	98547.74	  896.37	  555.89	  333.02	 1452.26	0.249	1.983	1.965	   25.16	100	100	  257.67	   75.35	 1123.64	  328.62	0.774	0.226
14.00	98126.71	 1141.52	  731.77	  421.03	 1873.29	0.245	1.979	1.958	   40.25	100	100	  324.13	   96.90	 1447.77	  425.52	0.770	0.230
15.00	97587.34	 1458.01	  954.65	  539.37	 2412.66	0.243	1.972	1.944	   66.03	100	100	  414.93	  124.44	 1862.70	  549.96	0.769	0.231
16.00	96905.04	 1853.92	 1241.04	  682.30	 3094.96	0.242	1.965	1.931	  106.81	100	100	  527.03	  155.27	 2389.73	  705.23	0.772	0.228
17.00	96044.76	 2347.85	 1607.39	  860.28	 3955.24	0.238	1.956	1.913	  170.62	100	100	  663.94	  196.34	 3053.67	  901.57	0.772	0.228
18.00	94954.38	 2971.21	 2074.41	 1090.38	 5045.62	0.236	1.946	1.892	  271.62	100	100	  839.94	  250.44	 3893.61	 1152.01	0.770	0.230
19.00	93596.83	 3734.49	 2668.68	 1357.55	 6403.17	0.232	1.934	1.867	  423.44	100	100	 1046.51	  311.04	 4940.12	 1463.05	0.771	0.229
20.00	91905.15	 4663.35	 3431.50	 1691.68	 8094.85	0.225	1.917	1.836	  655.18	100	100	 1308.39	  383.29	 6248.51	 1846.34	0.773	0.227
21.00	89825.96	 5777.84	 4396.20	 2079.19	10174.04	0.218	1.896	1.798	  996.44	100	100	 1606.07	  473.12	 7854.58	 2319.46	0.772	0.228
22.00	87294.80	 7088.92	 5616.28	 2531.16	12705.20	0.209	1.870	1.753	 1488.89	100	100	 1955.76	  575.40	 9810.34	 2894.86	0.773	0.227
23.00	84256.25	 8600.26	 7143.49	 3038.55	15743.75	0.199	1.840	1.703	 2166.90	100	100	 2348.26	  690.29	12158.60	 3585.15	0.773	0.227
24.00	80692.40	10250.49	 9057.11	 3563.85	19307.60	0.184	1.805	1.646	 3063.26	100	100	 2754.15	  809.70	14912.75	 4394.85	0.773	0.227
25.00	76568.70	12020.76	11410.54	 4123.70	23431.30	0.167	1.764	1.584	 4208.99	100	100	 3187.91	  935.79	18100.66	 5330.64	0.773	0.227
26.00	71929.87	13776.06	14294.07	 4638.83	28070.13	0.148	1.718	1.519	 5575.51	100	100	 3584.09	 1054.74	21684.75	 6385.38	0.773	0.227
27.00	66852.43	15388.78	17758.79	 5077.44	33147.57	0.124	1.668	1.452	 7131.56	100	100	 3923.22	 1154.22	25607.97	 7539.60	0.773	0.227
28.00	61520.64	16623.38	21855.98	 5331.79	38479.36	0.094	1.614	1.387	 8755.96	100	100	 4121.66	 1210.13	29729.63	 8749.73	0.773	0.227
29.00	56004.10	17476.11	26519.79	 5516.54	43995.90	0.064	1.560	1.324	10383.55	100	100	 4260.16	 1256.38	33989.79	10006.11	0.772	0.228
30.00	50640.07	17568.16	31791.77	 5364.03	49359.93	0.028	1.506	1.266	11857.82	100	100	 4147.26	 1216.77	38137.05	11222.88	0.773	0.227
31.00	45528.90	17052.71	37418.39	 5111.17	54471.10	-0.012	1.455	1.215	13117.48	100	100	 3957.38	 1153.79	42094.43	12376.67	0.774	0.226
32.00	40869.42	15853.82	43276.76	 4659.48	59130.58	-0.051	1.409	1.170	14114.06	100	100	 3597.19	 1062.29	45691.62	13438.96	0.772	0.228
33.00	36779.50	14138.98	49081.52	 4089.92	63220.50	-0.094	1.368	1.133	14852.32	100	100	 3160.33	  929.59	48851.95	14368.55	0.773	0.227
34.00	33286.88	12147.32	54565.80	 3492.62	66713.12	-0.133	1.334	1.103	15376.86	100	100	 2700.48	  792.14	51552.43	15160.69	0.773	0.227
35.00	30394.02	10070.50	59535.48	 2892.86	69605.98	-0.170	1.305	1.079	15724.54	100	100	 2235.16	  657.70	53787.59	15818.39	0.773	0.227
36.00	28066.14	 8079.67	63854.19	 2327.88	71933.86	-0.204	1.281	1.060	15945.86	100	100	 1798.60	  529.28	55586.19	16347.67	0.773	0.227
37.00	26215.15	 6343.89	67440.96	 1850.99	73784.85	-0.231	1.263	1.045	16082.82	100	100	 1431.32	  419.67	57017.51	16767.34	0.773	0.227
38.00	24770.24	 4881.71	70348.05	 1444.91	75229.76	-0.252	1.249	1.034	16165.73	100	100	 1115.17	  329.74	58132.68	17097.08	0.772	0.228
39.00	23658.04	 3691.08	72650.88	 1112.20	76341.96	-0.271	1.237	1.025	16213.56	100	100	  859.26	  252.94	58991.94	17350.02	0.773	0.227
40.00	22805.82	 2773.47	74420.71	  852.22	77194.18	-0.283	1.229	1.019	16241.94	100	100	  658.76	  193.46	59650.70	17543.48	0.773	0.227
41.00	22163.30	 2060.05	75776.65	  642.52	77836.70	-0.292	1.222	1.014	16258.39	100	100	  496.38	  146.14	60147.08	17689.62	0.773	0.227
42.00	21682.73	 1524.29	76792.98	  480.57	78317.27	-0.299	1.218	1.010	16268.39	100	100	  372.09	  108.48	60519.17	17798.10	0.774	0.226
43.00	21322.17	 1132.16	77545.67	  360.56	78677.83	-0.299	1.214	1.007	16273.34	100	100	  279.73	   80.83	60798.90	17878.93	0.776	0.224
44.00	21049.90	  841.22	78108.88	  272.27	78950.10	-0.297	1.211	1.005	16276.11	100	100	  211.59	   60.68	61010.49	17939.61	0.777	0.223
45.00	20847.72	  620.66	78531.62	  202.18	79152.28	-0.301	1.209	1.004	16277.62	100	100	  155.44	   46.74	61165.93	17986.35	0.769	0.231
46.00	20696.14	  458.75	78845.11	  151.58	79303.86	-0.303	1.208	1.003	16278.26	100	100	  116.81	   34.77	61282.74	18021.12	0.771	0.229
47.00	20586.39	  334.94	79078.67	  109.75	79413.61	-0.308	1.207	1.002	16278.59	100	100	   84.90	   24.85	61367.64	18045.97	0.774	0.226
48.00	20503.65	  249.37	79246.98	   82.74	79496.35	-0.305	1.206	1.001	16278.88	100	100	   64.28	   18.46	61431.92	18064.43	0.777	0.223
49.00	20442.82	  183.90	79373.28	   60.83	79557.18	-0.300	1.205	1.001	16279.08	100	100	   46.46	   14.37	61478.38	18078.80	0.764	0.236
50.00	20397.52	  135.75	79466.73	   45.30	79602.48	-0.304	1.205	1.000	16279.15	100	100	   34.98	   10.32	61513.36	18089.12	0.772	0.228
51.00	20364.26	  100.14	79535.60	   33.26	79635.74	-0.304	1.204	1.000	16279.21	100	100	   25.75	    7.51	61539.11	18096.63	0.774	0.226
52.00	20339.38	   73.73	79586.89	   24.88	79660.62	-0.305	1.204	1.000	16279.23	100	100	   19.24	    5.64	61558.35	18102.27	0.773	0.227
53.00	20321.28	   54.26	79624.46	   18.10	79678.72	-0.306	1.204	1.000	16279.24	100	100	   14.14	    3.96	61572.49	18106.23	0.781	0.219
54.00	20307.70	   40.48	79651.82	   13.58	79692.30	-0.300	1.204	1.000	16279.24	100	100	   10.17	    3.41	61582.66	18109.64	0.749	0.251
55.00	20297.96	   29.69	79672.35	    9.74	79702.04	-0.301	1.204	1.000	16279.25	100	100	    7.51	    2.23	61590.17	18111.87	0.771	0.229
56.00	20290.53	   22.54	79686.93	    7.43	79709.47	-0.293	1.204	1.000	16279.25	100	100	    5.85	    1.58	61596.02	18113.45	0.787	0.213
57.00	20284.85	   16.80	79698.35	    5.68	79715.15	-0.285	1.204	0.999	16279.25	100	100	    4.37	    1.31	61600.39	18114.76	0.769	0.231
58.00	20280.88	   12.26	79706.86	    3.97	79719.12	-0.304	1.204	0.999	16279.25	100	100	    3.32	    0.65	61603.71	18115.41	0.836	0.164
59.00	20277.61	    9.46	79712.93	    3.27	79722.39	-0.287	1.204	0.999	16279.25	100	100	    2.59	    0.68	61606.30	18116.09	0.792	0.208
60.00	20275.41	    6.75	79717.84	    2.20	79724.59	-0.298	1.204	0.999	16279.25	100	100	    1.67	    0.53	61607.97	18116.62	0.759	0.241
61.00	20273.74	    5.12	79721.14	    1.67	79726.26	-0.307	1.204	0.999	16279.25	100	100	    1.27	    0.40	61609.24	18117.02	0.760	0.240
62.00	20272.42	    3.93	79723.65	    1.32	79727.58	-0.270	1.204	0.999	16279.25	100	100	    0.97	    0.35	61610.21	18117.37	0.735	0.265
63.00	20271.57	    2.67	79725.76	    0.85	79728.43	-0.326	1.204	0.999	16279.25	100	100	    0.65	    0.20	61610.86	18117.57	0.765	0.235
64.00	20270.85	    2.19	79726.96	    0.72	79729.15	-0.292	1.204	0.999	16279.25	100	100	    0.55	    0.17	61611.41	18117.74	0.764	0.236
65.00	20270.32	    1.63	79728.05	    0.53	79729.68	-0.247	1.204	0.999	16279.25	100	100	    0.37	    0.16	61611.78	18117.90	0.698	0.302
66.00	20269.90	    1.29	79728.81	    0.42	79730.10	-0.265	1.204	0.999	16279.25	100	100	    0.36	    0.06	61612.14	18117.96	0.857	0.143
67.00	20269.56	    1.03	79729.41	    0.34	79730.44	-0.230	1.204	0.999	16279.25	100	100	    0.27	    0.07	61612.41	18118.03	0.794	0.206
68.00	20269.30	    0.77	79729.93	    0.26	79730.70	-0.258	1.204	0.999	16279.25	100	100	    0.25	    0.01	61612.66	18118.04	0.962	0.038
69.00	20269.16	    0.49	79730.35	    0.14	79730.84	-0.371	1.204	0.999	16279.25	100	100	    0.10	    0.04	61612.76	18118.08	0.714	0.286
70.00	20268.98	    0.46	79730.56	    0.18	79731.02	-0.258	1.204	0.999	16279.25	100	100	    0.17	    0.01	61612.93	18118.09	0.944	0.056
71.00	20268.87	    0.32	79730.81	    0.11	79731.13	-0.213	1.204	0.999	16279.25	100	100	    0.08	    0.03	61613.01	18118.12	0.727	0.273
72.00	20268.77	    0.26	79730.97	    0.10	79731.23	-0.285	1.204	0.999	16279.25	100	100	    0.06	    0.04	61613.07	18118.16	0.600	0.400
73.00	20268.73	    0.15	79731.12	    0.04	79731.27	-0.379	1.204	0.999	16279.25	100	100	    0.03	    0.01	61613.10	18118.17	0.750	0.250
74.00	20268.71	    0.11	79731.18	    0.02	79731.29	-0.430	1.204	0.999	16279.25	100	100	    0.01	    0.01	61613.11	18118.18	0.500	0.500
75.00	20268.66	    0.13	79731.21	    0.05	79731.34	-0.072	1.204	0.999	16279.25	100	100	    0.04	    0.01	61613.15	18118.19	0.800	0.200
76.00	20268.65	    0.07	79731.28	    0.01	79731.35	-0.226	1.204	0.999	16279.25	100	100	    0.01	    0.00	61613.16	18118.19	1.000	0.000
77.00	20268.61	    0.09	79731.30	    0.04	79731.39	-0.184	1.204	0.999	16279.25	100	100	    0.03	    0.01	61613.19	18118.20	0.750	0.250
78.00	20268.58	    0.07	79731.35	    0.03	79731.42	0.000	1.204	0.999	16279.25	100	100	    0.01	    0.02	61613.20	18118.22	0.333	0.667
79.00	20268.58	    0.04	79731.38	    0.00	79731.42	-0.405	1.204	0.999	16279.25	100	100	    0.00	    0.00	61613.20	18118.22	0.000	0.000
80.00	20268.56	    0.06	79731.38	    0.02	79731.44	-0.077	1.204	0.999	16279.25	100	100	    0.01	    0.01	61613.21	18118.23	0.500	0.500
81.00	20268.55	    0.05	79731.40	    0.01	79731.45	0.112	1.204	0.999	16279.25	100	100	    0.01	    0.00	61613.22	18118.23	1.000	0.000
82.00	20268.54	    0.05	79731.41	    0.01	79731.46	-0.091	1.204	0.999	16279.25	100	100	    0.01	    0.00	61613.23	18118.23	1.000	0.000
83.00	20268.53	    0.05	79731.42	    0.01	79731.47	0.000	1.204	0.999	16279.25	100	100	    0.01	    0.00	61613.24	18118.23	1.000	0.000
84.00	20268.51	    0.05	79731.44	    0.02	79731.49	0.000	1.204	0.999	16279.25	100	100	    0.02	    0.00	61613.26	18118.23	1.000	0.000
85.00	20268.50	    0.03	79731.47	    0.01	79731.50	-0.255	1.204	0.999	16279.25	100	100	    0.01	    0.00	61613.27	18118.23	1.000	0.000
86.00	20268.50	    0.01	79731.49	    0.00	79731.50	-0.805	1.204	0.999	16279.25	100	100	    0.00	    0.00	61613.27	18118.23	0.000	0.000
87.00	20268.50	    0.01	79731.49	    0.00	79731.50	-0.549	1.204	0.999	16279.25	100	100	    0.00	    0.00	61613.27	18118.23	0.000	0.000
88.00	20268.49	    0.02	79731.49	    0.01	79731.51	0.347	1.204	0.999	16279.25	100	100	    0.01	    0.00	61613.28	18118.23	1.000	0.000
89.00	20268.49	    0.00	79731.51	    0.00	79731.51	0.000	1.204	0.999	16279.25	100	100	    0.00	    0.00	61613.28	18118.23	0.000	0.000
90.00	20268.49	    0.00	79731.51	    0.00	79731.51	-0.347	1.204	0.999	16279.25	100	100	    0.00	    0.00	61613.28	18118.23	0.000	0.000
91.00	20268.49	    0.00	79731.51	    0.00	79731.51	0.000	1.204	0.999	16279.25	100	100	    0.00	    0.00	61613.28	18118.23	0.000	0.000
92.00	20268.49	    0.00	79731.51	    0.00	79731.51	0.000	1.204	0.999	16279.25	100	100	    0.00	    0.00	61613.28	18118.23	0.000	0.000
93.00	20268.49	    0.00	79731.51	    0.00	79731.51	0.000	1.204	0.999	16279.25	100	100	    0.00	    0.00	61613.28	18118.23	0.000	0.000
94.00	20268.49	    0.00	79731.51	    0.00	79731.51	0.000	1.204	0.999	16279.25	100	100	    0.00	    0.00	61613.28	18118.23	0.000	0.000
95.00	20268.49	    0.00	79731.51	    0.00	79731.51	0.000	1.204	0.999	16279.25	100	100	    0.00	    0.00	61613.28	18118.23	0.000	0.000
96.00	20268.49	    0.00	79731.51	    0.00	79731.51	0.000	1.204	0.999	16279.25	100	100	    0.00	    0.00	61613.28	18118.23	0.000	0.000
97.00	20268.49	    0.00	79731.51	    0.00	79731.51	0.000	1.204	0.999	16279.25	100	100	    0.00	    0.00	61613.28	18118.23	0.000	0.000
98.00	20268.49	    0.00	79731.51	    0.00	79731.51	0.000	1.204	0.999	16279.25	100	100	    0.00	    0.00	61613.28	18118.23	0.000	0.000
99.00	20268.49	    0.00	79731.51	    0.00	79731.51	0.000	1.204	0.999	16279.25	100	100	    0.00	    0.00	61613.28	18118.23	0.000	0.000
100.00	20268.49	    0.00	79731.51	    0.00	79731.51	0.000	1.204	0.999	16279.25	100	100	    0.00	    0.00	61613.28	18118.23	0.000	0.000
101.00	20268.49	    0.00	79731.51	    0.00	79731.51	0.000	1.204	0.999	16279.25	100	100	    0.00	    0.00	61613.28	18118.23	0.000	0.000
102.00	20268.49	    0.00	79731.51	    0.00	79731.51	0.000	1.204	0.999	16279.25	100	100	    0.00	    0.00	61613.28	18118.23	0.000	0.000
103.00	20268.49	    0.00	79731.51	    0.00	79731.51	0.000	1.204	0.999	16279.25	100	100	    0.00	    0.00	61613.28	18118.23	0.000	0.000
104.00	20268.49	    0.00	79731.51	    0.00	79731.51	0.000	1.204	0.999	16279.25	100	100	    0.00	    0.00	61613.28	18118.23	0.000	0.000
105.00	20268.49	    0.00	79731.51	    0.00	79731.51	0.000	1.204	0.999	16279.25	100	100	    0.00	    0.00	61613.28	18118.23	0.000	0.000
106.00	20268.49	    0.00	79731.51	    0.00	79731.51	0.000	1.204	0.999	16279.25	100	100	    0.00	    0.00	61613.28	18118.23	0.000	0.000
107.00	20268.49	    0.00	79731.51	    0.00	79731.51	0.000	1.204	0.999	16279.25	100	100	    0.00	    0.00	61613.28	18118.23	0.000	0.000
108.00	20268.49	    0.00	79731.51	    0.00	79731.51	0.000	1.204	0.999	16279.25	100	100	    0.00	    0.00	61613.28	18118.23	0.000	0.000
109.00	20268.49	    0.00	79731.51	    0.00	79731.51	0.000	1.204	0.999	16279.25	100	100	    0.00	    0.00	61613.28	18118.23	0.000	0.000
110.00	20268.49	    0.00	79731.51	    0.00	79731.51	0.000	1.204	0.999	16279.25	100	100	    0.00	    0.00	61613.28	18118.23	0.000	0.000
111.00	20268.49	    0.00	79731.51	    0.00	79731.51	0.000	1.204	0.999	16279.25	100	100	    0.00	    0.00	61613.28	18118.23	0.000	0.000
112.00	20268.49	    0.00	79731.51	    0.00	79731.51	0.000	1.204	0.999	16279.25	100	100	    0.00	    0.00	61613.28	18118.23	0.000	0.000
113.00	20268.49	    0.00	79731.51	    0.00	79731.51	0.000	1.204	0.999	16279.25	100	100	    0.00	    0.00	61613.28	18118.23	0.000	0.000
114.00	20268.49	    0.00	79731.51	    0.00	79731.51	0.000	1.204	0.999	16279.25	100	100	    0.00	    0.00	61613.28	18118.23	0.000	0.000
115.00	20268.49	    0.00	79731.51	    0.00	79731.51	0.000	1.204	0.999	16279.25	100	100	    0.00	    0.00	61613.28	18118.23	0.000	0.000
116.00	20268.49	    0.00	79731.51	    0.00	79731.51	0.000	1.204	0.999	16279.25	100	100	    0.00	    0.00	61613.28	18118.23	0.000	0.000
117.00	20268.49	    0.00	79731.51	    0.00	79731.51	0.000	1.204	0.999	16279.25	100	100	    0.00	    0.00	61613.28	18118.23	0.000	0.000
118.00	20268.49	    0.00	79731.51	    0.00	79731.51	0.000	1.204	0.999	16279.25	100	100	    0.00	    0.00	61613.28	18118.23	0.000	0.000
119.00	20268.49	    0.00	79731.51	    0.00	79731.51	0.000	1.204	0.999	16279.25	100	100	    0.00	    0.00	61613.28	18118.23	0.000	0.000
120.00	20268.49	    0.00	79731.51	    0.00	79731.51	0.000	1.204	0.999	16279.25	100	100	    0.00	    0.00	61613.28	18118.23	0.000	0.000
121.00	20268.49	    0.00	79731.51	    0.00	79731.51	0.000	1.204	0.999	16279.25	100	100	    0.00	    0.00	61613.28	18118.23	0.000	0.000
122.00	20268.49	    0.00	79731.51	    0.00	79731.51	0.000	1.204	0.999	16279.25	100	100	    0.00	    0.00	61613.28	18118.23	0.000	0.000
123.00	20268.49	    0.00	79731.51	    0.00	79731.51	0.000	1.204	0.999	16279.25	100	100	    0.00	    0.00	61613.28	18118.23	0.000	0.000
124.00	20268.49	    0.00	79731.51	    0.00	79731.51	0.000	1.204	0.999	16279.25	100	100	    0.00	    0.00	61613.28	18118.23	0.000	0.000
125.00	20268.49	    0.00	79731.51	    0.00	79731.51	0.000	1.204	0.999	16279.25	100	100	    0.00	    0.00	61613.28	18118.23	0.000	0.000
126.00	20268.49	    0.00	79731.51	    0.00	79731.51	0.000	1.204	0.999	16279.25	100	100	    0.00	    0.00	61613.28	18118.23	0.000	0.000
127.00	20268.49	    0.00	79731.51	    0.00	79731.51	0.000	1.204	0.999	16279.25	100	100	    0.00	    0.00	61613.28	18118.23	0.000	0.000
128.00	20268.49	    0.00	79731.51	    0.00	79731.51	0.000	1.204	0.999	16279.25	100	100	    0.00	    0.00	61613.28	18118.23	0.000	0.000
129.00	20268.49	    0.00	79731.51	    0.00	79731.51	0.000	1.204	0.999	16279.25	100	100	    0.00	    0.00	61613.28	18118.23	0.000	0.000
130.00	20268.49	    0.00	79731.51	    0.00	79731.51	0.000	1.204	0.999	16279.25	100	100	    0.00	    0.00	61613.28	18118.23	0.000	0.000
131.00	20268.49	    0.00	79731.51	    0.00	79731.51	0.000	1.204	0.999	16279.25	100	100	    0.00	    0.00	61613.28	18118.23	0.000	0.000
132.00	20268.49	    0.00	79731.51	    0.00	79731.51	0.000	1.204	0.999	16279.25	100	100	    0.00	    0.00	61613.28	18118.23	0.000	0.000
133.00	20268.49	    0.00	79731.51	    0.00	79731.51	0.000	1.204	0.999	16279.25	100	100	    0.00	    0.00	61613.28	18118.23	0.000	0.000
134.00	20268.49	    0.00	79731.51	    0.00	79731.51	0.000	1.204	0.999	16279.25	100	100	    0.00	    0.00	61613.28	18118.23	0.000	0.000
135.00	20268.49	    0.00	79731.51	    0.00	79731.51	0.000	1.204	0.999	16279.25	100	100	    0.00	    0.00	61613.28	18118.23	0.000	0.000
136.00	20268.49	    0.00	79731.51	    0.00	79731.51	0.000	1.204	0.999	16279.25	100	100	    0.00	    0.00	61613.28	18118.23	0.000	0.000
137.00	20268.49	    0.00	79731.51	    0.00	79731.51	0.000	1.204	0.999	16279.25	100	100	    0.00	    0.00	61613.28	18118.23	0.000	0.000
138.00	20268.49	    0.00	79731.51	    0.00	79731.51	0.000	1.204	0.999	16279.25	100	100	    0.00	    0.00	61613.28	18118.23	0.000	0.000
139.00	20268.49	    0.00	79731.51	    0.00	79731.51	0.000	1.204	0.999	16279.25	100	100	    0.00	    0.00	61613.28	18118.23	0.000	0.000
140.00	20268.49	    0.00	79731.51	    0.00	79731.51	0.000	1.204	0.999	16279.25	100	100	    0.00	    0.00	61613.28	18118.23	0.000	0.000
141.00	20268.49	    0.00	79731.51	    0.00	79731.51	0.000	1.204	0.999	16279.25	100	100	    0.00	    0.00	61613.28	18118.23	0.000	0.000
142.00	20268.49	    0.00	79731.51	    0.00	79731.51	0.000	1.204	0.999	16279.25	100	100	    0.00	    0.00	61613.28	18118.23	0.000	0.000
143.00	20268.49	    0.00	79731.51	    0.00	79731.51	0.000	1.204	0.999	16279.25	100	100	    0.00	    0.00	61613.28	18118.23	0.000	0.000
144.00	20268.49	    0.00	79731.51	    0.00	79731.51	0.000	1.204	0.999	16279.25	100	100	    0.00	    0.00	61613.28	18118.23	0.000	0.000
145.00	20268.49	    0.00	79731.51	    0.00	79731.51	0.000	1.204	0.999	16279.25	100	100	    0.00	    0.00	61613.28	18118.23	0.000	0.000
146.00	20268.49	    0.00	79731.51	    0.00	79731.51	0.000	1.204	0.999	16279.25	100	100	    0.00	    0.00	61613.28	18118.23	0.000	0.000
147.00	20268.49	    0.00	79731.51	    0.00	79731.51	0.000	1.204	0.999	16279.25	100	100	    0.00	    0.00	61613.28	18118.23	0.000	0.000
148.00	20268.49	    0.00	79731.51	    0.00	79731.51	0.000	1.204	0.999	16279.25	100	100	    0.00	    0.00	61613.28	18118.23	0.000	0.000
149.00	20268.49	    0.00	79731.51	    0.00	79731.51	0.000	1.204	0.999	16279.25	100	100	    0.00	    0.00	61613.28	18118.23	0.000	0.000
150.00	20268.49	    0.00	79731.51	    0.00	79731.51	0.000	1.204	0.999	16279.25	100	100	    0.00	    0.00	61613.28	18118.23	0.000	0.000
151.00	20268.49	    0.00	79731.51	    0.00	79731.51	0.000	1.204	0.999	16279.25	100	100	    0.00	    0.00	61613.28	18118.23	0.000	0.000
152.00	20268.49	    0.00	79731.51	    0.00	79731.51	0.000	1.204	0.999	16279.25	100	100	    0.00	    0.00	61613.28	18118.23	0.000	0.000
153.00	20268.49	    0.00	79731.51	    0.00	79731.51	0.000	1.204	0.999	16279.25	100	100	    0.00	    0.00	61613.28	18118.23	0.000	0.000
154.00	20268.49	    0.00	79731.51	    0.00	79731.51	0.000	1.204	0.999	16279.25	100	100	    0.00	    0.00	61613.28	18118.23	0.000	0.000
155.00	20268.49	    0.00	79731.51	    0.00	79731.51	0.000	1.204	0.999	16279.25	100	100	    0.00	    0.00	61613.28	18118.23	0.000	0.000
156.00	20268.49	    0.00	79731.51	    0.00	79731.51	0.000	1.204	0.999	16279.25	100	100	    0.00	    0.00	61613.28	18118.23	0.000	0.000
157.00	20268.49	    0.00	79731.51	    0.00	79731.51	0.000	1.204	0.999	16279.25	100	100	    0.00	    0.00	61613.28	18118.23	0.000	0.000
158.00	20268.49	    0.00	79731.51	    0.00	79731.51	0.000	1.204	0.999	16279.25	100	100	    0.00	    0.00	61613.28	18118.23	0.000	0.000
159.00	20268.49	    0.00	79731.51	    0.00	79731.51	0.000	1.204	0.999	16279.25	100	100	    0.00	    0.00	61613.28	18118.23	0.000	0.000
160.00	20268.49	    0.00	79731.51	    0.00	79731.51	0.000	1.204	0.999	16279.25	100	100	    0.00	    0.00	61613.28	18118.23	0.000	0.000
161.00	20268.49	    0.00	79731.51	    0.00	79731.51	0.000	1.204	0.999	16279.25	100	100	    0.00	    0.00	61613.28	18118.23	0.000	0.000
162.00	20268.49	    0.00	79731.51	    0.00	79731.51	0.000	1.204	0.999	16279.25	100	100	    0.00	    0.00	61613.28	18118.23	0.000	0.000
163.00	20268.49	    0.00	79731.51	    0.00	79731.51	0.000	1.204	0.999	16279.25	100	100	    0.00	    0.00	61613.28	18118.23	0.000	0.000
164.00	20268.49	    0.00	79731.51	    0.00	79731.51	0.000	1.204	0.999	16279.25	100	100	    0.00	    0.00	61613.28	18118.23	0.000	0.000
165.00	20268.49	    0.00	79731.51	    0.00	79731.51	0.000	1.204	0.999	16279.25	100	100	    0.00	    0.00	61613.28	18118.23	0.000	0.000
166.00	20268.49	    0.00	79731.51	    0.00	79731.51	0.000	1.204	0.999	16279.25	100	100	    0.00	    0.00	61613.28	18118.23	0.000	0.000
167.00	20268.49	    0.00	79731.51	    0.00	79731.51	0.000	1.204	0.999	16279.25	100	100	    0.00	    0.00	61613.28	18118.23	0.000	0.000
168.00	20268.49	    0.00	79731.51	    0.00	79731.51	0.000	1.204	0.999	16279.25	100	100	    0.00	    0.00	61613.28	18118.23	0.000	0.000
169.00	20268.49	    0.00	79731.51	    0.00	79731.51	0.000	1.204	0.999	16279.25	100	100	    0.00	    0.00	61613.28	18118.23	0.000	0.000
170.00	20268.49	    0.00	79731.51	    0.00	79731.51	0.000	1.204	0.999	16279.25	100	100	    0.00	    0.00	61613.28	18118.23	0.000	0.000
171.00	20268.49	    0.00	79731.51	    0.00	79731.51	0.000	1.204	0.999	16279.25	100	100	    0.00	    0.00	61613.28	18118.23	0.000	0.000
172.00	20268.49	    0.00	79731.51	    0.00	79731.51	0.000	1.204	0.999	16279.25	100	100	    0.00	    0.00	61613.28	18118.23	0.000	0.000
173.00	20268.49	    0.00	79731.51	    0.00	79731.51	0.000	1.204	0.999	16279.25	100	100	    0.00	    0.00	61613.28	18118.23	0.000	0.000
174.00	20268.49	    0.00	79731.51	    0.00	79731.51	0.000	1.204	0.999	16279.25	100	100	    0.00	    0.00	61613.28	18118.23	0.000	0.000
175.00	20268.49	    0.00	79731.51	    0.00	79731.51	0.000	1.204	0.999	16279.25	100	100	    0.00	    0.00	61613.28	18118.23	0.000	0.000
176.00	20268.49	    0.00	79731.51	    0.00	79731.51	0.000	1.204	0.999	16279.25	100	100	    0.00	    0.00	61613.28	18118.23	0.000	0.000
177.00	20268.49	    0.00	79731.51	    0.00	79731.51	0.000	1.204	0.999	16279.25	100	100	    0.00	    0.00	61613.28	18118.23	0.000	0.000
178.00	20268.49	    0.00	79731.51	    0.00	79731.51	0.000	1.204	0.999	16279.25	100	100	    0.00	    0.00	61613.28	18118.23	0.000	0.000
179.00	20268.49	    0.00	79731.51	    0.00	79731.51	0.000	1.204	0.999	16279.25	100	100	    0.00	    0.00	61613.28	18118.23	0.000	0.000
180.00	20268.49	    0.00	79731.51	    0.00	79731.51	0.000	1.204	0.999	16279.25	100	100	    0.00	    0.00	61613.28	18118.23	0.000	0.000
181.00	20268.49	    0.00	79731.51	    0.00	79731.51	0.000	1.204	0.999	16279.25	100	100	    0.00	    0.00	61613.28	18118.23	0.000	0.000
182.00	20268.49	    0.00	79731.51	    0.00	79731.51	0.000	1.204	0.999	16279.25	100	100	    0.00	    0.00	61613.28	18118.23	0.000	0.000
183.00	20268.49	    0.00	79731.51	    0.00	79731.51	0.000	1.204	0.999	16279.25	100	100	    0.00	    0.00	61613.28	18118.23	0.000	0.000
184.00	20268.49	    0.00	79731.51	    0.00	79731.51	0.000	1.204	0.999	16279.25	100	100	    0.00	    0.00	61613.28	18118.23	0.000	0.000
185.00	20268.49	    0.00	79731.51	    0.00	79731.51	0.000	1.204	0.999	16279.25	100	100	    0.00	    0.00	61613.28	18118.23	0.000	0.000
186.00	20268.49	    0.00	79731.51	    0.00	79731.51	0.000	1.204	0.999	16279.25	100	100	    0.00	    0.00	61613.28	18118.23	0.000	0.000
187.00	20268.49	    0.00	79731.51	    0.00	79731.51	0.000	1.204	0.999	16279.25	100	100	    0.00	    0.00	61613.28	18118.23	0.000	0.000
188.00	20268.49	    0.00	79731.51	    0.00	79731.51	0.000	1.204	0.999	16279.25	100	100	    0.00	    0.00	61613.28	18118.23	0.000	0.000
189.00	20268.49	    0.00	79731.51	    0.00	79731.51	0.000	1.204	0.999	16279.25	100	100	    0.00	    0.00	61613.28	18118.23	0.000	0.000
190.00	20268.49	    0.00	79731.51	    0.00	79731.51	0.000	1.204	0.999	16279.25	100	100	    0.00	    0.00	61613.28	18118.23	0.000	0.000
191.00	20268.49	    0.00	79731.51	    0.00	79731.51	0.000	1.204	0.999	16279.25	100	100	    0.00	    0.00	61613.28	18118.23	0.000	0.000
192.00	20268.49	    0.00	79731.51	    0.00	79731.51	0.000	1.204	0.999	16279.25	100	100	    0.00	    0.00	61613.28	18118.23	0.000	0.000
193.00	20268.49	    0.00	79731.51	    0.00	79731.51	0.000	1.204	0.999	16279.25	100	100	    0.00	    0.00	61613.28	18118.23	0.000	0.000
194.00	20268.49	    0.00	79731.51	    0.00	79731.51	0.000	1.204	0.999	16279.25	100	100	    0.00	    0.00	61613.28	18118.23	0.000	0.000
195.00	20268.49	    0.00	79731.51	    0.00	79731.51	0.000	1.204	0.999	16279.25	100	100	    0.00	    0.00	61613.28	18118.23	0.000	0.000
196.00	20268.49	    0.00	79731.51	    0.00	79731.51	0.000	1.204	0.999	16279.25	100	100	    0.00	    0.00	61613.28	18118.23	0.000	0.000
197.00	20268.49	    0.00	79731.51	    0.00	79731.51	0.000	1.204	0.999	16279.25	100	100	    0.00	    0.00	61613.28	18118.23	0.000	0.000
198.00	20268.49	    0.00	79731.51	    0.00	79731.51	0.000	1.204	0.999	16279.25	100	100	    0.00	    0.00	61613.28	18118.23	0.000	0.000
199.00	20268.49	    0.00	79731.51	    0.00	79731.51	0.000	1.204	0.999	16279.25	100	100	    0.00	    0.00	61613.28	18118.23	0.000	0.000
200.00	20268.49	    0.00	79731.51	    0.00	79731.51	0.000	1.204	0.999	16279.25	100	100	    0.00	    0.00	61613.28	18118.23	0.000	0.000
201.00	20268.49	    0.00	79731.51	    0.00	79731.51	0.000	1.204	0.999	16279.25	100	100	    0.00	    0.00	61613.28	18118.23	0.000	0.000
202.00	20268.49	    0.00	79731.51	    0.00	79731.51	0.000	1.204	0.999	16279.25	100	100	    0.00	    0.00	61613.28	18118.23	0.000	0.000
203.00	20268.49	    0.00	79731.51	    0.00	79731.51	0.000	1.204	0.999	16279.25	100	100	    0.00	    0.00	61613.28	18118.23	0.000	0.000
204.00	20268.49	    0.00	79731.51	    0.00	79731.51	0.000	1.204	0.999	16279.25	100	100	    0.00	    0.00	61613.28	18118.23	0.000	0.000
205.00	20268.49	    0.00	79731.51	    0.00	79731.51	0.000	1.204	0.999	16279.25	100	100	    0.00	    0.00	61613.28	18118.23	0.000	0.000
206.00	20268.49	    0.00	79731.51	    0.00	79731.51	0.000	1.204	0.999	16279.25	100	100	    0.00	    0.00	61613.28	18118.23	0.000	0.000
207.00	20268.49	    0.00	79731.51	    0.00	79731.51	0.000	1.204	0.999	16279.25	100	100	    0.00	    0.00	61613.28	18118.23	0.000	0.000
208.00	20268.49	    0.00	79731.51	    0.00	79731.51	0.000	1.204	0.999	16279.25	100	100	    0.00	    0.00	61613.28	18118.23	0.000	0.000
209.00	20268.49	    0.00	79731.51	    0.00	79731.51	0.000	1.204	0.999	16279.25	100	100	    0.00	    0.00	61613.28	18118.23	0.000	0.000
210.00	20268.49	    0.00	79731.51	    0.00	79731.51	0.000	1.204	0.999	16279.25	100	100	    0.00	    0.00	61613.28	18118.23	0.000	0.000
211.00	20268.49	    0.00	79731.51	    0.00	79731.51	0.000	1.204	0.999	16279.25	100	100	    0.00	    0.00	61613.28	18118.23	0.000	0.000
212.00	20268.49	    0.00	79731.51	    0.00	79731.51	0.000	1.204	0.999	16279.25	100	100	    0.00	    0.00	61613.28	18118.23	0.000	0.000
213.00	20268.49	    0.00	79731.51	    0.00	79731.51	0.000	1.204	0.999	16279.25	100	100	    0.00	    0.00	61613.28	18118.23	0.000	0.000
214.00	20268.49	    0.00	79731.51	    0.00	79731.51	0.000	1.204	0.999	16279.25	100	100	    0.00	    0.00	61613.28	18118.23	0.000	0.000
215.00	20268.49	    0.00	79731.51	    0.00	79731.51	0.000	1.204	0.999	16279.25	100	100	    0.00	    0.00	61613.28	18118.23	0.000	0.000
216.00	20268.49	    0.00	79731.51	    0.00	79731.51	0.000	1.204	0.999	16279.25	100	100	    0.00	    0.00	61613.28	18118.23	0.000	0.000
217.00	20268.49	    0.00	79731.51	    0.00	79731.51	0.000	1.204	0.999	16279.25	100	100	    0.00	    0.00	61613.28	18118.23	0.000	0.000
218.00	20268.49	    0.00	79731.51	    0.00	79731.51	0.000	1.204	0.999	16279.25	100	100	    0.00	    0.00	61613.28	18118.23	0.000	0.000
219.00	20268.49	    0.00	79731.51	    0.00	79731.51	0.000	1.204	0.999	16279.25	100	100	    0.00	    0.00	61613.28	18118.23	0.000	0.000
220.00	20268.49	    0.00	79731.51	    0.00	79731.51	0.000	1.204	0.999	16279.25	100	100	    0.00	    0.00	61613.28	18118.23	0.000	0.000
221.00	20268.49	    0.00	79731.51	    0.00	79731.51	0.000	1.204	0.999	16279.25	100	100	    0.00	    0.00	61613.28	18118.23	0.000	0.000
222.00	20268.49	    0.00	79731.51	    0.00	79731.51	0.000	1.204	0.999	16279.25	100	100	    0.00	    0.00	61613.28	18118.23	0.000	0.000
223.00	20268.49	    0.00	79731.51	    0.00	79731.51	0.000	1.204	0.999	16279.25	100	100	    0.00	    0.00	61613.28	18118.23	0.000	0.000
224.00	20268.49	    0.00	79731.51	    0.00	79731.51	0.000	1.204	0.999	16279.25	100	100	    0.00	    0.00	61613.28	18118.23	0.000	0.000
225.00	20268.49	    0.00	79731.51	    0.00	79731.51	0.000	1.204	0.999	16279.25	100	100	    0.00	    0.00	61613.28	18118.23	0.000	0.000
226.00	20268.49	    0.00	79731.51	    0.00	79731.51	0.000	1.204	0.999	16279.25	100	100	    0.00	    0.00	61613.28	18118.23	0.000	0.000
227.00	20268.49	    0.00	79731.51	    0.00	79731.51	0.000	1.204	0.999	16279.25	100	100	    0.00	    0.00	61613.28	18118.23	0.000	0.000
228.00	20268.49	    0.00	79731.51	    0.00	79731.51	0.000	1.204	0.999	16279.25	100	100	    0.00	    0.00	61613.28	18118.23	0.000	0.000
229.00	20268.49	    0.00	79731.51	    0.00	79731.51	0.000	1.204	0.999	16279.25	100	100	    0.00	    0.00	61613.28	18118.23	0.000	0.000
230.00	20268.49	    0.00	79731.51	    0.00	79731.51	0.000	1.204	0.999	16279.25	100	100	    0.00	    0.00	61613.28	18118.23	0.000	0.000
231.00	20268.49	    0.00	79731.51	    0.00	79731.51	0.000	1.204	0.999	16279.25	100	100	    0.00	    0.00	61613.28	18118.23	0.000	0.000
232.00	20268.49	    0.00	79731.51	    0.00	79731.51	0.000	1.204	0.999	16279.25	100	100	    0.00	    0.00	61613.28	18118.23	0.000	0.000
233.00	20268.49	    0.00	79731.51	    0.00	79731.51	0.000	1.204	0.999	16279.25	100	100	    0.00	    0.00	61613.28	18118.23	0.000	0.000
234.00	20268.49	    0.00	79731.51	    0.00	79731.51	0.000	1.204	0.999	16279.25	100	100	    0.00	    0.00	61613.28	18118.23	0.000	0.000
235.00	20268.49	    0.00	79731.51	    0.00	79731.51	0.000	1.204	0.999	16279.25	100	100	    0.00	    0.00	61613.28	18118.23	0.000	0.000
236.00	20268.49	    0.00	79731.51	    0.00	79731.51	0.000	1.204	0.999	16279.25	100	100	    0.00	    0.00	61613.28	18118.23	0.000	0.000
237.00	20268.49	    0.00	79731.51	    0.00	79731.51	0.000	1.204	0.999	16279.25	100	100	    0.00	    0.00	61613.28	18118.23	0.000	0.000
238.00	20268.49	    0.00	79731.51	    0.00	79731.51	0.000	1.204	0.999	16279.25	100	100	    0.00	    0.00	61613.28	18118.23	0.000	0.000
239.00	20268.49	    0.00	79731.51	    0.00	79731.51	0.000	1.204	0.999	16279.25	100	100	    0.00	    0.00	61613.28	18118.23	0.000	0.000
240.00	20268.49	    0.00	79731.51	    0.00	79731.51	0.000	1.204	0.999	16279.25	100	100	    0.00	    0.00	61613.28	18118.23	0.000	0.000
241.00	20268.49	    0.00	79731.51	    0.00	79731.51	0.000	1.204	0.999	16279.25	100	100	    0.00	    0.00	61613.28	18118.23	0.000	0.000
242.00	20268.49	    0.00	79731.51	    0.00	79731.51	0.000	1.204	0.999	16279.25	100	100	    0.00	    0.00	61613.28	18118.23	0.000	0.000
243.00	20268.49	    0.00	79731.51	    0.00	79731.51	0.000	1.204	0.999	16279.25	100	100	    0.00	    0.00	61613.28	18118.23	0.000	0.000
244.00	20268.49	    0.00	79731.51	    0.00	79731.51	0.000	1.204	0.999	16279.25	100	100	    0.00	    0.00	61613.28	18118.23	0.000	0.000
245.00	20268.49	    0.00	79731.51	    0.00	79731.51	0.000	1.204	0.999	16279.25	100	100	    0.00	    0.00	61613.28	18118.23	0.000	0.000
246.00	20268.49	    0.00	79731.51	    0.00	79731.51	0.000	1.204	0.999	16279.25	100	100	    0.00	    0.00	61613.28	18118.23	0.000	0.000
247.00	20268.49	    0.00	79731.51	    0.00	79731.51	0.000	1.204	0.999	16279.25	100	100	    0.00	    0.00	61613.28	18118.23	0.000	0.000
248.00	20268.49	    0.00	79731.51	    0.00	79731.51	0.000	1.204	0.999	16279.25	100	100	    0.00	    0.00	61613.28	18118.23	0.000	0.000
249.00	20268.49	    0.00	79731.51	    0.00	79731.51	0.000	1.204	0.999	16279.25	100	100	    0.00	    0.00	61613.28	18118.23	0.000	0.000
250.00	20268.49	    0.00	79731.51	    0.00	79731.51	0.000	1.204	0.999	16279.25	100	100	    0.00	    0.00	61613.28	18118.23	0.000	0.000
251.00	20268.49	    0.00	79731.51	    0.00	79731.51	0.000	1.204	0.999	16279.25	100	100	    0.00	    0.00	61613.28	18118.23	0.000	0.000
252.00	20268.49	    0.00	79731.51	    0.00	79731.51	0.000	1.204	0.999	16279.25	100	100	    0.00	    0.00	61613.28	18118.23	0.000	0.000
253.00	20268.49	    0.00	79731.51	    0.00	79731.51	0.000	1.204	0.999	16279.25	100	100	    0.00	    0.00	61613.28	18118.23	0.000	0.000
254.00	20268.49	    0.00	79731.51	    0.00	79731.51	0.000	1.204	0.999	16279.25	100	100	    0.00	    0.00	61613.28	18118.23	0.000	0.000
255.00	20268.49	    0.00	79731.51	    0.00	79731.51	0.000	1.204	0.999	16279.25	100	100	    0.00	    0.00	61613.28	18118.23	0.000	0.000
256.00	20268.49	    0.00	79731.51	    0.00	79731.51	0.000	1.204	0.999	16279.25	100	100	    0.00	    0.00	61613.28	18118.23	0.000	0.000
257.00	20268.49	    0.00	79731.51	    0.00	79731.51	0.000	1.204	0.999	16279.25	100	100	    0.00	    0.00	61613.28	18118.23	0.000	0.000
258.00	20268.49	    0.00	79731.51	    0.00	79731.51	0.000	1.204	0.999	16279.25	100	100	    0.00	    0.00	61613.28	18118.23	0.000	0.000
259.00	20268.49	    0.00	79731.51	    0.00	79731.51	0.000	1.204	0.999	16279.25	100	100	    0.00	    0.00	61613.28	18118.23	0.000	0.000
260.00	20268.49	    0.00	79731.51	    0.00	79731.51	0.000	1.204	0.999	16279.25	100	100	    0.00	    0.00	61613.28	18118.23	0.000	0.000
261.00	20268.49	    0.00	79731.51	    0.00	79731.51	0.000	1.204	0.999	16279.25	100	100	    0.00	    0.00	61613.28	18118.23	0.000	0.000
262.00	20268.49	    0.00	79731.51	    0.00	79731.51	0.000	1.204	0.999	16279.25	100	100	    0.00	    0.00	61613.28	18118.23	0.000	0.000
263.00	20268.49	    0.00	79731.51	    0.00	79731.51	0.000	1.204	0.999	16279.25	100	100	    0.00	    0.00	61613.28	18118.23	0.000	0.000
264.00	20268.49	    0.00	79731.51	    0.00	79731.51	0.000	1.204	0.999	16279.25	100	100	    0.00	    0.00	61613.28	18118.23	0.000	0.000
265.00	20268.49	    0.00	79731.51	    0.00	79731.51	0.000	1.204	0.999	16279.25	100	100	    0.00	    0.00	61613.28	18118.23	0.000	0.000
266.00	20268.49	    0.00	79731.51	    0.00	79731.51	0.000	1.204	0.999	16279.25	100	100	    0.00	    0.00	61613.28	18118.23	0.000	0.000
267.00	20268.49	    0.00	79731.51	    0.00	79731.51	0.000	1.204	0.999	16279.25	100	100	    0.00	    0.00	61613.28	18118.23	0.000	0.000
268.00	20268.49	    0.00	79731.51	    0.00	79731.51	0.000	1.204	0.999	16279.25	100	100	    0.00	    0.00	61613.28	18118.23	0.000	0.000
269.00	20268.49	    0.00	79731.51	    0.00	79731.51	0.000	1.204	0.999	16279.25	100	100	    0.00	    0.00	61613.28	18118.23	0.000	0.000
270.00	20268.49	    0.00	79731.51	    0.00	79731.51	0.000	1.204	0.999	16279.25	100	100	    0.00	    0.00	61613.28	18118.23	0.000	0.000
271.00	20268.49	    0.00	79731.51	    0.00	79731.51	0.000	1.204	0.999	16279.25	100	100	    0.00	    0.00	61613.28	18118.23	0.000	0.000
272.00	20268.49	    0.00	79731.51	    0.00	79731.51	0.000	1.204	0.999	16279.25	100	100	    0.00	    0.00	61613.28	18118.23	0.000	0.000
273.00	20268.49	    0.00	79731.51	    0.00	79731.51	0.000	1.204	0.999	16279.25	100	100	    0.00	    0.00	61613.28	18118.23	0.000	0.000
274.00	20268.49	    0.00	79731.51	    0.00	79731.51	0.000	1.204	0.999	16279.25	100	100	    0.00	    0.00	61613.28	18118.23	0.000	0.000
275.00	20268.49	    0.00	79731.51	    0.00	79731.51	0.000	1.204	0.999	16279.25	100	100	    0.00	    0.00	61613.28	18118.23	0.000	0.000
276.00	20268.49	    0.00	79731.51	    0.00	79731.51	0.000	1.204	0.999	16279.25	100	100	    0.00	    0.00	61613.28	18118.23	0.000	0.000
277.00	20268.49	    0.00	79731.51	    0.00	79731.51	0.000	1.204	0.999	16279.25	100	100	    0.00	    0.00	61613.28	18118.23	0.000	0.000
278.00	20268.49	    0.00	79731.51	    0.00	79731.51	0.000	1.204	0.999	16279.25	100	100	    0.00	    0.00	61613.28	18118.23	0.000	0.000
279.00	20268.49	    0.00	79731.51	    0.00	79731.51	0.000	1.204	0.999	16279.25	100	100	    0.00	    0.00	61613.28	18118.23	0.000	0.000
280.00	20268.49	    0.00	79731.51	    0.00	79731.51	0.000	1.204	0.999	16279.25	100	100	    0.00	    0.00	61613.28	18118.23	0.000	0.000
281.00	20268.49	    0.00	79731.51	    0.00	79731.51	0.000	1.204	0.999	16279.25	100	100	    0.00	    0.00	61613.28	18118.23	0.000	0.000
282.00	20268.49	    0.00	79731.51	    0.00	79731.51	0.000	1.204	0.999	16279.25	100	100	    0.00	    0.00	61613.28	18118.23	0.000	0.000
283.00	20268.49	    0.00	79731.51	    0.00	79731.51	0.000	1.204	0.999	16279.25	100	100	    0.00	    0.00	61613.28	18118.23	0.000	0.000
284.00	20268.49	    0.00	79731.51	    0.00	79731.51	0.000	1.204	0.999	16279.25	100	100	    0.00	    0.00	61613.28	18118.23	0.000	0.000
285.00	20268.49	    0.00	79731.51	    0.00	79731.51	0.000	1.204	0.999	16279.25	100	100	    0.00	    0.00	61613.28	18118.23	0.000	0.000
286.00	20268.49	    0.00	79731.51	    0.00	79731.51	0.000	1.204	0.999	16279.25	100	100	    0.00	    0.00	61613.28	18118.23	0.000	0.000
287.00	20268.49	    0.00	79731.51	    0.00	79731.51	0.000	1.204	0.999	16279.25	100	100	    0.00	    0.00	61613.28	18118.23	0.000	0.000
288.00	20268.49	    0.00	79731.51	    0.00	79731.51	0.000	1.204	0.999	16279.25	100	100	    0.00	    0.00	61613.28	18118.23	0.000	0.000
289.00	20268.49	    0.00	79731.51	    0.00	79731.51	0.000	1.204	0.999	16279.25	100	100	    0.00	    0.00	61613.28	18118.23	0.000	0.000
290.00	20268.49	    0.00	79731.51	    0.00	79731.51	0.000	1.204	0.999	16279.25	100	100	    0.00	    0.00	61613.28	18118.23	0.000	0.000
291.00	20268.49	    0.00	79731.51	    0.00	79731.51	0.000	1.204	0.999	16279.25	100	100	    0.00	    0.00	61613.28	18118.23	0.000	0.000
292.00	20268.49	    0.00	79731.51	    0.00	79731.51	0.000	1.204	0.999	16279.25	100	100	    0.00	    0.00	61613.28	18118.23	0.000	0.000
293.00	20268.49	    0.00	79731.51	    0.00	79731.51	0.000	1.204	0.999	16279.25	100	100	    0.00	    0.00	61613.28	18118.23	0.000	0.000
294.00	20268.49	    0.00	79731.51	    0.00	79731.51	0.000	1.204	0.999	16279.25	100	100	    0.00	    0.00	61613.28	18118.23	0.000	0.000
295.00	20268.49	    0.00	79731.51	    0.00	79731.51	0.000	1.204	0.999	16279.25	100	100	    0.00	    0.00	61613.28	18118.23	0.000	0.000
296.00	20268.49	    0.00	79731.51	    0.00	79731.51	0.000	1.204	0.999	16279.25	100	100	    0.00	    0.00	61613.28	18118.23	0.000	0.000
297.00	20268.49	    0.00	79731.51	    0.00	79731.51	0.000	1.204	0.999	16279.25	100	100	    0.00	    0.00	61613.28	18118.23	0.000	0.000
298.00	20268.49	    0.00	79731.51	    0.00	79731.51	0.000	1.204	0.999	16279.25	100	100	    0.00	    0.00	61613.28	18118.23	0.000	0.000
299.00	20268.49	    0.00	79731.51	    0.00	79731.51	0.000	1.204	0.999	16279.25	100	100	    0.00	    0.00	61613.28	18118.23	0.000	0.000
300.00	20268.49	    0.00	79731.51	    0.00	79731.51	0.000	1.204	0.999	16279.25	100	100	    0.00	    0.00	61613.28	18118.23	0.000	0.000
301.00	20268.49	    0.00	79731.51	    0.00	79731.51	0.000	1.204	0.999	16279.25	100	100	    0.00	    0.00	61613.28	18118.23	0.000	0.000
302.00	20268.49	    0.00	79731.51	    0.00	79731.51	0.000	1.204	0.999	16279.25	100	100	    0.00	    0.00	61613.28	18118.23	0.000	0.000
303.00	20268.49	    0.00	79731.51	    0.00	79731.51	0.000	1.204	0.999	16279.25	100	100	    0.00	    0.00	61613.28	18118.23	0.000	0.000
304.00	20268.49	    0.00	79731.51	    0.00	79731.51	0.000	1.204	0.999	16279.25	100	100	    0.00	    0.00	61613.28	18118.23	0.000	0.000
305.00	20268.49	    0.00	79731.51	    0.00	79731.51	0.000	1.204	0.999	16279.25	100	100	    0.00	    0.00	61613.28	18118.23	0.000	0.000
306.00	20268.49	    0.00	79731.51	    0.00	79731.51	0.000	1.204	0.999	16279.25	100	100	    0.00	    0.00	61613.28	18118.23	0.000	0.000
307.00	20268.49	    0.00	79731.51	    0.00	79731.51	0.000	1.204	0.999	16279.25	100	100	    0.00	    0.00	61613.28	18118.23	0.000	0.000
308.00	20268.49	    0.00	79731.51	    0.00	79731.51	0.000	1.204	0.999	16279.25	100	100	    0.00	    0.00	61613.28	18118.23	0.000	0.000
309.00	20268.49	    0.00	79731.51	    0.00	79731.51	0.000	1.204	0.999	16279.25	100	100	    0.00	    0.00	61613.28	18118.23	0.000	0.000
310.00	20268.49	    0.00	79731.51	    0.00	79731.51	0.000	1.204	0.999	16279.25	100	100	    0.00	    0.00	61613.28	18118.23	0.000	0.000
311.00	20268.49	    0.00	79731.51	    0.00	79731.51	0.000	1.204	0.999	16279.25	100	100	    0.00	    0.00	61613.28	18118.23	0.000	0.000
312.00	20268.49	    0.00	79731.51	    0.00	79731.51	0.000	1.204	0.999	16279.25	100	100	    0.00	    0.00	61613.28	18118.23	0.000	0.000
313.00	20268.49	    0.00	79731.51	    0.00	79731.51	0.000	1.204	0.999	16279.25	100	100	    0.00	    0.00	61613.28	18118.23	0.000	0.000
314.00	20268.49	    0.00	79731.51	    0.00	79731.51	0.000	1.204	0.999	16279.25	100	100	    0.00	    0.00	61613.28	18118.23	0.000	0.000
315.00	20268.49	    0.00	79731.51	    0.00	79731.51	0.000	1.204	0.999	16279.25	100	100	    0.00	    0.00	61613.28	18118.23	0.000	0.000
316.00	20268.49	    0.00	79731.51	    0.00	79731.51	0.000	1.204	0.999	16279.25	100	100	    0.00	    0.00	61613.28	18118.23	0.000	0.000
317.00	20268.49	    0.00	79731.51	    0.00	79731.51	0.000	1.204	0.999	16279.25	100	100	    0.00	    0.00	61613.28	18118.23	0.000	0.000
318.00	20268.49	    0.00	79731.51	    0.00	79731.51	0.000	1.204	0.999	16279.25	100	100	    0.00	    0.00	61613.28	18118.23	0.000	0.000
319.00	20268.49	    0.00	79731.51	    0.00	79731.51	0.000	1.204	0.999	16279.25	100	100	    0.00	    0.00	61613.28	18118.23	0.000	0.000
320.00	20268.49	    0.00	79731.51	    0.00	79731.51	0.000	1.204	0.999	16279.25	100	100	    0.00	    0.00	61613.28	18118.23	0.000	0.000
321.00	20268.49	    0.00	79731.51	    0.00	79731.51	0.000	1.204	0.999	16279.25	100	100	    0.00	    0.00	61613.28	18118.23	0.000	0.000
322.00	20268.49	    0.00	79731.51	    0.00	79731.51	0.000	1.204	0.999	16279.25	100	100	    0.00	    0.00	61613.28	18118.23	0.000	0.000
323.00	20268.49	    0.00	79731.51	    0.00	79731.51	0.000	1.204	0.999	16279.25	100	100	    0.00	    0.00	61613.28	18118.23	0.000	0.000
324.00	20268.49	    0.00	79731.51	    0.00	79731.51	0.000	1.204	0.999	16279.25	100	100	    0.00	    0.00	61613.28	18118.23	0.000	0.000
325.00	20268.49	    0.00	79731.51	    0.00	79731.51	0.000	1.204	0.999	16279.25	100	100	    0.00	    0.00	61613.28	18118.23	0.000	0.000
326.00	20268.49	    0.00	79731.51	    0.00	79731.51	0.000	1.204	0.999	16279.25	100	100	    0.00	    0.00	61613.28	18118.23	0.000	0.000
327.00	20268.49	    0.00	79731.51	    0.00	79731.51	0.000	1.204	0.999	16279.25	100	100	    0.00	    0.00	61613.28	18118.23	0.000	0.000
328.00	20268.49	    0.00	79731.51	    0.00	79731.51	0.000	1.204	0.999	16279.25	100	100	    0.00	    0.00	61613.28	18118.23	0.000	0.000
329.00	20268.49	    0.00	79731.51	    0.00	79731.51	0.000	1.204	0.999	16279.25	100	100	    0.00	    0.00	61613.28	18118.23	0.000	0.000
330.00	20268.49	    0.00	79731.51	    0.00	79731.51	0.000	1.204	0.999	16279.25	100	100	    0.00	    0.00	61613.28	18118.23	0.000	0.000
331.00	20268.49	    0.00	79731.51	    0.00	79731.51	0.000	1.204	0.999	16279.25	100	100	    0.00	    0.00	61613.28	18118.23	0.000	0.000
332.00	20268.49	    0.00	79731.51	    0.00	79731.51	0.000	1.204	0.999	16279.25	100	100	    0.00	    0.00	61613.28	18118.23	0.000	0.000
333.00	20268.49	    0.00	79731.51	    0.00	79731.51	0.000	1.204	0.999	16279.25	100	100	    0.00	    0.00	61613.28	18118.23	0.000	0.000
334.00	20268.49	    0.00	79731.51	    0.00	79731.51	0.000	1.204	0.999	16279.25	100	100	    0.00	    0.00	61613.28	18118.23	0.000	0.000
335.00	20268.49	    0.00	79731.51	    0.00	79731.51	0.000	1.204	0.999	16279.25	100	100	    0.00	    0.00	61613.28	18118.23	0.000	0.000
336.00	20268.49	    0.00	79731.51	    0.00	79731.51	0.000	1.204	0.999	16279.25	100	100	    0.00	    0.00	61613.28	18118.23	0.000	0.000
337.00	20268.49	    0.00	79731.51	    0.00	79731.51	0.000	1.204	0.999	16279.25	100	100	    0.00	    0.00	61613.28	18118.23	0.000	0.000
338.00	20268.49	    0.00	79731.51	    0.00	79731.51	0.000	1.204	0.999	16279.25	100	100	    0.00	    0.00	61613.28	18118.23	0.000	0.000
339.00	20268.49	    0.00	79731.51	    0.00	79731.51	0.000	1.204	0.999	16279.25	100	100	    0.00	    0.00	61613.28	18118.23	0.000	0.000
340.00	20268.49	    0.00	79731.51	    0.00	79731.51	0.000	1.204	0.999	16279.25	100	100	    0.00	    0.00	61613.28	18118.23	0.000	0.000
341.00	20268.49	    0.00	79731.51	    0.00	79731.51	0.000	1.204	0.999	16279.25	100	100	    0.00	    0.00	61613.28	18118.23	0.000	0.000
342.00	20268.49	    0.00	79731.51	    0.00	79731.51	0.000	1.204	0.999	16279.25	100	100	    0.00	    0.00	61613.28	18118.23	0.000	0.000
343.00	20268.49	    0.00	79731.51	    0.00	79731.51	0.000	1.204	0.999	16279.25	100	100	    0.00	    0.00	61613.28	18118.23	0.000	0.000
344.00	20268.49	    0.00	79731.51	    0.00	79731.51	0.000	1.204	0.999	16279.25	100	100	    0.00	    0.00	61613.28	18118.23	0.000	0.000
345.00	20268.49	    0.00	79731.51	    0.00	79731.51	0.000	1.204	0.999	16279.25	100	100	    0.00	    0.00	61613.28	18118.23	0.000	0.000
346.00	20268.49	    0.00	79731.51	    0.00	79731.51	0.000	1.204	0.999	16279.25	100	100	    0.00	    0.00	61613.28	18118.23	0.000	0.000
347.00	20268.49	    0.00	79731.51	    0.00	79731.51	0.000	1.204	0.999	16279.25	100	100	    0.00	    0.00	61613.28	18118.23	0.000	0.000
348.00	20268.49	    0.00	79731.51	    0.00	79731.51	0.000	1.204	0.999	16279.25	100	100	    0.00	    0.00	61613.28	18118.23	0.000	0.000
349.00	20268.49	    0.00	79731.51	    0.00	79731.51	0.000	1.204	0.999	16279.25	100	100	    0.00	    0.00	61613.28	18118.23	0.000	0.000
350.00	20268.49	    0.00	79731.51	    0.00	79731.51	0.000	1.204	0.999	16279.25	100	100	    0.00	    0.00	61613.28	18118.23	0.000	0.000
351.00	20268.49	    0.00	79731.51	    0.00	79731.51	0.000	1.204	0.999	16279.25	100	100	    0.00	    0.00	61613.28	18118.23	0.000	0.000
352.00	20268.49	    0.00	79731.51	    0.00	79731.51	0.000	1.204	0.999	16279.25	100	100	    0.00	    0.00	61613.28	18118.23	0.000	0.000
353.00	20268.49	    0.00	79731.51	    0.00	79731.51	0.000	1.204	0.999	16279.25	100	100	    0.00	    0.00	61613.28	18118.23	0.000	0.000
354.00	20268.49	    0.00	79731.51	    0.00	79731.51	0.000	1.204	0.999	16279.25	100	100	    0.00	    0.00	61613.28	18118.23	0.000	0.000
355.00	20268.49	    0.00	79731.51	    0.00	79731.51	0.000	1.204	0.999	16279.25	100	100	    0.00	    0.00	61613.28	18118.23	0.000	0.000
356.00	20268.49	    0.00	79731.51	    0.00	79731.51	0.000	1.204	0.999	16279.25	100	100	    0.00	    0.00	61613.28	18118.23	0.000	0.000
357.00	20268.49	    0.00	79731.51	    0.00	79731.51	0.000	1.204	0.999	16279.25	100	100	    0.00	    0.00	61613.28	18118.23	0.000	0.000
358.00	20268.49	    0.00	79731.51	    0.00	79731.51	0.000	1.204	0.999	16279.25	100	100	    0.00	    0.00	61613.28	18118.23	0.000	0.000
359.00	20268.49	    0.00	79731.51	    0.00	79731.51	0.000	1.204	0.999	16279.25	100	100	    0.00	    0.00	61613.28	18118.23	0.000	0.000
360.00	20268.49	    0.00	79731.51	    0.00	79731.51	0.000	1.204	0.999	16279.25	100	100	    0.00	    0.00	61613.28	18118.23	0.000	0.000
361.00	20268.49	    0.00	79731.51	    0.00	79731.51	0.000	1.204	0.999	16279.25	100	100	    0.00	    0.00	61613.28	18118.23	0.000	0.000
362.00	20268.49	    0.00	79731.51	    0.00	79731.51	0.000	1.204	0.999	16279.25	100	100	    0.00	    0.00	61613.28	18118.23	0.000	0.000
363.00	20268.49	    0.00	79731.51	    0.00	79731.51	0.000	1.204	0.999	16279.25	100	100	    0.00	    0.00	61613.28	18118.23	0.000	0.000
364.00	20268.49	    0.00	79731.51	    0.00	79731.51	0.000	1.204	0.999	16279.25	100	100	    0.00	    0.00	61613.28	18118.23	0.000	0.000
365.00	20268.49	    0.00	79731.51	    0.00	79731.51	0.000	1.204	0.999	16279.25	100	100	    0.00	    0.00	61613.28	18118.23	0.000	0.000
366.00	20268.49	    0.00	79731.51	    0.00	79731.51	0.000	1.204	0.999	16279.25	100	100	    0.00	    0.00	61613.28	18118.23	0.000	0.000
367.00	20268.49	    0.00	79731.51	    0.00	79731.51	0.000	1.204	0.999	16279.25	100	100	    0.00	    0.00	61613.28	18118.23	0.000	0.000
368.00	20268.49	    0.00	79731.51	    0.00	79731.51	0.000	1.204	0.999	16279.25	100	100	    0.00	    0.00	61613.28	18118.23	0.000	0.000
369.00	20268.49	    0.00	79731.51	    0.00	79731.51	0.000	1.204	0.999	16279.25	100	100	    0.00	    0.00	61613.28	18118.23	0.000	0.000
370.00	20268.49	    0.00	79731.51	    0.00	79731.51	0.000	1.204	0.999	16279.25	100	100	    0.00	    0.00	61613.28	18118.23	0.000	0.000
371.00	20268.49	    0.00	79731.51	    0.00	79731.51	0.000	1.204	0.999	16279.25	100	100	    0.00	    0.00	61613.28	18118.23	0.000	0.000
372.00	20268.49	    0.00	79731.51	    0.00	79731.51	0.000	1.204	0.999	16279.25	100	100	    0.00	    0.00	61613.28	18118.23	0.000	0.000
373.00	20268.49	    0.00	79731.51	    0.00	79731.51	0.000	1.204	0.999	16279.25	100	100	    0.00	    0.00	61613.28	18118.23	0.000	0.000
374.00	20268.49	    0.00	79731.51	    0.00	79731.51	0.000	1.204	0.999	16279.25	100	100	    0.00	    0.00	61613.28	18118.23	0.000	0.000
375.00	20268.49	    0.00	79731.51	    0.00	79731.51	0.000	1.204	0.999	16279.25	100	100	    0.00	    0.00	61613.28	18118.23	0.000	0.000
376.00	20268.49	    0.00	79731.51	    0.00	79731.51	0.000	1.204	0.999	16279.25	100	100	    0.00	    0.00	61613.28	18118.23	0.000	0.000
377.00	20268.49	    0.00	79731.51	    0.00	79731.51	0.000	1.204	0.999	16279.25	100	100	    0.00	    0.00	61613.28	18118.23	0.000	0.000
378.00	20268.49	    0.00	79731.51	    0.00	79731.51	0.000	1.204	0.999	16279.25	100	100	    0.00	    0.00	61613.28	18118.23	0.000	0.000
379.00	20268.49	    0.00	79731.51	    0.00	79731.51	0.000	1.204	0.999	16279.25	100	100	    0.00	    0.00	61613.28	18118.23	0.000	0.000
380.00	20268.49	    0.00	79731.51	    0.00	79731.51	0.000	1.204	0.999	16279.25	100	100	    0.00	    0.00	61613.28	18118.23	0.000	0.000
381.00	20268.49	    0.00	79731.51	    0.00	79731.51	0.000	1.204	0.999	16279.25	100	100	    0.00	    0.00	61613.28	18118.23	0.000	0.000
382.00	20268.49	    0.00	79731.51	    0.00	79731.51	0.000	1.204	0.999	16279.25	100	100	    0.00	    0.00	61613.28	18118.23	0.000	0.000
383.00	20268.49	    0.00	79731.51	    0.00	79731.51	0.000	1.204	0.999	16279.25	100	100	    0.00	    0.00	61613.28	18118.23	0.000	0.000
384.00	20268.49	    0.00	79731.51	    0.00	79731.51	0.000	1.204	0.999	16279.25	100	100	    0.00	    0.00	61613.28	18118.23	0.000	0.000
385.00	20268.49	    0.00	79731.51	    0.00	79731.51	0.000	1.204	0.999	16279.25	100	100	    0.00	    0.00	61613.28	18118.23	0.000	0.000
386.00	20268.49	    0.00	79731.51	    0.00	79731.51	0.000	1.204	0.999	16279.25	100	100	    0.00	    0.00	61613.28	18118.23	0.000	0.000
387.00	20268.49	    0.00	79731.51	    0.00	79731.51	0.000	1.204	0.999	16279.25	100	100	    0.00	    0.00	61613.28	18118.23	0.000	0.000
388.00	20268.49	    0.00	79731.51	    0.00	79731.51	0.000	1.204	0.999	16279.25	100	100	    0.00	    0.00	61613.28	18118.23	0.000	0.000
389.00	20268.49	    0.00	79731.51	    0.00	79731.51	0.000	1.204	0.999	16279.25	100	100	    0.00	    0.00	61613.28	18118.23	0.000	0.000
390.00	20268.49	    0.00	79731.51	    0.00	79731.51	0.000	1.204	0.999	16279.25	100	100	    0.00	    0.00	61613.28	18118.23	0.000	0.000
391.00	20268.49	    0.00	79731.51	    0.00	79731.51	0.000	1.204	0.999	16279.25	100	100	    0.00	    0.00	61613.28	18118.23	0.000	0.000
392.00	20268.49	    0.00	79731.51	    0.00	79731.51	0.000	1.204	0.999	16279.25	100	100	    0.00	    0.00	61613.28	18118.23	0.000	0.000
393.00	20268.49	    0.00	79731.51	    0.00	79731.51	0.000	1.204	0.999	16279.25	100	100	    0.00	    0.00	61613.28	18118.23	0.000	0.000
394.00	20268.49	    0.00	79731.51	    0.00	79731.51	0.000	1.204	0.999	16279.25	100	100	    0.00	    0.00	61613.28	18118.23	0.000	0.000
395.00	20268.49	    0.00	79731.51	    0.00	79731.51	0.000	1.204	0.999	16279.25	100	100	    0.00	    0.00	61613.28	18118.23	0.000	0.000
396.00	20268.49	    0.00	79731.51	    0.00	79731.51	0.000	1.204	0.999	16279.25	100	100	    0.00	    0.00	61613.28	18118.23	0.000	0.000
397.00	20268.49	    0.00	79731.51	    0.00	79731.51	0.000	1.204	0.999	16279.25	100	100	    0.00	    0.00	61613.28	18118.23	0.000	0.000
398.00	20268.49	    0.00	79731.51	    0.00	79731.51	0.000	1.204	0.999	16279.25	100	100	    0.00	    0.00	61613.28	18118.23	0.000	0.000
399.00	20268.49	    0.00	79731.51	    0.00	79731.51	0.000	1.204	0.999	16279.25	100	100	    0.00	    0.00	61613.28	18118.23	0.000	0.000
400.00	20268.49	    0.00	79731.51	    0.00	79731.51	0.000	1.204	0.999	16279.25	100	100	    0.00	    0.00	61613.28	18118.23	0.000	0.000
401.00	20268.49	    0.00	79731.51	    0.00	79731.51	0.000	1.204	0.999	16279.25	100	100	    0.00	    0.00	61613.28	18118.23	0.000	0.000
402.00	20268.49	    0.00	79731.51	    0.00	79731.51	0.000	1.204	0.999	16279.25	100	100	    0.00	    0.00	61613.28	18118.23	0.000	0.000
403.00	20268.49	    0.00	79731.51	    0.00	79731.51	0.000	1.204	0.999	16279.25	100	100	    0.00	    0.00	61613.28	18118.23	0.000	0.000
404.00	20268.49	    0.00	79731.51	    0.00	79731.51	0.000	1.204	0.999	16279.25	100	100	    0.00	    0.00	61613.28	18118.23	0.000	0.000
405.00	20268.49	    0.00	79731.51	    0.00	79731.51	0.000	1.204	0.999	16279.25	100	100	    0.00	    0.00	61613.28	18118.23	0.000	0.000
406.00	20268.49	    0.00	79731.51	    0.00	79731.51	0.000	1.204	0.999	16279.25	100	100	    0.00	    0.00	61613.28	18118.23	0.000	0.000
407.00	20268.49	    0.00	79731.51	    0.00	79731.51	0.000	1.204	0.999	16279.25	100	100	    0.00	    0.00	61613.28	18118.23	0.000	0.000
408.00	20268.49	    0.00	79731.51	    0.00	79731.51	0.000	1.204	0.999	16279.25	100	100	    0.00	    0.00	61613.28	18118.23	0.000	0.000
409.00	20268.49	    0.00	79731.51	    0.00	79731.51	0.000	1.204	0.999	16279.25	100	100	    0.00	    0.00	61613.28	18118.23	0.000	0.000
410.00	20268.49	    0.00	79731.51	    0.00	79731.51	0.000	1.204	0.999	16279.25	100	100	    0.00	    0.00	61613.28	18118.23	0.000	0.000
411.00	20268.49	    0.00	79731.51	    0.00	79731.51	0.000	1.204	0.999	16279.25	100	100	    0.00	    0.00	61613.28	18118.23	0.000	0.000
412.00	20268.49	    0.00	79731.51	    0.00	79731.51	0.000	1.204	0.999	16279.25	100	100	    0.00	    0.00	61613.28	18118.23	0.000	0.000
413.00	20268.49	    0.00	79731.51	    0.00	79731.51	0.000	1.204	0.999	16279.25	100	100	    0.00	    0.00	61613.28	18118.23	0.000	0.000
414.00	20268.49	    0.00	79731.51	    0.00	79731.51	0.000	1.204	0.999	16279.25	100	100	    0.00	    0.00	61613.28	18118.23	0.000	0.000
415.00	20268.49	    0.00	79731.51	    0.00	79731.51	0.000	1.204	0.999	16279.25	100	100	    0.00	    0.00	61613.28	18118.23	0.000	0.000
416.00	20268.49	    0.00	79731.51	    0.00	79731.51	0.000	1.204	0.999	16279.25	100	100	    0.00	    0.00	61613.28	18118.23	0.000	0.000
417.00	20268.49	    0.00	79731.51	    0.00	79731.51	0.000	1.204	0.999	16279.25	100	100	    0.00	    0.00	61613.28	18118.23	0.000	0.000
418.00	20268.49	    0.00	79731.51	    0.00	79731.51	0.000	1.204	0.999	16279.25	100	100	    0.00	    0.00	61613.28	18118.23	0.000	0.000
419.00	20268.49	    0.00	79731.51	    0.00	79731.51	0.000	1.204	0.999	16279.25	100	100	    0.00	    0.00	61613.28	18118.23	0.000	0.000
420.00	20268.49	    0.00	79731.51	    0.00	79731.51	0.000	1.204	0.999	16279.25	100	100	    0.00	    0.00	61613.28	18118.23	0.000	0.000
421.00	20268.49	    0.00	79731.51	    0.00	79731.51	0.000	1.204	0.999	16279.25	100	100	    0.00	    0.00	61613.28	18118.23	0.000	0.000
422.00	20268.49	    0.00	79731.51	    0.00	79731.51	0.000	1.204	0.999	16279.25	100	100	    0.00	    0.00	61613.28	18118.23	0.000	0.000
423.00	20268.49	    0.00	79731.51	    0.00	79731.51	0.000	1.204	0.999	16279.25	100	100	    0.00	    0.00	61613.28	18118.23	0.000	0.000
424.00	20268.49	    0.00	79731.51	    0.00	79731.51	0.000	1.204	0.999	16279.25	100	100	    0.00	    0.00	61613.28	18118.23	0.000	0.000
425.00	20268.49	    0.00	79731.51	    0.00	79731.51	0.000	1.204	0.999	16279.25	100	100	    0.00	    0.00	61613.28	18118.23	0.000	0.000
426.00	20268.49	    0.00	79731.51	    0.00	79731.51	0.000	1.204	0.999	16279.25	100	100	    0.00	    0.00	61613.28	18118.23	0.000	0.000
427.00	20268.49	    0.00	79731.51	    0.00	79731.51	0.000	1.204	0.999	16279.25	100	100	    0.00	    0.00	61613.28	18118.23	0.000	0.000
428.00	20268.49	    0.00	79731.51	    0.00	79731.51	0.000	1.204	0.999	16279.25	100	100	    0.00	    0.00	61613.28	18118.23	0.000	0.000
429.00	20268.49	    0.00	79731.51	    0.00	79731.51	0.000	1.204	0.999	16279.25	100	100	    0.00	    0.00	61613.28	18118.23	0.000	0.000
430.00	20268.49	    0.00	79731.51	    0.00	79731.51	0.000	1.204	0.999	16279.25	100	100	    0.00	    0.00	61613.28	18118.23	0.000	0.000
431.00	20268.49	    0.00	79731.51	    0.00	79731.51	0.000	1.204	0.999	16279.25	100	100	    0.00	    0.00	61613.28	18118.23	0.000	0.000
432.00	20268.49	    0.00	79731.51	    0.00	79731.51	0.000	1.204	0.999	16279.25	100	100	    0.00	    0.00	61613.28	18118.23	0.000	0.000
433.00	20268.49	    0.00	79731.51	    0.00	79731.51	0.000	1.204	0.999	16279.25	100	100	    0.00	    0.00	61613.28	18118.23	0.000	0.000
434.00	20268.49	    0.00	79731.51	    0.00	79731.51	0.000	1.204	0.999	16279.25	100	100	    0.00	    0.00	61613.28	18118.23	0.000	0.000
435.00	20268.49	    0.00	79731.51	    0.00	79731.51	0.000	1.204	0.999	16279.25	100	100	    0.00	    0.00	61613.28	18118.23	0.000	0.000
436.00	20268.49	    0.00	79731.51	    0.00	79731.51	0.000	1.204	0.999	16279.25	100	100	    0.00	    0.00	61613.28	18118.23	0.000	0.000
437.00	20268.49	    0.00	79731.51	    0.00	79731.51	0.000	1.204	0.999	16279.25	100	100	    0.00	    0.00	61613.28	18118.23	0.000	0.000
438.00	20268.49	    0.00	79731.51	    0.00	79731.51	0.000	1.204	0.999	16279.25	100	100	    0.00	    0.00	61613.28	18118.23	0.000	0.000
439.00	20268.49	    0.00	79731.51	    0.00	79731.51	0.000	1.204	0.999	16279.25	100	100	    0.00	    0.00	61613.28	18118.23	0.000	0.000
440.00	20268.49	    0.00	79731.51	    0.00	79731.51	0.000	1.204	0.999	16279.25	100	100	    0.00	    0.00	61613.28	18118.23	0.000	0.000
441.00	20268.49	    0.00	79731.51	    0.00	79731.51	0.000	1.204	0.999	16279.25	100	100	    0.00	    0.00	61613.28	18118.23	0.000	0.000
442.00	20268.49	    0.00	79731.51	    0.00	79731.51	0.000	1.204	0.999	16279.25	100	100	    0.00	    0.00	61613.28	18118.23	0.000	0.000
443.00	20268.49	    0.00	79731.51	    0.00	79731.51	0.000	1.204	0.999	16279.25	100	100	    0.00	    0.00	61613.28	18118.23	0.000	0.000
444.00	20268.49	    0.00	79731.51	    0.00	79731.51	0.000	1.204	0.999	16279.25	100	100	    0.00	    0.00	61613.28	18118.23	0.000	0.000
445.00	20268.49	    0.00	79731.51	    0.00	79731.51	0.000	1.204	0.999	16279.25	100	100	    0.00	    0.00	61613.28	18118.23	0.000	0.000
446.00	20268.49	    0.00	79731.51	    0.00	79731.51	0.000	1.204	0.999	16279.25	100	100	    0.00	    0.00	61613.28	18118.23	0.000	0.000
447.00	20268.49	    0.00	79731.51	    0.00	79731.51	0.000	1.204	0.999	16279.25	100	100	    0.00	    0.00	61613.28	18118.23	0.000	0.000
448.00	20268.49	    0.00	79731.51	    0.00	79731.51	0.000	1.204	0.999	16279.25	100	100	    0.00	    0.00	61613.28	18118.23	0.000	0.000
449.00	20268.49	    0.00	79731.51	    0.00	79731.51	0.000	1.204	0.999	16279.25	100	100	    0.00	    0.00	61613.28	18118.23	0.000	0.000
450.00	20268.49	    0.00	79731.51	    0.00	79731.51	0.000	1.204	0.999	16279.25	100	100	    0.00	    0.00	61613.28	18118.23	0.000	0.000
451.00	20268.49	    0.00	79731.51	    0.00	79731.51	0.000	1.204	0.999	16279.25	100	100	    0.00	    0.00	61613.28	18118.23	0.000	0.000
452.00	20268.49	    0.00	79731.51	    0.00	79731.51	0.000	1.204	0.999	16279.25	100	100	    0.00	    0.00	61613.28	18118.23	0.000	0.000
453.00	20268.49	    0.00	79731.51	    0.00	79731.51	0.000	1.204	0.999	16279.25	100	100	    0.00	    0.00	61613.28	18118.23	0.000	0.000
454.00	20268.49	    0.00	79731.51	    0.00	79731.51	0.000	1.204	0.999	16279.25	100	100	    0.00	    0.00	61613.28	18118.23	0.000	0.000
455.00	20268.49	    0.00	79731.51	    0.00	79731.51	0.000	1.204	0.999	16279.25	100	100	    0.00	    0.00	61613.28	18118.23	0.000	0.000
456.00	20268.49	    0.00	79731.51	    0.00	79731.51	0.000	1.204	0.999	16279.25	100	100	    0.00	    0.00	61613.28	18118.23	0.000	0.000
457.00	20268.49	    0.00	79731.51	    0.00	79731.51	0.000	1.204	0.999	16279.25	100	100	    0.00	    0.00	61613.28	18118.23	0.000	0.000
458.00	20268.49	    0.00	79731.51	    0.00	79731.51	0.000	1.204	0.999	16279.25	100	100	    0.00	    0.00	61613.28	18118.23	0.000	0.000
459.00	20268.49	    0.00	79731.51	    0.00	79731.51	0.000	1.204	0.999	16279.25	100	100	    0.00	    0.00	61613.28	18118.23	0.000	0.000
460.00	20268.49	    0.00	79731.51	    0.00	79731.51	0.000	1.204	0.999	16279.25	100	100	    0.00	    0.00	61613.28	18118.23	0.000	0.000
461.00	20268.49	    0.00	79731.51	    0.00	79731.51	0.000	1.204	0.999	16279.25	100	100	    0.00	    0.00	61613.28	18118.23	0.000	0.000
462.00	20268.49	    0.00	79731.51	    0.00	79731.51	0.000	1.204	0.999	16279.25	100	100	    0.00	    0.00	61613.28	18118.23	0.000	0.000
463.00	20268.49	    0.00	79731.51	    0.00	79731.51	0.000	1.204	0.999	16279.25	100	100	    0.00	    0.00	61613.28	18118.23	0.000	0.000
464.00	20268.49	    0.00	79731.51	    0.00	79731.51	0.000	1.204	0.999	16279.25	100	100	    0.00	    0.00	61613.28	18118.23	0.000	0.000
465.00	20268.49	    0.00	79731.51	    0.00	79731.51	0.000	1.204	0.999	16279.25	100	100	    0.00	    0.00	61613.28	18118.23	0.000	0.000
466.00	20268.49	    0.00	79731.51	    0.00	79731.51	0.000	1.204	0.999	16279.25	100	100	    0.00	    0.00	61613.28	18118.23	0.000	0.000
467.00	20268.49	    0.00	79731.51	    0.00	79731.51	0.000	1.204	0.999	16279.25	100	100	    0.00	    0.00	61613.28	18118.23	0.000	0.000
468.00	20268.49	    0.00	79731.51	    0.00	79731.51	0.000	1.204	0.999	16279.25	100	100	    0.00	    0.00	61613.28	18118.23	0.000	0.000
469.00	20268.49	    0.00	79731.51	    0.00	79731.51	0.000	1.204	0.999	16279.25	100	100	    0.00	    0.00	61613.28	18118.23	0.000	0.000
470.00	20268.49	    0.00	79731.51	    0.00	79731.51	0.000	1.204	0.999	16279.25	100	100	    0.00	    0.00	61613.28	18118.23	0.000	0.000
471.00	20268.49	    0.00	79731.51	    0.00	79731.51	0.000	1.204	0.999	16279.25	100	100	    0.00	    0.00	61613.28	18118.23	0.000	0.000
472.00	20268.49	    0.00	79731.51	    0.00	79731.51	0.000	1.204	0.999	16279.25	100	100	    0.00	    0.00	61613.28	18118.23	0.000	0.000
473.00	20268.49	    0.00	79731.51	    0.00	79731.51	0.000	1.204	0.999	16279.25	100	100	    0.00	    0.00	61613.28	18118.23	0.000	0.000
474.00	20268.49	    0.00	79731.51	    0.00	79731.51	0.000	1.204	0.999	16279.25	100	100	    0.00	    0.00	61613.28	18118.23	0.000	0.000
475.00	20268.49	    0.00	79731.51	    0.00	79731.51	0.000	1.204	0.999	16279.25	100	100	    0.00	    0.00	61613.28	18118.23	0.000	0.000
476.00	20268.49	    0.00	79731.51	    0.00	79731.51	0.000	1.204	0.999	16279.25	100	100	    0.00	    0.00	61613.28	18118.23	0.000	0.000
477.00	20268.49	    0.00	79731.51	    0.00	79731.51	0.000	1.204	0.999	16279.25	100	100	    0.00	    0.00	61613.28	18118.23	0.000	0.000
478.00	20268.49	    0.00	79731.51	    0.00	79731.51	0.000	1.204	0.999	16279.25	100	100	    0.00	    0.00	61613.28	18118.23	0.000	0.000
479.00	20268.49	    0.00	79731.51	    0.00	79731.51	0.000	1.204	0.999	16279.25	100	100	    0.00	    0.00	61613.28	18118.23	0.000	0.000
480.00	20268.49	    0.00	79731.51	    0.00	79731.51	0.000	1.204	0.999	16279.25	100	100	    0.00	    0.00	61613.28	18118.23	0.000	0.000
481.00	20268.49	    0.00	79731.51	    0.00	79731.51	0.000	1.204	0.999	16279.25	100	100	    0.00	    0.00	61613.28	18118.23	0.000	0.000
482.00	20268.49	    0.00	79731.51	    0.00	79731.51	0.000	1.204	0.999	16279.25	100	100	    0.00	    0.00	61613.28	18118.23	0.000	0.000
483.00	20268.49	    0.00	79731.51	    0.00	79731.51	0.000	1.204	0.999	16279.25	100	100	    0.00	    0.00	61613.28	18118.23	0.000	0.000
484.00	20268.49	    0.00	79731.51	    0.00	79731.51	0.000	1.204	0.999	16279.25	100	100	    0.00	    0.00	61613.28	18118.23	0.000	0.000
485.00	20268.49	    0.00	79731.51	    0.00	79731.51	0.000	1.204	0.999	16279.25	100	100	    0.00	    0.00	61613.28	18118.23	0.000	0.000
486.00	20268.49	    0.00	79731.51	    0.00	79731.51	0.000	1.204	0.999	16279.25	100	100	    0.00	    0.00	61613.28	18118.23	0.000	0.000
487.00	20268.49	    0.00	79731.51	    0.00	79731.51	0.000	1.204	0.999	16279.25	100	100	    0.00	    0.00	61613.28	18118.23	0.000	0.000
488.00	20268.49	    0.00	79731.51	    0.00	79731.51	0.000	1.204	0.999	16279.25	100	100	    0.00	    0.00	61613.28	18118.23	0.000	0.000
489.00	20268.49	    0.00	79731.51	    0.00	79731.51	0.000	1.204	0.999	16279.25	100	100	    0.00	    0.00	61613.28	18118.23	0.000	0.000
490.00	20268.49	    0.00	79731.51	    0.00	79731.51	0.000	1.204	0.999	16279.25	100	100	    0.00	    0.00	61613.28	18118.23	0.000	0.000
491.00	20268.49	    0.00	79731.51	    0.00	79731.51	0.000	1.204	0.999	16279.25	100	100	    0.00	    0.00	61613.28	18118.23	0.000	0.000
492.00	20268.49	    0.00	79731.51	    0.00	79731.51	0.000	1.204	0.999	16279.25	100	100	    0.00	    0.00	61613.28	18118.23	0.000	0.000
493.00	20268.49	    0.00	79731.51	    0.00	79731.51	0.000	1.204	0.999	16279.25	100	100	    0.00	    0.00	61613.28	18118.23	0.000	0.000
494.00	20268.49	    0.00	79731.51	    0.00	79731.51	0.000	1.204	0.999	16279.25	100	100	    0.00	    0.00	61613.28	18118.23	0.000	0.000
495.00	20268.49	    0.00	79731.51	    0.00	79731.51	0.000	1.204	0.999	16279.25	100	100	    0.00	    0.00	61613.28	18118.23	0.000	0.000
496.00	20268.49	    0.00	79731.51	    0.00	79731.51	0.000	1.204	0.999	16279.25	100	100	    0.00	    0.00	61613.28	18118.23	0.000	0.000
497.00	20268.49	    0.00	79731.51	    0.00	79731.51	0.000	1.204	0.999	16279.25	100	100	    0.00	    0.00	61613.28	18118.23	0.000	0.000
498.00	20268.49	    0.00	79731.51	    0.00	79731.51	0.000	1.204	0.999	16279.25	100	100	    0.00	    0.00	61613.28	18118.23	0.000	0.000
499.00	20268.49	    0.00	79731.51	    0.00	79731.51	0.000	1.204	0.999	16279.25	100	100	    0.00	    0.00	61613.28	18118.23	0.000	0.000
500.00	20268.49	    0.00	79731.51	    0.00	79731.51	0.000	1.204	0.999	16279.25	100	100	    0.00	    0.00	61613.28	18118.23	0.000	0.000
